0 0.00168105333 -0.0119387537 4.42314692e-313 0.999999993 0 0 0.000118684779 0 0 0 
0 0.00732387573 -0.00343231984 7.74050712e-313 0.999999925 0 0 0.000388229028 0 0 0 
0 -0.000999600399 -0.00583865208 1.15317759e-312 0.999999927 0 0 0.000382998046 0 0 0 
0 -0.00379151142 -0.00584510877 1.59549228e-312 0.999999857 0 0 0.000534773353 0 0 0 
0 0.00619935833 -0.00831404485 1.9272283e-312 0.999999956 0 0 0.000296004367 0 0 0 
0 0.00239310169 -0.00554680957 2.30635518e-312 0.99999935 0 0 0.00114045146 0 0 0 
0 -0.00118261559 -0.00898601661 2.68548206e-312 0.999999857 0 0 0.00053441998 0 0 0 
0 -4.17519442e-05 -0.011007956 3.06460894e-312 0.999999879 0 0 0.000491260318 0 0 0 
0 -0.000648797357 -0.0129328338 3.3594854e-312 0.999999897 0 0 0.00045304349 0 0 0 
0 -0.0049258382 -0.0155369472 3.69122142e-312 0.999999965 0 0 0.000264993982 0 0 0 
0 -0.0123663895 -0.0245783422 4.13353611e-312 0.999999856 0 0 0.000536030151 0 0 0 
0 -0.0227427148 -0.0234727505 4.51266299e-312 0.99999958 -0 -0 -0.000916602026 0 0 0 
0 -0.0304751863 -0.029663466 4.84439901e-312 0.99999985 -0 -0 -0.000548599355 0 0 0 
0 -0.0279131776 -0.01931773 5.22352589e-312 0.999999993 -0 -0 -0.000116564624 0 0 0 
0 -0.0174500298 -0.0221046342 5.60265277e-312 0.999999858 -0 -0 -0.000533449709 0 0 0 
0 -0.0307465396 -0.0352060136 6.04496746e-312 0.999999932 -0 -0 -0.000368195813 0 0 0 
0 -0.0194827431 -0.0179011915 6.37670348e-312 1 0 0 2.02112958e-05 0 0 0 
0 -0.0194680507 -0.0233315188 6.7084395e-312 0.999999797 0 0 0.000637139877 0 0 0 
0 -0.0197512137 -0.0311978563 7.04017552e-312 0.999999993 -0 -0 -0.000116807944 0 0 0 
0 -0.0211967186 -0.0176032475 7.37191154e-312 0.999999916 0 0 0.000410186987 0 0 0 
0 -0.0107893285 -0.0047298481 7.75103842e-312 0.999999999 -0 -0 -4.07725116e-05 0 0 0 
0 -0.0337936501 0.0012828367 8.08277444e-312 0.999999634 -0 -0 -0.000855238798 0 0 0 
0 -0.0303898156 -0.00915639225 8.41451046e-312 0.999999993 -0 -0 -0.000118437283 0 0 0 
0 -0.0181833701 -0.00646768352 8.74624648e-312 0.999999999 -0 -0 -4.6500094e-05 0 0 0 
0 -0.0302472047 -0.0180552378 9.04112294e-312 0.99999999 -0 -0 -0.000142090424 0 0 0 
0 -0.0348755193 -0.00232447614 9.3359994e-312 0.999999973 -0 -0 -0.00023152082 0 0 0 
0 -0.041835487 -0.00655466247 9.63087586e-312 0.999999742 0 0 0.000718763301 0 0 0 
0 -0.0586293994 -0.0167775711 9.89626468e-312 1 -0 -0 -1.8160931e-05 0 0 0 
0 -0.0558484859 -0.00943355646 1.01911411e-311 0.999999709 0 0 0.000762614552 0 0 0 
0 -0.0640420768 -0.00887313168 1.04860176e-311 0.999999993 0 0 0.000116265761 0 0 0 
0 -0.10160637 -0.019362037 1.08177536e-311 0.999999996 -0 -0 -8.48308797e-05 0 0 0 
0 -0.109217264 -0.0148295878 1.11494896e-311 0.999999726 -0 -0 -0.000739796051 0 0 0 
0 -0.120390571 -0.0216494443 1.14443661e-311 0.999999626 -0 -0 -0.000865104814 0 0 0 
0 -0.154791851 -0.00287219796 1.17761021e-311 0.99999982 0 0 0.000600058348 0 0 0 
0 -0.203729728 -0.0442299218 1.21078381e-311 0.999999955 -0 -0 -0.000301225198 0 0 0 
0 -0.214207458 -0.0275231825 1.24395742e-311 0.999999886 -0 -0 -0.000477074674 0 0 0 
0 -0.27916804 -0.0387690875 1.27713102e-311 0.999999843 -0 -0 -0.000560648063 0 0 0 
0 -0.288683839 -0.0598292728 1.30661866e-311 0.999999522 -0 -0 -0.00097747297 0 0 0 
0 -0.322665027 -0.0431821899 1.33979227e-311 0.999999891 0 0 0.000467129381 0 0 0 
0 -0.339158034 -0.0273064031 1.37770495e-311 0.999999067 0 0 0.00136615488 0 0 0 
0 -0.326892865 -0.0144407134 1.41087856e-311 0.999994584 0 0 0.0032912809 0 0 0 
0 -0.389332343 -0.0142799343 1.44879124e-311 0.999995928 0 0 0.0028536685 0 0 0 
0 -0.440873846 -0.00383774289 1.49302271e-311 0.999997776 0 0 0.00210883219 0 0 0 
0 -0.438266734 0.00118190071 1.53725418e-311 0.999989203 0 0 0.0046470179 0 0 0 
0 -0.453346469 -0.0306357436 1.57516687e-311 0.999994228 0 0 0.00339763143 0 0 0 
0 -0.497941277 -0.0256209172 1.61307956e-311 0.999988197 0 0 0.00485863565 0 0 0 
0 -0.579192475 -0.0177043835 1.6425672e-311 0.999999208 0 0 0.00125830033 0 0 0 
0 -0.598069622 -0.0220377992 1.68047989e-311 0.999997309 0 0 0.00231976801 0 0 0 
0 -0.641591328 -0.0284151736 1.71839258e-311 0.999993093 0 0 0.00371663173 0 0 0 
0 -0.676573657 -0.0540932473 1.75156618e-311 0.999994909 0 0 0.00319080245 0 0 0 
0 -0.723788565 -0.0826553444 1.78473978e-311 0.999991964 0 0 0.0040091063 0 0 0 
0 -0.805908109 -0.0758629675 1.82265247e-311 0.999992602 0 0 0.00384664956 0 0 0 
0 -0.831501305 -0.0656221977 1.86056516e-311 0.99999339 0 0 0.00363599376 0 0 0 
0 -0.911639252 -0.0599647183 1.90479663e-311 0.999992784 0 0 0.00379905356 0 0 0 
0 -0.935649209 -0.0701491027 1.95787439e-311 0.999987339 0 0 0.00503207154 0 0 0 
0 -1.00259365 -0.0857473483 1.98736204e-311 0.999986582 0 0 0.00518026702 0 0 0 
0 -1.04904126 -0.101697877 2.01684968e-311 0.999977277 0 0 0.00674137196 0 0 0 
0 -1.09298881 -0.0891885303 2.05002329e-311 0.999974163 0 0 0.00718836986 0 0 0 
0 -1.12352064 -0.0952119951 2.08319689e-311 0.99995733 0 0 0.00923791328 0 0 0 
0 -1.20606718 -0.0850399012 2.11268453e-311 0.999962118 0 0 0.00870422339 0 0 0 
0 -1.27904969 -0.068319054 2.13922342e-311 0.999941496 0 0 0.010816841 0 0 0 
0 -1.32204198 -0.0844108228 2.17239702e-311 0.999940925 0 0 0.0108694898 0 0 0 
0 -1.37487826 -0.0765077839 2.20557062e-311 0.999930368 0 0 0.0118008434 0 0 0 
0 -1.47641549 -0.0768153112 2.23874422e-311 0.999899453 0 0 0.0141803849 0 0 0 
0 -1.55656927 -0.0891809907 2.26823187e-311 0.999886347 0 0 0.0150762587 0 0 0 
0 -1.63987417 -0.074311793 2.30140547e-311 0.999864331 0 0 0.0164717532 0 0 0 
0 -1.71457477 -0.0783623751 2.33457907e-311 0.999842064 0 0 0.0177721056 0 0 0 
0 -1.76806085 -0.0866577458 2.36775267e-311 0.999798218 0 0 0.0200878922 0 0 0 
0 -1.87627354 -0.0641375116 2.41198414e-311 0.999822141 0 0 0.0188596748 0 0 0 
0 -1.97470254 -0.0957605359 2.45621561e-311 0.999844256 0 0 0.0176483482 0 0 0 
0 -2.0163336 -0.0744534362 2.4941283e-311 0.999908705 0 0 0.0135122847 0 0 0 
0 -2.1804319 -0.0891688526 2.54720606e-311 0.999904653 0 0 0.0138088765 0 0 0 
0 -2.22545389 -0.141768384 2.58037966e-311 0.999948317 0 0 0.0101667799 0 0 0 
0 -2.40029366 -0.129902718 2.61829235e-311 0.99996937 0 0 0.00782675438 0 0 0 
0 -2.4889156 -0.168121394 2.64483123e-311 0.999988137 0 0 0.00487090346 0 0 0 
0 -2.5984357 -0.143063018 2.6890627e-311 0.999999775 0 0 0.000670249106 0 0 0 
0 -2.68456226 -0.172108686 2.73329417e-311 0.999999968 -0 -0 -0.000253083882 0 0 0 
0 -2.81637979 -0.172876 2.77752564e-311 0.999995985 -0 -0 -0.0028338693 0 0 0 
0 -2.97605027 -0.202314103 2.81543833e-311 0.999983579 -0 -0 -0.00573079695 0 0 0 
0 -3.05972226 -0.222039652 2.84492598e-311 0.999974288 -0 -0 -0.0071709467 0 0 0 
0 -3.14042603 -0.246581688 2.87441362e-311 0.999974485 -0 -0 -0.00714354457 0 0 0 
0 -3.28242276 -0.267189711 2.90390127e-311 0.999958216 -0 -0 -0.00914150012 0 0 0 
0 -3.39788416 -0.275095535 2.93707487e-311 0.999931551 -0 -0 -0.0117001513 0 0 0 
0 -3.56479816 -0.167569676 2.96361375e-311 0.999907836 -0 -0 -0.0135764044 0 0 0 
0 -3.67722087 -0.160960396 2.9931014e-311 0.999894032 -0 -0 -0.0145576585 0 0 0 
0 -3.89426146 0.0034651172 3.03101409e-311 0.999851289 -0 -0 -0.0172452681 0 0 0 
0 -4.00960695 -0.0142793127 3.06892677e-311 0.999801477 -0 -0 -0.019925026 0 0 0 
0 -4.1051144 -0.0415064918 3.10683946e-311 0.999773996 -0 -0 -0.0212592992 0 0 0 
0 -4.23667769 -0.0479732272 3.14001306e-311 0.999712354 -0 -0 -0.0239835025 0 0 0 
0 -4.39345315 -0.101090396 3.17318667e-311 0.999660613 -0 -0 -0.0260510976 0 0 0 
0 -4.44581477 -0.111778278 3.21109935e-311 0.999615283 -0 -0 -0.02773599 0 0 0 
0 -4.59976512 -0.0974668488 3.25533082e-311 0.999641328 -0 -0 -0.0267808747 0 0 0 
0 -4.78513469 -0.094686473 3.29324351e-311 0.999590917 -0 -0 -0.0286006851 0 0 0 
0 -4.88030155 -0.10775041 3.33747498e-311 0.999643741 -0 -0 -0.0266906578 0 0 0 
0 -5.05790932 -0.0578462875 3.38170645e-311 0.999647213 -0 -0 -0.0265602827 0 0 0 
0 -5.1831837 -0.0446446019 3.41488005e-311 0.999668057 -0 -0 -0.0257638341 0 0 0 
0 -5.31887753 -0.0762465395 3.45279274e-311 0.999671354 -0 -0 -0.0256355921 0 0 0 
0 -5.396185 -0.0602477583 3.49702421e-311 0.999696405 -0 -0 -0.0246393727 0 0 0 
0 -5.44887129 -0.0697964273 3.5349369e-311 0.99972918 -0 -0 -0.0232715799 0 0 0 
0 -5.57980661 -0.0843275551 3.5681105e-311 0.999667912 -0 -0 -0.0257694874 0 0 0 
0 -5.68627057 -0.11205423 3.6012841e-311 0.99955469 -0 -0 -0.0298399486 0 0 0 
0 -5.77700335 -0.120273723 3.62541036e-311 0.999473873 -0 -0 -0.0324341975 0 0 0 
0 -5.87508161 -0.160005546 3.65194924e-311 0.999403331 -0 -0 -0.0345395812 0 0 0 
0 -5.95258432 -0.186766348 3.67607549e-311 0.999349638 -0 -0 -0.0360596851 0 0 0 
0 -6.05946474 -0.201598567 3.70261437e-311 0.999361166 -0 -0 -0.0357387781 0 0 0 
0 -6.15990625 -0.203784774 3.72915326e-311 0.999335722 -0 -0 -0.0364433011 0 0 0 
0 -6.25581873 -0.216732292 3.75327951e-311 0.999298188 -0 -0 -0.0374583951 0 0 0 
0 -6.32661451 -0.226838599 3.77740577e-311 0.999302973 -0 -0 -0.0373305264 0 0 0 
0 -6.43069615 -0.217824224 3.80394465e-311 0.999269085 -0 -0 -0.0382268882 0 0 0 
0 -6.53897176 -0.211161834 3.83048353e-311 0.999211642 -0 -0 -0.0397000689 0 0 0 
0 -6.62384536 -0.232102785 3.85702241e-311 0.999156735 -0 -0 -0.0410587259 0 0 0 
0 -6.73769025 -0.230278847 3.88651006e-311 0.99907081 -0 -0 -0.0430989194 0 0 0 
0 -6.83062502 -0.236596851 3.91304894e-311 0.998984806 -0 -0 -0.0450483933 0 0 0 
0 -6.951964 -0.265211456 3.93958782e-311 0.998910336 -0 -0 -0.0466705555 0 0 0 
0 -7.03549171 -0.269571372 3.96907547e-311 0.998905146 -0 -0 -0.0467815019 0 0 0 
0 -7.14729505 -0.29930036 3.99856311e-311 0.998837492 -0 -0 -0.0482044033 0 0 0 
0 -7.2775172 -0.317398414 4.02805076e-311 0.99876276 -0 -0 -0.0497287614 0 0 0 
0 -7.40611018 -0.340750125 4.05753841e-311 0.998661409 -0 -0 -0.0517241691 0 0 0 
0 -7.53232223 -0.368491282 4.09071201e-311 0.998556801 -0 -0 -0.0537058261 0 0 0 
0 -7.95567858 -0.428198961 4.12019966e-311 0.998174579 -0 -0 -0.0603946221 0 0 0 
0 -8.0710671 -0.44859001 4.15337326e-311 0.998088865 -0 -0 -0.0617949627 0 0 0 
0 -8.17491932 -0.433933817 4.19760473e-311 0.998004773 -0 -0 -0.0631385182 0 0 0 
0 -8.28842457 -0.4588983 4.23077833e-311 0.997929272 -0 -0 -0.0643208201 0 0 0 
0 -8.38008708 -0.464921124 4.26395193e-311 0.997837883 -0 -0 -0.065723354 0 0 0 
0 -8.48721627 -0.474195391 4.30186462e-311 0.997669914 -0 -0 -0.0682256711 0 0 0 
0 -8.61806456 -0.491842981 4.33977731e-311 0.997578339 -0 -0 -0.0695518387 0 0 0 
0 -8.75699947 -0.548043901 4.37295091e-311 0.997445209 -0 -0 -0.0714356762 0 0 0 
0 -8.85681769 -0.5519198 4.4108636e-311 0.997360383 -0 -0 -0.0726103717 0 0 0 
0 -9.01287077 -0.572201978 4.44877628e-311 0.997332877 -0 -0 -0.0729872091 0 0 0 
0 -9.13868017 -0.588340312 4.48194989e-311 0.997222103 -0 -0 -0.0744854127 0 0 0 
0 -9.26152207 -0.581003745 4.51512349e-311 0.997123056 -0 -0 -0.0757998134 0 0 0 
0 -9.42852844 -0.558599371 4.54461113e-311 0.997152541 -0 -0 -0.0754109354 0 0 0 
0 -9.54317918 -0.536223446 4.57115002e-311 0.997005112 -0 -0 -0.0773356808 0 0 0 
0 -9.69951975 -0.578051048 4.60063766e-311 0.996907902 -0 -0 -0.0785788417 0 0 0 
0 -9.82144548 -0.590254112 4.63381126e-311 0.996892355 -0 -0 -0.078775835 0 0 0 
0 -9.94757713 -0.593314126 4.66035014e-311 0.997000294 -0 -0 -0.0773977694 0 0 0 
0 -10.0826081 -0.593814844 4.69352375e-311 0.996955475 -0 -0 -0.0779729484 0 0 0 
0 -10.1973635 -0.598547941 4.72669735e-311 0.997062013 -0 -0 -0.0765985841 0 0 0 
0 -10.3198945 -0.620699769 4.76461004e-311 0.997363448 -0 -0 -0.0725682558 0 0 0 
0 -10.4475061 -0.592967607 4.79778364e-311 0.997293943 -0 -0 -0.0735172916 0 0 0 
0 -10.5666834 -0.589846604 4.83095724e-311 0.997388265 -0 -0 -0.0722263743 0 0 0 
0 -10.716007 -0.616528023 4.884035e-311 0.997555086 -0 -0 -0.069884553 0 0 0 
0 -10.8537151 -0.593261462 4.92194769e-311 0.997632072 -0 -0 -0.0687768105 0 0 0 
0 -10.9626213 -0.561471138 4.96617916e-311 0.997826697 -0 -0 -0.0658929709 0 0 0 
0 -11.065904 -0.523590718 5.01041063e-311 0.997910889 -0 -0 -0.0646053979 0 0 0 
0 -11.2443776 -0.51361361 5.04832332e-311 0.998151481 -0 -0 -0.0607751639 0 0 0 
0 -11.4110646 -0.50045023 5.0748622e-311 0.998237063 -0 -0 -0.0593528894 0 0 0 
0 -11.5155738 -0.482076357 5.10434985e-311 0.998422542 -0 -0 -0.0561464803 0 0 0 
0 -11.6545875 -0.446621623 5.14858131e-311 0.99849417 -0 -0 -0.0548579233 0 0 0 
0 -11.7821738 -0.418187806 5.186494e-311 0.998644455 -0 -0 -0.0520504781 0 0 0 
0 -11.8854222 -0.43165799 5.2196676e-311 0.998808259 -0 -0 -0.0488063744 0 0 0 
0 -11.9891976 -0.417915919 5.27274537e-311 0.99890255 -0 -0 -0.046836914 0 0 0 
0 -12.1405882 -0.404327164 5.32582313e-311 0.998828434 -0 -0 -0.0483917336 0 0 0 
0 -12.3033174 -0.423086717 5.37890089e-311 0.998851507 -0 -0 -0.0479131227 0 0 0 
0 -12.4063635 -0.464980384 5.42313236e-311 0.998907359 -0 -0 -0.0467342215 0 0 0 
0 -12.5209881 -0.468107799 5.48947957e-311 0.998933168 -0 -0 -0.0461792778 0 0 0 
0 -12.6272558 -0.498456748 5.55582677e-311 0.998951943 -0 -0 -0.0457713509 0 0 0 
0 -12.7720643 -0.481235075 5.62217397e-311 0.998919772 -0 -0 -0.0464681498 0 0 0 
0 -12.8353843 -0.454700816 5.68852118e-311 0.998884688 -0 -0 -0.0472163161 0 0 0 
0 -12.992643 -0.455225216 5.74159894e-311 0.998903622 -0 -0 -0.0468140465 0 0 0 
0 -13.0972492 -0.410293944 5.7946767e-311 0.999060991 -0 -0 -0.043325939 0 0 0 
0 -13.2017567 -0.450857293 5.83890817e-311 0.998922113 -0 -0 -0.0464177933 0 0 0 
0 -13.3199069 -0.451630782 5.88313964e-311 0.998936786 -0 -0 -0.0461009531 0 0 0 
0 -13.4069961 -0.463251901 5.92737111e-311 0.998826404 -0 -0 -0.0484336197 0 0 0 
0 -13.497928 -0.470604844 5.97160258e-311 0.998858111 -0 -0 -0.0477752375 0 0 0 
0 -13.5823481 -0.477349187 6.00951527e-311 0.998878962 -0 -0 -0.0473372827 0 0 0 
0 -13.6787564 -0.48858673 6.05374674e-311 0.9988936 -0 -0 -0.0470273981 0 0 0 
0 -13.7673652 -0.501396807 6.1068245e-311 0.998812807 -0 -0 -0.0487132104 0 0 0 
0 -13.8491 -0.521685301 6.15105597e-311 0.998906326 -0 -0 -0.0467562964 0 0 0 
0 -13.9232083 -0.537508098 6.19528744e-311 0.998921187 -0 -0 -0.0464377317 0 0 0 
0 -14.0142425 -0.580592823 6.2483652e-311 0.999011336 -0 -0 -0.0444561661 0 0 0 
0 -14.1017014 -0.5874694 6.30144297e-311 0.998881305 -0 -0 -0.0472878179 0 0 0 
0 -14.2386424 -0.586740648 6.34567444e-311 0.998875016 -0 -0 -0.0474204819 0 0 0 
0 -14.4051461 -0.550950587 6.3899059e-311 0.998712779 -0 -0 -0.0507226252 0 0 0 
0 -14.6121531 -0.586866142 6.44298367e-311 0.998563678 -0 -0 -0.0535778108 0 0 0 
0 -14.726393 -0.602828736 6.49606143e-311 0.998556998 -0 -0 -0.0537021589 0 0 0 
0 -14.7932795 -0.550622877 6.56240863e-311 0.998209744 -0 -0 -0.0598105944 0 0 0 
0 -14.8643095 -0.599679606 6.62875584e-311 0.998251816 -0 -0 -0.059104254 0 0 0 
0 -14.96738 -0.649189645 6.69510304e-311 0.998293085 -0 -0 -0.0584030558 0 0 0 
0 -15.0313231 -0.647932654 6.76145025e-311 0.998125831 -0 -0 -0.0611949835 0 0 0 
0 -15.1075625 -0.621657188 6.82779745e-311 0.998009889 -0 -0 -0.0630576044 0 0 0 
0 -15.2427444 -0.693954816 6.88087521e-311 0.998092825 -0 -0 -0.0617309638 0 0 0 
0 -15.5039049 -0.787709648 6.94722242e-311 0.998287135 -0 -0 -0.0585046687 0 0 0 
0 -16.0067878 -0.583426461 7.03568536e-311 0.997745208 -0 -0 -0.0671155707 0 0 0 
0 -16.1741958 -0.591331965 7.12414829e-311 0.997782799 -0 -0 -0.0665543777 0 0 0 
0 -16.5515867 -0.613851565 7.21261123e-311 0.997757622 -0 -0 -0.0669307679 0 0 0 
0 -16.6214152 -0.619114904 7.30107417e-311 0.997597284 -0 -0 -0.0692795682 0 0 0 
0 -16.7888404 -0.635696747 7.36742138e-311 0.997575561 -0 -0 -0.0695916616 0 0 0 
0 -16.8759717 -0.651722898 7.43376858e-311 0.997602467 -0 -0 -0.0692049037 0 0 0 
0 -17.0399229 -0.60959137 7.50011578e-311 0.99762246 -0 -0 -0.0689160919 0 0 0 
0 -17.1404536 -0.627015069 7.56646299e-311 0.997690506 -0 -0 -0.0679238897 0 0 0 
0 -17.2464473 -0.592721869 7.61954075e-311 0.997687149 -0 -0 -0.0679731836 0 0 0 
0 -17.370332 -0.586277152 7.66377222e-311 0.997921956 -0 -0 -0.0644342269 0 0 0 
0 -17.4754484 -0.537588114 7.71684998e-311 0.997999129 -0 -0 -0.0632276682 0 0 0 
0 -17.5550551 -0.533707872 7.76108145e-311 0.998209692 -0 -0 -0.0598114624 0 0 0 
0 -17.7059431 -0.508722995 7.81415921e-311 0.998303398 -0 -0 -0.0582265106 0 0 0 
0 -17.8421789 -0.467198162 7.8520719e-311 0.998369256 -0 -0 -0.0570861473 0 0 0 
0 -17.9857117 -0.472523098 7.88998459e-311 0.998450928 -0 -0 -0.0556394053 0 0 0 
0 -18.117792 -0.44969658 7.92789728e-311 0.998565302 -0 -0 -0.0535475273 0 0 0 
0 -18.2482399 -0.459424647 7.96580997e-311 0.998641312 -0 -0 -0.0521107498 0 0 0 
0 -18.3793328 -0.410770666 8.01004144e-311 0.998744192 -0 -0 -0.0501002862 0 0 0 
0 -18.5123624 -0.378187165 8.04321504e-311 0.998880627 -0 -0 -0.047302156 0 0 0 
0 -18.5764743 -0.493221972 8.07638864e-311 0.9988718 -0 -0 -0.0474881793 0 0 0 
0 -18.6876106 -0.44516148 8.11430133e-311 0.999019763 -0 -0 -0.044266384 0 0 0 
0 -18.8509699 -0.419305753 8.14378897e-311 0.999091706 -0 -0 -0.042611773 0 0 0 
0 -18.9882105 -0.393660361 8.17327662e-311 0.999156669 -0 -0 -0.0410603341 0 0 0 
0 -19.114832 -0.380964003 8.20645022e-311 0.999245693 -0 -0 -0.0388335503 0 0 0 
0 -19.2698765 -0.345014894 8.24436291e-311 0.999271107 -0 -0 -0.0381739982 0 0 0 
0 -19.3752605 -0.346434122 8.27385056e-311 0.999304182 -0 -0 -0.0372981363 0 0 0 
0 -19.4763009 -0.324154873 8.31176324e-311 0.999407447 -0 -0 -0.0344202688 0 0 0 
0 -19.5702777 -0.453223338 8.34967593e-311 0.999375386 -0 -0 -0.0353388937 0 0 0 
0 -19.7012599 -0.413915627 8.38284953e-311 0.99941816 -0 -0 -0.0341077876 0 0 0 
0 -19.8352128 -0.383300082 8.42076222e-311 0.999498947 -0 -0 -0.031652098 0 0 0 
0 -19.9720277 -0.353300878 8.46499369e-311 0.999583716 -0 -0 -0.0288512525 0 0 0 
0 -20.0977172 -0.329351894 8.49816729e-311 0.999659889 -0 -0 -0.0260788532 0 0 0 
0 -20.2381631 -0.281510573 8.52765494e-311 0.999700787 -0 -0 -0.0244609123 0 0 0 
0 -20.3561277 -0.275732577 8.55714258e-311 0.999748976 -0 -0 -0.0224050302 0 0 0 
0 -20.5062911 -0.335220104 8.58368147e-311 0.999741729 -0 -0 -0.0227260995 0 0 0 
0 -20.6241257 -0.325446054 8.61022035e-311 0.999791073 -0 -0 -0.0204404128 0 0 0 
0 -20.7242375 -0.307351175 8.63675923e-311 0.999826749 -0 -0 -0.0186137503 0 0 0 
0 -20.852411 -0.300631691 8.66329811e-311 0.99986072 -0 -0 -0.0166895516 0 0 0 
0 -21.0019836 -0.268049054 8.68983699e-311 0.999864848 -0 -0 -0.0164403757 0 0 0 
0 -21.1415361 -0.26272207 8.71195273e-311 0.999897864 -0 -0 -0.0142919828 0 0 0 
0 -21.276374 -0.247894817 8.74144037e-311 0.999906398 -0 -0 -0.0136819039 0 0 0 
0 -21.3998271 -0.238432146 8.77461397e-311 0.999946785 -0 -0 -0.0103163945 0 0 0 
0 -21.5256122 -0.302477557 8.80410162e-311 0.999931821 -0 -0 -0.0116770366 0 0 0 
0 -21.6799191 -0.276526289 8.8306405e-311 0.999953093 -0 -0 -0.00968567402 0 0 0 
0 -21.8206302 -0.258914328 8.85717938e-311 0.999974181 -0 -0 -0.00718591961 0 0 0 
0 -21.968585 -0.249584595 8.88130564e-311 0.999989878 -0 -0 -0.0044993847 0 0 0 
0 -22.0925714 -0.229811415 8.9054319e-311 0.999997346 -0 -0 -0.00230369766 0 0 0 
0 -22.2495758 -0.214292943 8.92955815e-311 0.999999791 0 0 0.000646653037 0 0 0 
0 -22.4126102 -0.161916668 8.95609703e-311 0.99999976 0 0 0.000692876527 0 0 0 
0 -22.5422247 -0.127829322 8.98263592e-311 0.999998073 0 0 0.00196340088 0 0 0 
0 -22.7103793 -0.132696759 9.0091748e-311 0.999992727 0 0 0.00381389491 0 0 0 
0 -22.855054 -0.107870454 9.03571368e-311 0.999994294 0 0 0.00337804099 0 0 0 
0 -22.9598042 -0.121405073 9.06520132e-311 0.99999502 0 0 0.0031559206 0 0 0 
0 -23.097729 -0.144093785 9.10311401e-311 0.999996499 0 0 0.00264601742 0 0 0 
0 -23.2687346 -0.141698246 9.13260166e-311 0.99999957 0 0 0.000927712525 0 0 0 
0 -23.3849904 -0.232463793 9.15471739e-311 0.999999044 -0 -0 -0.00138252061 0 0 0 
0 -23.5002056 -0.271981669 9.19263008e-311 0.999998344 -0 -0 -0.00182005227 0 0 0 
0 -23.6487672 -0.278124821 9.23054277e-311 0.999993546 -0 -0 -0.00359278406 0 0 0 
0 -23.8014064 -0.30634866 9.26003042e-311 0.999990833 -0 -0 -0.00428175198 0 0 0 
0 -23.9483892 -0.282951998 9.2865693e-311 0.999982371 -0 -0 -0.0059377839 0 0 0 
0 -24.0702044 -0.312031573 9.31069555e-311 0.999987771 -0 -0 -0.00494539325 0 0 0 
0 -24.2160289 -0.353953459 9.33723443e-311 0.999927215 -0 -0 -0.0120650076 0 0 0 
0 -24.3466684 -0.336435851 9.37040804e-311 0.99990062 -0 -0 -0.0140978566 0 0 0 
0 -24.4874926 -0.330017515 9.39989568e-311 0.999877854 -0 -0 -0.0156293379 0 0 0 
0 -24.6104942 -0.405373038 9.42643456e-311 0.999736928 -0 -0 -0.022936329 0 0 0 
0 -24.7546668 -0.423872272 9.45297345e-311 0.999738335 -0 -0 -0.0228749203 0 0 0 
0 -24.8972395 -0.417812165 9.48246109e-311 0.999715725 -0 -0 -0.0238426061 0 0 0 
0 -25.0285766 -0.44088502 9.51194874e-311 0.999750768 -0 -0 -0.0223248963 0 0 0 
0 -25.1846451 -0.429298966 9.53848762e-311 0.999756152 -0 -0 -0.0220824777 0 0 0 
0 -25.3285834 -0.481398692 9.5650265e-311 0.999648904 -0 -0 -0.0264965826 0 0 0 
0 -25.4620739 -0.500616618 9.59156538e-311 0.999664122 -0 -0 -0.02591609 0 0 0 
0 -25.5677624 -0.692213131 9.61810426e-311 0.999610949 -0 -0 -0.0278917556 0 0 0 
0 -25.711931 -0.694070219 9.65601695e-311 0.999627765 -0 -0 -0.0272824487 0 0 0 
0 -25.8251276 -0.657574223 9.68255583e-311 0.999625491 -0 -0 -0.027365637 0 0 0 
0 -25.8971269 -0.785979513 9.70909471e-311 0.999710071 -0 -0 -0.0240784911 0 0 0 
0 -26.0407542 -0.775199098 9.74226832e-311 0.999726755 -0 -0 -0.0233755385 0 0 0 
0 -26.1697207 -0.789732572 9.77175596e-311 0.999719007 -0 -0 -0.0237045918 0 0 0 
0 -26.3796532 -0.909350787 9.79829484e-311 0.999750169 -0 -0 -0.0223517274 0 0 0 
0 -26.5057644 -0.919092812 9.82778249e-311 0.999775785 -0 -0 -0.0211749824 0 0 0 
0 -26.6452382 -0.995604662 9.85190875e-311 0.999671131 -0 -0 -0.0256442787 0 0 0 
0 -26.7607778 -0.977408787 9.876035e-311 0.99974339 -0 -0 -0.0226529164 0 0 0 
0 -26.888956 -0.960644888 9.90016126e-311 0.999807114 -0 -0 -0.0196401291 0 0 0 
0 -27.0162317 -0.921538646 9.92428751e-311 0.999863604 -0 -0 -0.0165158633 0 0 0 
0 -27.1323279 -0.888066464 9.94841377e-311 0.999888699 -0 -0 -0.0149194096 0 0 0 
0 -27.2304856 -0.989236217 9.97495265e-311 0.999915332 -0 -0 -0.013012652 0 0 0 
0 -27.3382362 -0.965569354 1.00081263e-310 0.999939421 -0 -0 -0.0110069701 0 0 0 
0 -27.4876528 -0.945416926 1.00412999e-310 0.999954141 -0 -0 -0.00957684162 0 0 0 
0 -27.5830271 -0.943754437 1.00678387e-310 0.999955399 -0 -0 -0.0094445537 0 0 0 
0 -27.726976 -0.999212783 1.00943776e-310 0.999907038 -0 -0 -0.013635109 0 0 0 
0 -27.8004763 -1.14285806 1.01238653e-310 0.999930061 -0 -0 -0.0118267746 0 0 0 
0 -27.9254099 -1.14199191 1.01570389e-310 0.999936956 -0 -0 -0.0112287061 0 0 0 
0 -28.0610821 -1.16103207 1.01865265e-310 0.99994688 -0 -0 -0.0103071061 0 0 0 
0 -28.14812 -1.25742108 1.02130654e-310 0.999935501 -0 -0 -0.0113575269 0 0 0 
0 -28.2687544 -1.25242317 1.02396043e-310 0.999934628 -0 -0 -0.0114341111 0 0 0 
0 -28.4225074 -1.26057587 1.02661432e-310 0.999937023 -0 -0 -0.0112227393 0 0 0 
0 -28.5713892 -1.27155995 1.02956308e-310 0.999938777 -0 -0 -0.011065365 0 0 0 
0 -28.6861039 -1.26795707 1.03221697e-310 0.99992068 -0 -0 -0.0125949674 0 0 0 
0 -28.8060719 -1.25240376 1.03487086e-310 0.999894434 -0 -0 -0.0145300028 0 0 0 
0 -28.9541785 -1.26646325 1.03752474e-310 0.999879407 -0 -0 -0.0155296698 0 0 0 
0 -29.0342019 -1.3764177 1.04017863e-310 0.999851738 -0 -0 -0.017219246 0 0 0 
0 -29.170039 -1.35674884 1.0431274e-310 0.999850225 -0 -0 -0.0173068695 0 0 0 
0 -29.2729938 -1.43679404 1.04554002e-310 0.99983609 -0 -0 -0.018105037 0 0 0 
0 -29.4391281 -1.42389605 1.04819391e-310 0.999863675 -0 -0 -0.0165115789 0 0 0 
0 -29.5771306 -1.39998728 1.05114268e-310 0.999871698 -0 -0 -0.0160183735 0 0 0 
0 -29.6990182 -1.41378135 1.05409144e-310 0.999876237 -0 -0 -0.0157324704 0 0 0 
0 -29.9415509 -1.32529835 1.05674533e-310 0.999853811 -0 -0 -0.0170984129 0 0 0 
0 -29.8800202 -1.28327581 1.05969409e-310 0.999638063 -0 -0 -0.0269024808 0 0 0 
0 -30.0513976 -1.31788944 1.06348536e-310 0.999614522 -0 -0 -0.0277634135 0 0 0 
0 -30.2226076 -1.34590393 1.06680272e-310 0.999537349 -0 -0 -0.0304152686 0 0 0 
0 -30.3342799 -1.35979027 1.07012008e-310 0.999469379 -0 -0 -0.032572375 0 0 0 
0 -30.4733942 -1.38964317 1.07343744e-310 0.999412982 -0 -0 -0.0342591679 0 0 0 
0 -30.5511498 -1.50067423 1.07585007e-310 0.999295735 -0 -0 -0.0375237797 0 0 0 
0 -30.6851622 -1.48350522 1.07879883e-310 0.999167255 -0 -0 -0.0408019088 0 0 0 
0 -30.8061651 -1.5005933 1.08145272e-310 0.999141768 -0 -0 -0.0414213293 0 0 0 
0 -30.9123001 -1.50848631 1.08410661e-310 0.999079434 -0 -0 -0.0428985309 0 0 0 
0 -31.0013763 -1.52050345 1.08705537e-310 0.998996837 -0 -0 -0.044780805 0 0 0 
0 -31.148763 -1.5390646 1.09084664e-310 0.998893706 -0 -0 -0.0470251371 0 0 0 
0 -31.318681 -1.53480257 1.09463791e-310 0.998724997 -0 -0 -0.050481476 0 0 0 
0 -31.43524 -1.58175083 1.09795527e-310 0.998739744 -0 -0 -0.0501888771 0 0 0 
0 -31.6032412 -1.62565531 1.10090404e-310 0.998644559 -0 -0 -0.0520484805 0 0 0 
0 -31.7222987 -1.62641087 1.1038528e-310 0.998507009 -0 -0 -0.0546237437 0 0 0 
0 -31.8537596 -1.65857674 1.10680157e-310 0.998408268 -0 -0 -0.0563997388 0 0 0 
0 -31.9672363 -1.67935686 1.10975033e-310 0.998299294 -0 -0 -0.0582968193 0 0 0 
0 -32.0526976 -1.71864581 1.11306769e-310 0.998245903 -0 -0 -0.0592040353 0 0 0 
0 -32.1841475 -1.7443995 1.11638505e-310 0.998140747 -0 -0 -0.0609512045 0 0 0 
0 -32.332284 -1.75313754 1.11970241e-310 0.99787325 -0 -0 -0.0651841724 0 0 0 
0 -32.3760827 -1.87195205 1.12265118e-310 0.997714881 -0 -0 -0.0675649039 0 0 0 
0 -32.5244498 -1.88008202 1.12596854e-310 0.997530562 -0 -0 -0.07023374 0 0 0 
0 -32.6392684 -1.87891989 1.1292859e-310 0.997513029 -0 -0 -0.0704823229 0 0 0 
0 -32.7307568 -1.87704336 1.13169852e-310 0.997604939 -0 -0 -0.0691692507 0 0 0 
0 -32.8015352 -1.8603728 1.13391009e-310 0.997657196 -0 -0 -0.0684113955 0 0 0 
0 -32.8945684 -1.83858147 1.13612167e-310 0.997631878 -0 -0 -0.0687796228 0 0 0 
0 -33.0176834 -1.83656314 1.13816312e-310 0.997647431 -0 -0 -0.0685536491 0 0 0 
0 -33.1217193 -1.82682427 1.14005876e-310 0.997671948 -0 -0 -0.068195921 0 0 0 
0 -33.2478989 -1.80332649 1.14227033e-310 0.997681551 -0 -0 -0.0680552944 0 0 0 
0 -33.3255047 -1.81519601 1.14468295e-310 0.997796109 -0 -0 -0.066354544 0 0 0 
0 -33.4474639 -1.78648113 1.14689453e-310 0.9977786 -0 -0 -0.0666173062 0 0 0 
0 -33.5259298 -1.78451256 1.1491061e-310 0.997835407 -0 -0 -0.0657609407 0 0 0 
0 -33.6394583 -1.76181841 1.15175999e-310 0.997778704 -0 -0 -0.066615744 0 0 0 
0 -33.7231653 -1.75835835 1.15441388e-310 0.997709752 -0 -0 -0.0676405958 0 0 0 
0 -33.8256996 -1.74793151 1.15645533e-310 0.997670035 -0 -0 -0.068223902 0 0 0 
0 -33.9111589 -1.74320353 1.15910922e-310 0.997603762 -0 -0 -0.06918623 0 0 0 
0 -33.9823674 -1.81057018 1.16152184e-310 0.997400169 -0 -0 -0.0720617988 0 0 0 
0 -34.0687545 -1.79998732 1.16393447e-310 0.997338479 -0 -0 -0.072910618 0 0 0 
0 -34.167411 -1.77863331 1.16597592e-310 0.997379841 -0 -0 -0.0723426108 0 0 0 
0 -34.2673941 -1.77373589 1.16818749e-310 0.99743343 -0 -0 -0.0715999525 0 0 0 
0 -34.3620578 -1.78421285 1.17039907e-310 0.997490029 -0 -0 -0.0708070831 0 0 0 
0 -34.4614706 -1.77147185 1.17281169e-310 0.997519718 -0 -0 -0.0703875908 0 0 0 
0 -34.5623954 -1.76150433 1.17522432e-310 0.997531492 -0 -0 -0.0702205215 0 0 0 
0 -34.660023 -1.7525994 1.17763695e-310 0.997568344 -0 -0 -0.0696950433 0 0 0 
0 -34.7488774 -1.8312779 1.18004957e-310 0.997273861 -0 -0 -0.0737891952 0 0 0 
0 -34.852068 -1.82217705 1.18270346e-310 0.997294644 -0 -0 -0.0735077811 0 0 0 
0 -34.9504533 -1.81345997 1.18511608e-310 0.997315431 -0 -0 -0.0732252141 0 0 0 
0 -35.0611383 -1.8000191 1.18752871e-310 0.997321786 -0 -0 -0.0731386045 0 0 0 
0 -35.119516 -1.79783511 1.1901826e-310 0.997397563 -0 -0 -0.0720978661 0 0 0 
0 -35.2404906 -1.78777683 1.19239417e-310 0.997516203 -0 -0 -0.07043738 0 0 0 
0 -35.3601221 -1.76114664 1.19504806e-310 0.997587136 -0 -0 -0.0694255475 0 0 0 
0 -35.4610371 -1.74731187 1.19770195e-310 0.997725955 -0 -0 -0.0674011736 0 0 0 
0 -35.569404 -1.72600514 1.20035584e-310 0.997829784 -0 -0 -0.065846198 0 0 0 
0 -35.6782526 -1.69952098 1.2033046e-310 0.997971835 -0 -0 -0.063657026 0 0 0 
0 -35.7593822 -1.69091686 1.20625337e-310 0.998156329 -0 -0 -0.0606954973 0 0 0 
0 -35.8883555 -1.65271132 1.20920213e-310 0.998272645 -0 -0 -0.0587513952 0 0 0 
0 -35.9932201 -1.62536858 1.21251949e-310 0.998474823 -0 -0 -0.055208953 0 0 0 
0 -36.1132047 -1.59624299 1.21546825e-310 0.998545259 -0 -0 -0.0539199906 0 0 0 
0 -36.2196329 -1.57233096 1.21878562e-310 0.998694242 -0 -0 -0.0510863159 0 0 0 
0 -36.3270187 -1.55881158 1.22210298e-310 0.998768162 -0 -0 -0.049620146 0 0 0 
0 -36.457721 -1.52911367 1.22475686e-310 0.998807459 -0 -0 -0.0488227405 0 0 0 
0 -36.5475213 -1.51059942 1.22770563e-310 0.998837041 -0 -0 -0.0482137577 0 0 0 
0 -36.6667031 -1.49639382 1.23065439e-310 0.998841682 -0 -0 -0.0481174998 0 0 0 
0 -36.8089793 -1.48504673 1.23330828e-310 0.998849853 -0 -0 -0.0479475963 0 0 0 
0 -36.9333393 -1.48279304 1.23596217e-310 0.998888542 -0 -0 -0.0471347057 0 0 0 
0 -37.0223625 -1.46879294 1.23861606e-310 0.99887292 -0 -0 -0.0474646147 0 0 0 
0 -37.1376233 -1.47699407 1.24126995e-310 0.998916949 -0 -0 -0.0465288007 0 0 0 
0 -37.2504326 -1.46436189 1.24421871e-310 0.998860629 -0 -0 -0.0477225736 0 0 0 
0 -37.394453 -1.47656094 1.24753607e-310 0.99890404 -0 -0 -0.0468051067 0 0 0 
0 -37.5020889 -1.48257562 1.25195922e-310 0.998840593 -0 -0 -0.0481401087 0 0 0 
0 -37.6458153 -1.50103943 1.25575049e-310 0.998821374 -0 -0 -0.0485372235 0 0 0 
0 -37.8034061 -1.51274434 1.25954175e-310 0.998787793 -0 -0 -0.0492234206 0 0 0 
0 -37.9352505 -1.51928863 1.2639649e-310 0.99872695 -0 -0 -0.0504428331 0 0 0 
0 -38.0569539 -1.54247594 1.26728226e-310 0.998744402 -0 -0 -0.050096099 0 0 0 
0 -38.158753 -1.54520194 1.27107353e-310 0.998770868 -0 -0 -0.0495656461 0 0 0 
0 -38.2868707 -1.55131323 1.27439089e-310 0.998758296 -0 -0 -0.0498183371 0 0 0 
0 -38.4015764 -1.56126569 1.27704478e-310 0.998684896 -0 -0 -0.0512686872 0 0 0 
0 -38.5335915 -1.57327159 1.28146793e-310 0.998597372 -0 -0 -0.0529460902 0 0 0 
0 -38.6645464 -1.57986703 1.28589107e-310 0.998466856 -0 -0 -0.0553528528 0 0 0 
0 -38.7907683 -1.60783426 1.28968234e-310 0.998416656 -0 -0 -0.0562510614 0 0 0 
0 -38.9202348 -1.64513022 1.2929997e-310 0.99826074 -0 -0 -0.0589533264 0 0 0 
0 -39.0459284 -1.66757252 1.29594847e-310 0.998060352 -0 -0 -0.062253789 0 0 0 
0 -39.1779784 -1.69333704 1.29926583e-310 0.997799459 -0 -0 -0.0663041378 0 0 0 
0 -39.3390886 -1.71480448 1.30191971e-310 0.997502677 -0 -0 -0.0706286675 0 0 0 
0 -39.40843 -1.63852052 1.30433234e-310 0.99732736 -0 -0 -0.0730625605 0 0 0 
0 -39.5710265 -1.66765946 1.3076497e-310 0.997204108 -0 -0 -0.0747259496 0 0 0 
0 -39.8200299 -1.74414207 1.31030359e-310 0.997045457 -0 -0 -0.0768137779 0 0 0 
0 -39.8194564 -1.68705148 1.31295748e-310 0.997134111 -0 -0 -0.0756542445 0 0 0 
0 -39.9304846 -1.71888093 1.31590624e-310 0.997174377 -0 -0 -0.0751216457 0 0 0 
0 -40.075809 -1.73140039 1.32032939e-310 0.997102971 -0 -0 -0.0760635563 0 0 0 
0 -40.2139407 -1.71751709 1.32364675e-310 0.996990059 -0 -0 -0.0775294988 0 0 0 
0 -40.3356324 -1.71017214 1.32659551e-310 0.996903508 -0 -0 -0.0786345726 0 0 0 
0 -40.5030058 -1.73213881 1.3292494e-310 0.997065762 -0 -0 -0.0765497626 0 0 0 
0 -40.6331784 -1.70577107 1.33219817e-310 0.997140668 -0 -0 -0.0755677761 0 0 0 
0 -40.762542 -1.70717922 1.33551553e-310 0.997226254 -0 -0 -0.0744298175 0 0 0 
0 -40.9116914 -1.69486626 1.33846429e-310 0.99724824 -0 -0 -0.0741346561 0 0 0 
0 -41.0012337 -1.68482139 1.34141306e-310 0.997262953 -0 -0 -0.0739364733 0 0 0 
0 -41.1397456 -1.6693724 1.34473042e-310 0.997228879 -0 -0 -0.0743946405 0 0 0 
0 -41.2776759 -1.66949733 1.34804778e-310 0.997256652 -0 -0 -0.0740214116 0 0 0 
0 -41.4127987 -1.67691068 1.35136514e-310 0.997257225 -0 -0 -0.0740137026 0 0 0 
0 -41.5175942 -1.67404121 1.3543139e-310 0.997324469 -0 -0 -0.073102013 0 0 0 
0 -41.6840076 -1.63688601 1.35873705e-310 0.997320586 -0 -0 -0.0731549704 0 0 0 
0 -41.7930937 -1.63220801 1.36316019e-310 0.99737825 -0 -0 -0.0723645385 0 0 0 
0 -41.9213182 -1.63766265 1.36758334e-310 0.997465368 -0 -0 -0.071153636 0 0 0 
0 -42.2715412 -1.54428493 1.37200649e-310 0.997099548 -0 -0 -0.0761084249 0 0 0 
0 -42.3982356 -1.56212188 1.37642964e-310 0.997530173 -0 -0 -0.0702392618 0 0 0 
0 -42.5318225 -1.53580662 1.38173741e-310 0.997874052 -0 -0 -0.0651718988 0 0 0 
0 -42.6746867 -1.45158933 1.38837213e-310 0.998131801 -0 -0 -0.0610975205 0 0 0 
0 -42.7828139 -1.42141504 1.39279528e-310 0.998677837 -0 -0 -0.0514060014 0 0 0 
0 -43.0571765 -1.30375824 1.39574404e-310 0.998974433 -0 -0 -0.0452778385 0 0 0 
0 -43.179747 -1.23229712 1.39839793e-310 0.999226037 -0 -0 -0.0393360882 0 0 0 
0 -43.2987939 -1.16989905 1.4021892e-310 0.999403136 -0 -0 -0.0345452004 0 0 0 
0 -43.4310837 -1.11228235 1.40661235e-310 0.999582545 -0 -0 -0.0288917813 0 0 0 
0 -43.5618914 -1.06423537 1.41103549e-310 0.999719196 -0 -0 -0.0236966256 0 0 0 
0 -43.786728 -0.951353111 1.41398426e-310 0.999792186 -0 -0 -0.0203859001 0 0 0 
0 -43.9120942 -0.898880442 1.41730162e-310 0.999870474 -0 -0 -0.0160945898 0 0 0 
0 -44.0194386 -0.863553907 1.41995551e-310 0.999947446 -0 -0 -0.0102521193 0 0 0 
0 -44.1549759 -0.842690866 1.42290427e-310 0.99998721 -0 -0 -0.00505774702 0 0 0 
0 -44.2896022 -0.772997982 1.42585304e-310 0.999999754 -0 -0 -0.000701098435 0 0 0 
0 -44.4164643 -0.740099089 1.42964431e-310 0.999996832 0 0 0.00251719372 0 0 0 
0 -44.5254909 -0.709055246 1.43495208e-310 0.999993089 0 0 0.00371775597 0 0 0 
0 -44.6743925 -0.684240704 1.43937523e-310 0.999993705 0 0 0.00354820143 0 0 0 
0 -44.7777372 -0.673748961 1.44379838e-310 0.999996854 0 0 0.00250823053 0 0 0 
0 -44.9112596 -0.684601071 1.44910615e-310 0.99999948 0 0 0.00101984227 0 0 0 
0 -45.0344801 -0.678785061 1.4535293e-310 0.999995038 -0 -0 -0.00315019599 0 0 0 
0 -45.1733853 -0.689604067 1.45732057e-310 0.999985986 -0 -0 -0.00529416403 0 0 0 
0 -45.3099932 -0.698569541 1.46063793e-310 0.999974054 -0 -0 -0.00720351725 0 0 0 
0 -45.4491848 -0.728281285 1.46395529e-310 0.999968802 -0 -0 -0.00789902017 0 0 0 
0 -45.5976977 -0.73716842 1.46727265e-310 0.999957414 -0 -0 -0.00922880839 0 0 0 
0 -45.730107 -0.752073444 1.47022141e-310 0.999954425 -0 -0 -0.00954710632 0 0 0 
0 -45.857311 -0.71651729 1.47401268e-310 0.9999375 -0 -0 -0.0111801561 0 0 0 
0 -45.9993384 -0.707408389 1.47843583e-310 0.999935799 -0 -0 -0.0113313003 0 0 0 
0 -46.1349128 -0.666489009 1.48175319e-310 0.999917334 -0 -0 -0.012857852 0 0 0 
0 -46.291154 -0.689972355 1.48507055e-310 0.999911948 -0 -0 -0.0132701014 0 0 0 
0 -46.4243837 -0.686803298 1.48838791e-310 0.999890062 -0 -0 -0.0148278043 0 0 0 
0 -46.5518803 -0.683905468 1.49170527e-310 0.999851436 -0 -0 -0.017236777 0 0 0 
0 -46.6998181 -0.690376683 1.49465403e-310 0.999810636 -0 -0 -0.0194599896 0 0 0 
0 -46.8158441 -0.706072968 1.4976028e-310 0.999772468 -0 -0 -0.0213310345 0 0 0 
0 -46.9125231 -0.743707033 1.50055156e-310 0.999765088 -0 -0 -0.0216741529 0 0 0 
0 -47.0439092 -0.744087909 1.50350033e-310 0.999749299 -0 -0 -0.0223906117 0 0 0 
0 -47.1649181 -0.737060097 1.50681769e-310 0.999766506 -0 -0 -0.0216086486 0 0 0 
0 -47.3096801 -0.731220784 1.51013505e-310 0.999774302 -0 -0 -0.0212449002 0 0 0 
0 -47.4345652 -0.730049634 1.51392632e-310 0.999792617 -0 -0 -0.0203647251 0 0 0 
0 -47.5759837 -0.737142029 1.51724368e-310 0.999803482 -0 -0 -0.0198241567 0 0 0 
0 -47.7132014 -0.756785516 1.52056104e-310 0.999791377 -0 -0 -0.0204255435 0 0 0 
0 -47.8370591 -0.799857526 1.52498418e-310 0.999781823 -0 -0 -0.0208879476 0 0 0 
0 -47.9783649 -0.824121858 1.53029196e-310 0.999762606 -0 -0 -0.0217883581 0 0 0 
0 -48.1073151 -0.858000836 1.53559974e-310 0.999750936 -0 -0 -0.0223173705 0 0 0 
0 -48.232684 -0.875537663 1.54002288e-310 0.999728234 -0 -0 -0.0233121946 0 0 0 
0 -48.3644217 -0.873757257 1.54381415e-310 0.99969442 -0 -0 -0.0247197514 0 0 0 
0 -48.5186533 -0.88288739 1.54912193e-310 0.999654142 -0 -0 -0.0262982146 0 0 0 
0 -48.6424415 -0.901158167 1.55354508e-310 0.999591224 -0 -0 -0.0285899495 0 0 0 
0 -48.7865956 -0.923868167 1.55686244e-310 0.999509734 -0 -0 -0.0313096056 0 0 0 
0 -48.8874334 -0.936374371 1.56349716e-310 0.999317306 -0 -0 -0.0369448573 0 0 0 
0 -49.0493976 -1.04609462 1.57013188e-310 0.999311335 -0 -0 -0.0371060059 0 0 0 
0 -49.1897406 -1.08064526 1.5767666e-310 0.99919202 -0 -0 -0.0401908955 0 0 0 
0 -49.3183365 -1.11929914 1.58207437e-310 0.999076459 -0 -0 -0.0429677564 0 0 0 
0 -49.4093644 -1.18727086 1.58649752e-310 0.998955321 -0 -0 -0.0456975655 0 0 0 
0 -49.4742871 -1.25031741 1.59028879e-310 0.998748952 -0 -0 -0.0500053001 0 0 0 
0 -49.6947484 -1.31607262 1.59692351e-310 0.998580245 -0 -0 -0.0532681402 0 0 0 
0 -49.8235631 -1.35411046 1.60223129e-310 0.998260567 -0 -0 -0.058956258 0 0 0 
0 -49.9538866 -1.38696407 1.60753906e-310 0.99792181 -0 -0 -0.0644364907 0 0 0 
0 -50.1106093 -1.50892387 1.61196221e-310 0.997770805 -0 -0 -0.0667339619 0 0 0 
0 -50.2226445 -1.53436958 1.61638536e-310 0.997400648 -0 -0 -0.0720551648 0 0 0 
0 -50.3408716 -1.59899701 1.6208085e-310 0.997243965 -0 -0 -0.0741921434 0 0 0 
0 -50.4722041 -1.60958958 1.62611628e-310 0.997113874 -0 -0 -0.0759204945 0 0 0 
0 -50.5824165 -1.57505398 1.63142406e-310 0.996952366 -0 -0 -0.0780126866 0 0 0 
0 -50.7003612 -1.58567734 1.6358472e-310 0.9970327 -0 -0 -0.0769791848 0 0 0 
0 -50.8668262 -1.5466277 1.64027035e-310 0.996922474 -0 -0 -0.0783937519 0 0 0 
0 -51.0100366 -1.52302142 1.64557813e-310 0.996839398 -0 -0 -0.0794431523 0 0 0 
0 -51.1351047 -1.5141655 1.64936939e-310 0.996681235 -0 -0 -0.0814034105 0 0 0 
0 -51.2633013 -1.52833713 1.65379254e-310 0.996673786 -0 -0 -0.0814945677 0 0 0 
0 -51.4023347 -1.50743691 1.65821569e-310 0.996606574 -0 -0 -0.0823124327 0 0 0 
0 -51.5384167 -1.51065725 1.66200696e-310 0.996676776 -0 -0 -0.0814579887 0 0 0 
0 -51.7221766 -1.49174878 1.66579823e-310 0.996687509 -0 -0 -0.0813265653 0 0 0 
0 -51.8356284 -1.47575676 1.66911559e-310 0.996755304 -0 -0 -0.0804913878 0 0 0 
0 -51.9583803 -1.46264272 1.67243295e-310 0.996890148 -0 -0 -0.0788037663 0 0 0 
0 -52.0998828 -1.46260362 1.67575031e-310 0.99699188 -0 -0 -0.0775060711 0 0 0 
0 -52.2291552 -1.4487837 1.67954157e-310 0.997104008 -0 -0 -0.0760499611 0 0 0 
0 -52.3891035 -1.4285852 1.68396472e-310 0.997211306 -0 -0 -0.0746298314 0 0 0 
0 -52.4718839 -1.41328763 1.68838787e-310 0.997335973 -0 -0 -0.0729448967 0 0 0 
0 -52.5806452 -1.39733912 1.69281102e-310 0.997492399 -0 -0 -0.0707736809 0 0 0 
0 -52.6998536 -1.22862005 1.69944574e-310 0.997359058 -0 -0 -0.0726285773 0 0 0 
0 -52.8478 -1.15860904 1.70608046e-310 0.997522461 -0 -0 -0.0703486971 0 0 0 
0 -52.9433 -1.06536333 1.71138823e-310 0.997650247 -0 -0 -0.0685126542 0 0 0 
0 -53.054587 -1.03321819 1.71802295e-310 0.997764073 -0 -0 -0.0668345304 0 0 0 
0 -53.1814664 -0.981506833 1.72333073e-310 0.997828241 -0 -0 -0.0658695828 0 0 0 
0 -53.3318502 -0.949148236 1.72863851e-310 0.997996071 -0 -0 -0.063275917 0 0 0 
0 -53.4440318 -0.932558377 1.73306165e-310 0.998180955 -0 -0 -0.0602891473 0 0 0 
0 -53.5014753 -0.910414299 1.73685292e-310 0.998179529 -0 -0 -0.060312751 0 0 0 
0 -53.6276371 -0.85860099 1.73980169e-310 0.998200435 -0 -0 -0.0599657598 0 0 0 
0 -53.8124859 -0.800378741 1.74311905e-310 0.998350907 -0 -0 -0.0574061481 0 0 0 
0 -53.9310775 -0.791015414 1.74754219e-310 0.998374904 -0 -0 -0.0569872882 0 0 0 
0 -54.0648722 -0.784858664 1.75196534e-310 0.998352069 -0 -0 -0.0573859387 0 0 0 
0 -54.1905843 -0.770723831 1.75461923e-310 0.998337279 -0 -0 -0.0576426637 0 0 0 
0 -54.3013477 -0.788669534 1.75703185e-310 0.998288673 -0 -0 -0.0584784251 0 0 0 
0 -54.4630881 -0.768567241 1.75968574e-310 0.998311006 -0 -0 -0.0580959121 0 0 0 
0 -54.5557509 -0.752451833 1.7630031e-310 0.9983729 -0 -0 -0.0570223831 0 0 0 
0 -54.6944999 -0.730910175 1.76632046e-310 0.998406215 -0 -0 -0.0564360697 0 0 0 
0 -54.7836517 -0.771728755 1.76963782e-310 0.998410745 -0 -0 -0.0563558802 0 0 0 
0 -54.8862437 -0.765010645 1.77258659e-310 0.998397217 -0 -0 -0.0565950327 0 0 0 
0 -54.9769912 -0.754480226 1.77590395e-310 0.998336707 -0 -0 -0.0576525717 0 0 0 
0 -55.1061381 -0.775392687 1.77922131e-310 0.998353304 -0 -0 -0.0573644531 0 0 0 
0 -55.2077412 -0.790629922 1.78217007e-310 0.998368188 -0 -0 -0.057104819 0 0 0 
0 -55.3185062 -0.805935025 1.78596134e-310 0.998440478 -0 -0 -0.0558266265 0 0 0 
0 -55.4270746 -0.798631504 1.78975261e-310 0.998551897 -0 -0 -0.0537969319 0 0 0 
0 -55.5625775 -0.755904753 1.79354388e-310 0.998630511 -0 -0 -0.0523173251 0 0 0 
0 -55.6389528 -0.74502906 1.79686124e-310 0.998770695 -0 -0 -0.0495691279 0 0 0 
0 -55.7581987 -0.717984222 1.80065251e-310 0.998838215 -0 -0 -0.0481894159 0 0 0 
0 -55.8830567 -0.674195639 1.80396987e-310 0.998789439 -0 -0 -0.0491899996 0 0 0 
0 -55.9860962 -0.69266399 1.80691863e-310 0.998801925 -0 -0 -0.0489358196 0 0 0 
0 -56.0985744 -0.686825135 1.8098674e-310 0.998765121 -0 -0 -0.0496813179 0 0 0 
0 -56.2349669 -0.686410662 1.81252129e-310 0.998796428 -0 -0 -0.0490478866 0 0 0 
0 -56.3332012 -0.711462004 1.81493391e-310 0.998884341 -0 -0 -0.0472236431 0 0 0 
0 -56.4729112 -0.710925488 1.81734654e-310 0.998925437 -0 -0 -0.0463462204 0 0 0 
0 -56.603657 -0.712251489 1.81938799e-310 0.998918122 -0 -0 -0.0465036024 0 0 0 
0 -56.7207122 -0.690931376 1.82159956e-310 0.999007732 -0 -0 -0.0445370788 0 0 0 
0 -56.8267712 -0.707801779 1.82401219e-310 0.998985773 -0 -0 -0.045026941 0 0 0 
0 -56.9268822 -0.712786692 1.82622376e-310 0.999025099 -0 -0 -0.0441458003 0 0 0 
0 -57.02762 -0.718875563 1.82826521e-310 0.998994681 -0 -0 -0.0448288699 0 0 0 
0 -57.121313 -0.720218414 1.83067784e-310 0.999000528 -0 -0 -0.0446983887 0 0 0 
0 -57.2380929 -0.689056665 1.83271929e-310 0.998977743 -0 -0 -0.0452047541 0 0 0 
0 -57.3349906 -0.697995007 1.83493087e-310 0.99893423 -0 -0 -0.0461563093 0 0 0 
0 -57.4522279 -0.717848844 1.83734349e-310 0.998859424 -0 -0 -0.0477477879 0 0 0 
0 -57.5628292 -0.752596672 1.83975612e-310 0.998768665 -0 -0 -0.0496100103 0 0 0 
0 -57.6657333 -0.789978957 1.84241e-310 0.998677838 -0 -0 -0.0514059975 0 0 0 
0 -57.8111034 -0.814608813 1.84535877e-310 0.998541305 -0 -0 -0.0539931727 0 0 0 
0 -57.9483686 -0.844904928 1.84830753e-310 0.998490668 -0 -0 -0.0549216411 0 0 0 
0 -58.0973989 -0.862355118 1.85162489e-310 0.998379018 -0 -0 -0.0569151747 0 0 0 
0 -58.24974 -0.856467419 1.85494225e-310 0.998274668 -0 -0 -0.0587170088 0 0 0 
0 -58.3594515 -0.862864639 1.85825961e-310 0.998250036 -0 -0 -0.0591343091 0 0 0 
0 -58.5002544 -0.862569226 1.86157697e-310 0.998149714 -0 -0 -0.0608041826 0 0 0 
0 -58.6136867 -0.881525106 1.86536824e-310 0.998009643 -0 -0 -0.0630614913 0 0 0 
0 -58.7189021 -0.877747381 1.8686856e-310 0.997839848 -0 -0 -0.0656935062 0 0 0 
0 -58.8528268 -0.904641052 1.87200296e-310 0.997731941 -0 -0 -0.0673125091 0 0 0 
0 -58.9646863 -0.950826237 1.87532032e-310 0.997652751 -0 -0 -0.0684761919 0 0 0 
0 -59.0794692 -0.969707016 1.87826909e-310 0.997426053 -0 -0 -0.0717026355 0 0 0 
0 -59.2004429 -0.994912236 1.88121785e-310 0.997198074 -0 -0 -0.0748064311 0 0 0 
0 -59.3185785 -1.02764998 1.88453521e-310 0.997049327 -0 -0 -0.0767635255 0 0 0 
0 -59.3346432 -1.23577787 1.88694784e-310 0.997747025 -0 -0 -0.0670885538 0 0 0 
0 -59.4383577 -1.23085918 1.88936046e-310 0.997699813 -0 -0 -0.067787043 0 0 0 
0 -59.5622772 -1.21764192 1.89157204e-310 0.997761064 -0 -0 -0.0668794377 0 0 0 
0 -59.6979673 -1.20178661 1.89398466e-310 0.997748562 -0 -0 -0.0670656986 0 0 0 
0 -59.8123404 -1.3401024 1.8958803e-310 0.99787769 -0 -0 -0.0651161753 0 0 0 
0 -59.9707598 -1.36603942 1.89853419e-310 0.997712017 -0 -0 -0.0676071837 0 0 0 
0 -60.1561186 -1.40775637 1.90094681e-310 0.997531535 -0 -0 -0.0702199223 0 0 0 
0 -60.2395363 -1.45700247 1.90335944e-310 0.997356286 -0 -0 -0.0726666233 0 0 0 
0 -60.3780479 -1.48029024 1.9063082e-310 0.997180558 -0 -0 -0.0750395543 0 0 0 
0 -60.4887034 -1.51261555 1.90925697e-310 0.997050982 -0 -0 -0.076742025 0 0 0 
0 -60.6076619 -1.50718179 1.91191085e-310 0.996920386 -0 -0 -0.0784203039 0 0 0 
0 -60.7434687 -1.49160968 1.91432348e-310 0.99691183 -0 -0 -0.0785289916 0 0 0 
0 -60.8699568 -1.4797205 1.91697737e-310 0.996950018 -0 -0 -0.078042686 0 0 0 
0 -60.9744348 -1.45594 1.91963126e-310 0.996920814 -0 -0 -0.0784148682 0 0 0 
0 -61.1120389 -1.44911947 1.92228514e-310 0.996845921 -0 -0 -0.0793612646 0 0 0 
0 -61.2222582 -1.43046357 1.92469777e-310 0.996681254 -0 -0 -0.0814031871 0 0 0 
0 -61.3427187 -1.44927125 1.92673922e-310 0.996513995 -0 -0 -0.0834257647 0 0 0 
0 -61.434775 -1.45543639 1.92878068e-310 0.99647477 -0 -0 -0.0838929827 0 0 0 
0 -61.5494249 -1.4629985 1.93099225e-310 0.996549449 -0 -0 -0.0830011794 0 0 0 
0 -61.6920382 -1.46242639 1.93320382e-310 0.996583298 -0 -0 -0.082593771 0 0 0 
0 -61.8112844 -1.46614925 1.9354154e-310 0.996634046 -0 -0 -0.0819791287 0 0 0 
0 -61.956725 -1.45339316 1.93762697e-310 0.996623346 -0 -0 -0.082109108 0 0 0 
0 -62.0664994 -1.45623475 1.93983854e-310 0.996625652 -0 -0 -0.0820811216 0 0 0 
0 -62.2205788 -1.44762431 1.94225117e-310 0.99669117 -0 -0 -0.0812816767 0 0 0 
0 -62.3470563 -1.43151445 1.94446274e-310 0.996782989 -0 -0 -0.0801478133 0 0 0 
0 -62.46847 -1.43293446 1.94711663e-310 0.996898192 -0 -0 -0.0787019304 0 0 0 
0 -62.6112017 -1.435561 1.94977052e-310 0.997036085 -0 -0 -0.0769353269 0 0 0 
0 -62.666529 -1.57361271 1.95198209e-310 0.997507038 -0 -0 -0.0705670598 0 0 0 
0 -62.7867691 -1.56170434 1.95439472e-310 0.997590316 -0 -0 -0.0693798352 0 0 0 
0 -62.9305805 -1.53714708 1.95680734e-310 0.997734543 -0 -0 -0.067273936 0 0 0 
0 -63.0577045 -1.5146796 1.95870298e-310 0.99779136 -0 -0 -0.066425907 0 0 0 
0 -63.1485109 -1.60914037 1.96059861e-310 0.998022633 -0 -0 -0.0628555764 0 0 0 
0 -63.1794062 -1.76396487 1.96301124e-310 0.998387683 -0 -0 -0.0567629586 0 0 0 
0 -63.3408148 -1.7747079 1.96522281e-310 0.998509398 -0 -0 -0.0545800442 0 0 0 
0 -63.4682193 -1.74002741 1.96817158e-310 0.99855641 -0 -0 -0.0537130834 0 0 0 
0 -63.4998173 -1.89793998 1.97082546e-310 0.999062036 -0 -0 -0.0433018169 0 0 0 
0 -63.6452246 -1.87195719 1.97377423e-310 0.999111128 -0 -0 -0.0421539344 0 0 0 
0 -63.7893133 -1.8564215 1.97618685e-310 0.999179064 -0 -0 -0.0405117006 0 0 0 
0 -63.9405567 -1.85131508 1.97839843e-310 0.999241569 -0 -0 -0.0389395269 0 0 0 
0 -64.0203729 -1.82002353 1.98061e-310 0.999291609 -0 -0 -0.037633493 0 0 0 
0 -64.1632653 -1.81133349 1.98326389e-310 0.999358281 -0 -0 -0.0358193444 0 0 0 
0 -64.276756 -1.79254244 1.98621265e-310 0.999417257 -0 -0 -0.0341342461 0 0 0 
0 -64.419892 -1.76615677 1.98916142e-310 0.999488691 -0 -0 -0.0319743054 0 0 0 
0 -64.5548902 -1.74548744 1.99211018e-310 0.999538723 -0 -0 -0.0303700865 0 0 0 
0 -64.8093644 -1.71764421 1.99505895e-310 0.999585414 -0 -0 -0.0287923541 0 0 0 
0 -64.9408877 -1.68895034 1.99771284e-310 0.999595134 -0 -0 -0.0284529015 0 0 0 
0 -65.0627516 -1.68031291 2.00036672e-310 0.999676416 -0 -0 -0.0254374301 0 0 0 
0 -65.1929373 -1.65246701 2.00302061e-310 0.999731058 -0 -0 -0.0231907794 0 0 0 
0 -65.3388045 -1.61556208 2.00523218e-310 0.999799182 -0 -0 -0.0200398602 0 0 0 
0 -65.486394 -1.58065199 2.00727364e-310 0.999857411 -0 -0 -0.0168865942 0 0 0 
0 -65.642348 -1.46816215 2.00931509e-310 0.999864542 -0 -0 -0.0164589783 0 0 0 
0 -65.7832606 -1.44719559 2.01152666e-310 0.999903604 -0 -0 -0.0138846311 0 0 0 
0 -65.9334688 -1.41194594 2.01356812e-310 0.999936016 -0 -0 -0.0113120748 0 0 0 
0 -66.0923059 -1.33574155 2.01577969e-310 0.999913343 -0 -0 -0.0131645634 0 0 0 
0 -66.2293435 -1.30533245 2.01843358e-310 0.999943257 -0 -0 -0.010652835 0 0 0 
0 -66.3690966 -1.29847279 2.02138234e-310 0.999974473 -0 -0 -0.00714511144 0 0 0 
0 -66.5323749 -1.28597918 2.02359392e-310 0.999992762 -0 -0 -0.00380461557 0 0 0 
0 -66.6672887 -1.26652156 2.02563537e-310 0.999999915 -0 -0 -0.000413012251 0 0 0 
0 -66.7963308 -1.23200912 2.027531e-310 0.999992283 0 0 0.00392852259 0 0 0 
0 -66.9176763 -1.1851893 2.02974258e-310 0.999972505 0 0 0.00741553424 0 0 0 
0 -67.0422539 -1.15161597 2.03195415e-310 0.999941416 0 0 0.0108242183 0 0 0 
0 -67.3337774 -1.0491688 2.03436677e-310 0.999929192 0 0 0.0119000713 0 0 0 
0 -67.476601 -1.04374348 2.03702066e-310 0.999897207 0 0 0.0143378844 0 0 0 
0 -67.5758177 -1.04914811 2.04081193e-310 0.99989093 0 0 0.0147691833 0 0 0 
0 -67.7143812 -1.05181945 2.0446032e-310 0.99990484 0 0 0.013795359 0 0 0 
0 -67.8499201 -1.06390711 2.04792056e-310 0.99989537 0 0 0.0144654153 0 0 0 
0 -68.0595877 -1.07548161 2.05057445e-310 0.999910092 0 0 0.0134092588 0 0 0 
0 -68.1233019 -1.0845538 2.05298707e-310 0.999913332 0 0 0.013165394 0 0 0 
0 -68.2461777 -1.11118174 2.0553997e-310 0.99990488 0 0 0.0137924437 0 0 0 
0 -68.3845096 -1.13235311 2.05834846e-310 0.999924449 0 0 0.0122920831 0 0 0 
0 -68.5114574 -1.10944874 2.06129723e-310 0.999902974 0 0 0.0139299202 0 0 0 
0 -68.6159694 -1.12655537 2.0650885e-310 0.999872855 0 0 0.0159459417 0 0 0 
0 -68.7162194 -1.1219941 2.06774239e-310 0.999897425 0 0 0.014322683 0 0 0 
0 -68.7902245 -1.12672392 2.07105975e-310 0.99992697 0 0 0.0120852667 0 0 0 
0 -68.9244 -1.12532137 2.07400851e-310 0.999972048 0 0 0.00747679083 0 0 0 
0 -68.9840157 -1.18007554 2.07695728e-310 0.999980046 0 0 0.0063172134 0 0 0 
0 -69.0918343 -1.23134069 2.07990604e-310 0.999999107 0 0 0.00133650308 0 0 0 
0 -69.1755344 -1.24513393 2.0832234e-310 0.999990236 -0 -0 -0.0044189373 0 0 0 
0 -69.311139 -1.31917543 2.08654076e-310 0.999975238 -0 -0 -0.00703734612 0 0 0 
0 -69.4082427 -1.31451925 2.08985812e-310 0.999970335 -0 -0 -0.00770259715 0 0 0 
0 -69.5080886 -1.32588664 2.09428127e-310 0.99996494 -0 -0 -0.00837372656 0 0 0 
0 -69.6138981 -1.31047965 2.09870441e-310 0.999981821 -0 -0 -0.00602971329 0 0 0 
0 -69.7079292 -1.3209555 2.10249568e-310 0.999978162 -0 -0 -0.0066087709 0 0 0 
0 -69.8100716 -1.31767819 2.10691883e-310 0.999962331 -0 -0 -0.00867963556 0 0 0 
0 -69.9420433 -1.3014255 2.11134198e-310 0.999973197 -0 -0 -0.00732151846 0 0 0 
0 -69.998528 -1.34624314 2.11576512e-310 0.99994087 -0 -0 -0.0108745636 0 0 0 
0 -70.1086774 -1.36622964 2.11908248e-310 0.999959785 -0 -0 -0.00896821604 0 0 0 
0 -70.2301174 -1.3983812 2.12287375e-310 0.999956108 -0 -0 -0.00936923177 0 0 0 
0 -70.3202424 -1.41509379 2.12619111e-310 0.999946919 -0 -0 -0.0103033585 0 0 0 
0 -70.3924041 -1.4218242 2.12998238e-310 0.999956534 -0 -0 -0.00932358943 0 0 0 
0 -70.493882 -1.41166562 2.13377365e-310 0.999960266 -0 -0 -0.00891434162 0 0 0 
0 -70.5620684 -1.40698456 2.13756492e-310 0.999957123 -0 -0 -0.00926023833 0 0 0 
0 -70.6565016 -1.40194817 2.14198807e-310 0.999958759 -0 -0 -0.00908184417 0 0 0 
0 -70.7461491 -1.39403478 2.14729584e-310 0.999959249 -0 -0 -0.00902771497 0 0 0 
0 -70.8717749 -1.36735659 2.15108711e-310 0.999945337 -0 -0 -0.0104557593 0 0 0 
0 -70.9731803 -1.36216838 2.15440447e-310 0.999934706 -0 -0 -0.0114273502 0 0 0 
0 -71.1072533 -1.35730752 2.15772183e-310 0.999926424 -0 -0 -0.0121303891 0 0 0 
0 -71.1824996 -1.37198541 2.16103919e-310 0.999935734 -0 -0 -0.0113370518 0 0 0 
0 -71.2784812 -1.37332259 2.16398796e-310 0.999945532 -0 -0 -0.010437083 0 0 0 
0 -71.4100726 -1.36462373 2.16730532e-310 0.999948354 -0 -0 -0.0101630907 0 0 0 
0 -71.4944125 -1.35207741 2.17109659e-310 0.999952698 -0 -0 -0.00972634111 0 0 0 
0 -71.6138695 -1.36010282 2.17441395e-310 0.999969647 -0 -0 -0.00779129272 0 0 0 
0 -71.7415325 -1.36120947 2.17773131e-310 0.999983282 -0 -0 -0.00578231608 0 0 0 
0 -71.8438011 -1.35777697 2.18104867e-310 0.999985417 -0 -0 -0.00540052868 0 0 0 
0 -71.9494523 -1.37399587 2.18483994e-310 0.999984362 -0 -0 -0.00559249762 0 0 0 
0 -72.0730815 -1.38130943 2.1886312e-310 0.99998305 -0 -0 -0.00582236621 0 0 0 
0 -72.1451907 -1.39355037 2.19242247e-310 0.999980651 -0 -0 -0.00622073794 0 0 0 
0 -72.2573121 -1.3928075 2.19621374e-310 0.999981517 -0 -0 -0.00607992579 0 0 0 
0 -72.3532159 -1.3768429 2.1995311e-310 0.99998291 -0 -0 -0.00584627768 0 0 0 
0 -72.4302061 -1.37190734 2.20218499e-310 0.999991597 -0 -0 -0.00409944458 0 0 0 
0 -72.5450941 -1.37362069 2.20459762e-310 0.999992944 -0 -0 -0.0037565804 0 0 0 
0 -72.6491735 -1.35609369 2.2072515e-310 0.999996064 -0 -0 -0.00280575366 0 0 0 
0 -72.7298904 -1.35150344 2.21056886e-310 0.999995083 -0 -0 -0.00313575985 0 0 0 
0 -72.8234003 -1.34640273 2.21388622e-310 0.999995678 -0 -0 -0.00293999611 0 0 0 
0 -72.9461286 -1.36217748 2.21720358e-310 0.999997568 -0 -0 -0.0022054895 0 0 0 
0 -73.0693893 -1.36583536 2.22052094e-310 0.999998001 -0 -0 -0.00199968114 0 0 0 
0 -73.13348 -1.36252793 2.22346971e-310 0.999999143 -0 -0 -0.00130922059 0 0 0 
0 -73.2380463 -1.36431427 2.2261236e-310 0.999997123 -0 -0 -0.00239864833 0 0 0 
0 -73.335156 -1.37606844 2.22907236e-310 0.999990839 -0 -0 -0.00428047511 0 0 0 
0 -73.4258411 -1.37660341 2.23202113e-310 0.999993434 -0 -0 -0.0036238258 0 0 0 
0 -73.5327295 -1.37777444 2.23467501e-310 0.999990363 -0 -0 -0.00439027813 0 0 0 
0 -73.6739194 -1.40044936 2.23762378e-310 0.999999451 -0 -0 -0.00104763737 0 0 0 
0 -73.7657591 -1.3868174 2.24057254e-310 0.999997193 -0 -0 -0.00236948255 0 0 0 
0 -73.8740893 -1.36542556 2.24352131e-310 0.999992537 -0 -0 -0.0038634764 0 0 0 
0 -73.9629448 -1.38409585 2.24647007e-310 0.999998763 -0 -0 -0.0015729175 0 0 0 
0 -74.0535159 -1.39315995 2.24912396e-310 0.999998498 -0 -0 -0.00173346703 0 0 0 
0 -74.1916679 -1.3747036 2.25207273e-310 0.999992496 -0 -0 -0.00387405065 0 0 0 
0 -74.2831384 -1.37740876 2.25586399e-310 0.999993066 -0 -0 -0.00372387239 0 0 0 
0 -74.3782339 -1.38116702 2.25827662e-310 0.999991722 -0 -0 -0.00406882151 0 0 0 
0 -74.4546828 -1.38191148 2.26159398e-310 0.999992324 -0 -0 -0.00391819462 0 0 0 
0 -74.5216974 -1.3987315 2.26601713e-310 0.999991123 -0 -0 -0.00421353964 0 0 0 
0 -74.6273275 -1.4043736 2.2698084e-310 0.999991507 -0 -0 -0.00412138134 0 0 0 
0 -74.7119523 -1.38534904 2.27423154e-310 0.999991306 -0 -0 -0.00416978524 0 0 0 
0 -74.7845623 -1.38504657 2.27802281e-310 0.999987431 -0 -0 -0.00501366647 0 0 0 
0 -74.8620271 -1.39080537 2.28181408e-310 0.999988406 -0 -0 -0.00481543427 0 0 0 
0 -74.9557933 -1.39847961 2.28513144e-310 0.999990851 -0 -0 -0.00427766011 0 0 0 
0 -75.0151158 -1.38884114 2.28808021e-310 0.999990789 -0 -0 -0.00429216697 0 0 0 
0 -75.1200297 -1.30918658 2.29102897e-310 0.999988106 -0 -0 -0.00487727336 0 0 0 
0 -75.2024947 -1.29528321 2.29368286e-310 0.999990418 -0 -0 -0.00437762669 0 0 0 
0 -75.2679802 -1.29429778 2.29700022e-310 0.999991815 -0 -0 -0.00404588637 0 0 0 
0 -75.317184 -1.28246577 2.30142337e-310 0.999988754 -0 -0 -0.00474248944 0 0 0 
0 -75.4075144 -1.25665156 2.30584651e-310 0.9999902 -0 -0 -0.00442713819 0 0 0 
0 -75.4434597 -1.25738507 2.31248123e-310 0.999990101 -0 -0 -0.00444938117 0 0 0 
0 -75.5082766 -1.23314942 2.31778901e-310 0.999991791 -0 -0 -0.00405180237 0 0 0 
0 -75.5900658 -1.24535416 2.32158028e-310 0.999989808 -0 -0 -0.00451480069 0 0 0 
0 -75.6474738 -1.23919963 2.32489764e-310 0.999996276 -0 -0 -0.00272919733 0 0 0 
0 -75.6846078 -1.22736215 2.32868891e-310 0.999996023 -0 -0 -0.00282036305 0 0 0 
0 -75.7631426 -1.22906014 2.33248018e-310 0.9999959 -0 -0 -0.0028636559 0 0 0 
0 -75.8037417 -1.22621731 2.33542894e-310 0.999996311 -0 -0 -0.00271618846 0 0 0 
0 -75.875549 -1.19005139 2.33764051e-310 0.999997535 -0 -0 -0.00222035599 0 0 0 
0 -75.9368897 -1.19217775 2.34005314e-310 0.999995263 -0 -0 -0.00307803942 0 0 0 
0 -75.9913361 -1.19339739 2.3430019e-310 0.999993175 -0 -0 -0.00369453814 0 0 0 
0 -76.0444618 -1.20063124 2.34565579e-310 0.999992955 -0 -0 -0.00375359146 0 0 0 
0 -76.1159367 -1.19303225 2.34830968e-310 0.999991385 -0 -0 -0.00415078314 0 0 0 
0 -76.1757065 -1.19305795 2.35096357e-310 0.999994354 -0 -0 -0.00336049852 0 0 0 
0 -76.2174602 -1.1858006 2.35317514e-310 0.999994927 -0 -0 -0.00318530113 0 0 0 
0 -76.2520777 -1.19018178 2.35558777e-310 0.999993837 -0 -0 -0.00351078827 0 0 0 
0 -76.2784699 -1.19164447 2.35800039e-310 0.999991881 -0 -0 -0.0040296253 0 0 0 
0 -76.3278431 -1.1839289 2.36041302e-310 0.99998947 -0 -0 -0.00458911236 0 0 0 
0 -76.3768592 -1.1887844 2.36282564e-310 0.999987856 -0 -0 -0.00492831041 0 0 0 
0 -76.4134373 -1.18592065 2.36547953e-310 0.999982783 -0 -0 -0.00586810693 0 0 0 
0 -76.4628753 -1.16723041 2.36789216e-310 0.99998549 -0 -0 -0.00538704387 0 0 0 
0 -76.4972059 -1.16901751 2.37010373e-310 0.999986663 -0 -0 -0.0051647427 0 0 0 
0 -76.5403076 -1.16756419 2.37214518e-310 0.999988914 -0 -0 -0.00470876441 0 0 0 
0 -76.5567107 -1.16310869 2.37418664e-310 0.999990184 -0 -0 -0.00443085492 0 0 0 
0 -76.5836471 -1.16374409 2.37608227e-310 0.99999025 -0 -0 -0.00441587894 0 0 0 
0 -76.5992419 -1.16723843 2.37873616e-310 0.999987233 -0 -0 -0.00505305325 0 0 0 
