1.67421e+09 9.57814 -6.39524 0.355973
1.67421e+09 -1.31862 -5.75116 0.237078
1.67421e+09 5.80429 -10.2543 0.255919
1.67421e+09 6.13605 4.84568 0.154738
1.67421e+09 11.2201 4.81629 0.211505
1.67421e+09 1.93327 5.5739 0.0920265
1.67421e+09 14.8846 -9.15551 0.269832
1.67421e+09 -7.06195 -11.6079 0.254751
1.67421e+09 15.3825 5.87501 0.204945
1.67421e+09 -0.187364 8.23629 0.15748
1.67421e+09 -9.66483 10.9929 0.200357
1.67421e+09 8.78165 12.1267 0.243026
1.67421e+09 11.3585 6.68002 0.163369
1.67421e+09 16.795 16.3532 0.249235
1.67421e+09 -5.1608 -17.5884 0.315495
1.67421e+09 -10.6995 6.71804 0.179267
1.67421e+09 1.82943 -14.0393 0.162886
1.67421e+09 26.8354 2.64856 0.292895
1.67421e+09 19.3017 10.9068 0.248228
