1.67421e+09 5.73013 -6.0778 0.336676
1.67421e+09 2.01017 -9.96084 0.258948
1.67421e+09 -5.10448 -5.54279 0.225158
1.67421e+09 11.1872 -8.88761 0.328086
1.67421e+09 7.34707 5.13832 0.189334
1.67421e+09 2.24427 5.23475 0.192119
1.67421e+09 11.4516 6.20174 0.208691
1.67421e+09 4.7998 12.383 0.231404
1.67421e+09 -4.13841 8.46857 0.197398
1.67421e+09 -1.86675 5.84187 0.110598
1.67421e+09 1.33316 15.9838 0.298592
1.67421e+09 22.6516 -9.11985 0.344909
1.67421e+09 -9.10077 -17.4193 0.312719
1.67421e+09 6.7174 -9.11275 0.165413
1.67421e+09 -3.69366 5.16713 0.108295
1.67421e+09 7.40678 6.98765 0.11001
1.67421e+09 23.0329 3.18935 0.262857
1.67421e+09 12.8459 16.7039 0.239696
1.67421e+09 -2.10788 -13.8149 0.171041
1.67421e+09 -8.52905 4.58304 0.160273
1.67421e+09 22.6809 11.1183 0.258872
1.67421e+09 -13.548 11.1595 0.220284
