1.67421e+09 7.28439 -6.16281 0.337177
1.67421e+09 3.57201 -10.0376 0.248275
1.67421e+09 -3.55798 -5.60781 0.234877
1.67421e+09 12.7136 -8.95587 0.307282
1.67421e+09 8.91986 5.03971 0.203311
1.67421e+09 6.35751 12.2927 0.22495
1.67421e+09 13.0431 6.1453 0.205554
1.67421e+09 -9.27488 -11.5975 0.263367
1.67421e+09 -6.96354 4.51684 0.146787
1.67421e+09 2.93589 15.9098 0.294029
1.67421e+09 -2.51687 8.39015 0.164939
1.67421e+09 -0.293163 5.75821 0.119234
1.67421e+09 -2.16789 5.1874 0.086023
1.67421e+09 14.3765 16.62 0.243757
1.67421e+09 9.00575 6.83829 0.129978
1.67421e+09 24.6339 3.14298 0.264965
1.67421e+09 -0.507966 -13.8623 0.155067
1.67421e+09 -11.9628 11.0997 0.209273
1.67421e+09 16.9446 11.1923 0.258007
1.67421e+09 -8.50915 14.8825 0.242285
1.67421e+09 6.38567 -21.4966 0.190203
1.67421e+09 -12.9606 6.77769 0.142113
1.67421e+09 -1.9573 11.593 0.0878294
