1674207975.09920311 8.67465591 4.20616341 0.275489092
1674207975.09920311 9.58806419 10.4118443 0.262363166
1674207975.09920311 15.1322651 -8.81357574 0.277740806
1674207975.09920311 3.26340318 11.9110031 0.271146864
1674207975.09920311 -0.00621215301 7.68035889 0.205767959
1674207975.09920311 3.1769495 8.92488384 0.113372542
1674207975.09920311 18.3760033 -17.3329296 0.318124235
1674207975.09920311 -1.6879468 6.14013386 0.150443822
1674207975.09920311 -12.1268225 -9.53686619 0.240768865
1674207975.09920311 6.0137105 -14.2884483 0.137678638
1674207975.09920311 -9.51058483 17.6071892 0.273104101
