1674207965.31582689 3.33052993 -7.31056166 0.286359459
1674207965.31582689 -6.30790234 -6.11877012 0.308559567
1674207965.31582689 10.087101 9.64764404 0.304437757
1674207965.31582689 6.03102922 9.02578259 0.199495703
1674207965.31582689 -3.79873705 -11.9694338 0.345260441
1674207965.31582689 4.79407835 13.8325796 0.257562757
1674207965.31582689 4.10260487 -18.680357 0.30611223
1674207965.31582689 12.8759995 -13.0156355 0.284615457
1674207965.31582689 11.7632523 -7.34650707 0.210099787
1674207965.31582689 -10.1770468 7.16669369 0.259174138
1674207965.31582689 -9.26222324 -10.2630014 0.202690467
1674207965.31582689 -10.4197559 12.4539833 0.291411132
1674207965.31582689 17.0650463 7.43532133 0.196196452
1674207965.31582689 5.32111883 -17.3813667 0.154518515
1674207965.31582689 20.3301601 10.6597157 0.257869005
1674207965.31582689 23.9379253 6.78631067 0.239586398
1674207965.31582689 2.46907258 -18.0679131 0.196566612
