1674207956.54100466 -4.53579235 -7.04035997 0.27329576
1674207956.54100466 11.6483536 -10.8408937 0.308269441
1674207956.54100466 6.49516344 5.3001399 0.204948187
1674207956.54100466 11.9913292 5.60155106 0.317284673
1674207956.54100466 11.8930578 11.0362406 0.208159342
1674207956.54100466 -2.43211412 7.07796335 0.165365323
1674207956.54100466 -1.00098634 16.7148247 0.257534176
1674207956.54100466 6.3675437 -19.6596584 0.303046882
1674207956.54100466 19.5429363 -11.915309 0.254731447
1674207956.54100466 -1.60971725 -14.7014093 0.24086307
1674207956.54100466 8.13541889 22.4760342 0.242126659
1674207956.54100466 2.57621074 -24.3541889 0.229964823
1674207956.54100466 -0.729526699 23.3262043 0.240676239
1674207956.54100466 -9.29205418 -7.95447826 0.129939273
1674207956.54100466 15.9039011 23.2810097 0.256092519
