1674207949.27915144 2.0455246 -8.38101196 0.355049729
1674207949.27915144 7.01952791 -5.87364531 0.285848618
1674207949.27915144 9.47225666 3.84583902 0.267534584
1674207949.27915144 -9.5467577 -7.681777 0.278014541
1674207949.27915144 -4.68069887 12.3907785 0.29157424
1674207949.27915144 16.923254 4.31300783 0.243541464
1674207949.27915144 21.4945316 -7.92956877 0.309793591
1674207949.27915144 5.47498751 -10.9453802 0.198667809
1674207949.27915144 -8.81655312 7.37414408 0.196662009
1674207949.27915144 -3.37430429 6.72000742 0.106837653
1674207949.27915144 -4.18595791 -11.5615387 0.155036226
1674207949.27915144 5.62142849 15.3989277 0.244295865
1674207949.27915144 2.64701247 11.9344511 0.300600648
1674207949.27915144 1.36222017 5.3864212 0.097626619
1674207949.27915144 22.6403618 15.8212175 0.248261377
