1674207967.6356101 1.09225011 -6.67975807 0.231647968
1674207967.6356101 -7.3304882 -6.6029644 0.346487314
1674207967.6356101 8.82941723 -5.30950642 0.330393732
1674207967.6356101 6.55876589 8.23328018 0.188525602
1674207967.6356101 -0.342882574 10.5245781 0.30065006
1674207967.6356101 9.6993103 11.4018316 0.274317771
1674207967.6356101 -4.40133572 9.86627102 0.185377613
1674207967.6356101 13.4158907 7.53969622 0.243617177
1674207967.6356101 -5.67387819 14.7130299 0.278490812
1674207967.6356101 -14.4351921 -11.0051937 0.31589222
1674207967.6356101 7.46236563 -6.65589476 0.151468173
1674207967.6356101 17.7582321 -8.76924324 0.252250612
1674207967.6356101 -12.7278461 14.9584684 0.269412339
1674207967.6356101 5.48551178 -12.4995813 0.186267912
1674207967.6356101 20.9263039 15.2458191 0.270442545
1674207967.6356101 6.28799582 21.5150375 0.21095562
