1674207948.37142134 5.69971228 3.6281836 0.231907085
1674207948.37142134 5.01882362 -8.45591927 0.321170688
1674207948.37142134 9.97690773 -6.00559521 0.272408366
1674207948.37142134 -6.6237812 -7.8336134 0.26639989
1674207948.37142134 2.51247525 -8.54984093 0.193432063
1674207948.37142134 12.7432842 3.77648568 0.259334415
1674207948.37142134 5.49785614 11.7803907 0.279987425
1674207948.37142134 -6.01203346 7.19304705 0.214676052
1674207948.37142134 -1.76770461 12.2022467 0.268585652
1674207948.37142134 -11.8084116 -4.9191227 0.297940165
1674207948.37142134 8.40220642 -11.030098 0.176201195
1674207948.37142134 20.2469921 4.23625326 0.237935334
1674207948.37142134 8.47770786 15.2655268 0.225809485
1674207948.37142134 -0.46651563 6.54210424 0.143756151
1674207948.37142134 -1.1704601 -11.7411041 0.157668754
1674207948.37142134 -15.5666943 -8.66502285 0.231546655
