1674207961.38227415 7.3995018 6.12320566 0.27377522
1674207961.38227415 3.29774117 8.34024334 0.243550599
1674207961.38227415 -7.00022697 6.16245365 0.277502239
1674207961.38227415 -7.7554822 -10.2604332 0.289958119
1674207961.38227415 11.6287642 -7.0676918 0.294291317
1674207961.38227415 7.26857805 11.3439283 0.266153693
1674207961.38227415 16.1389084 7.99201059 0.269253165
1674207961.38227415 14.3766365 -12.9274902 0.284092695
1674207961.38227415 -6.93272018 11.6612787 0.262390107
1674207961.38227415 0.0130390329 -11.5971498 0.205848098
1674207961.38227415 2.6925149 -20.4224072 0.251388758
1674207961.38227415 -12.5719376 6.13513422 0.241510436
1674207961.38227415 22.485487 12.7596064 0.274544805
