1674207944.74046421 -0.98868382 -5.6628437 0.329742908
1674207944.74046421 4.40127516 -8.37119675 0.32337746
1674207944.74046421 4.70758677 6.67227077 0.237347752
1674207944.74046421 0.695088983 5.64100599 0.212795734
1674207944.74046421 16.0483837 -8.62217045 0.337172776
1674207944.74046421 -4.6459322 -9.55366707 0.268158644
1674207944.74046421 16.2848377 3.57997489 0.254285127
1674207944.74046421 -4.44433737 5.63365316 0.145779446
1674207944.74046421 -1.91971779 12.8532467 0.263204753
1674207944.74046421 6.52389145 -17.8064308 0.18960081
1674207944.74046421 9.79234409 -12.0278101 0.19756934
1674207944.74046421 -5.40073395 16.4236832 0.310596108
1674207944.74046421 23.2842369 3.91947007 0.263645768
1674207944.74046421 10.1820936 6.14292574 0.138202488
1674207944.74046421 -11.9227705 -5.01821852 0.215801761
1674207944.74046421 13.4914093 -8.63507652 0.144591838
1674207944.74046421 16.0136471 11.6289196 0.27600649
1674207944.74046421 6.08830643 17.211462 0.252512515
1674207944.74046421 -10.758275 8.86073875 0.165674657
1674207944.74046421 18.8349533 15.2101221 0.22895056
1674207944.74046421 -8.80609512 -13.4326324 0.205883607
1674207944.74046421 8.69786549 11.7996988 0.274194121
1674207944.74046421 -17.631443 -10.9736795 0.246612921
1674207944.74046421 -15.1872129 23.3823338 0.302115649
