1674207938.48716927 0.767232835 -5.91303349 0.232969701
1674207938.48716927 11.8052721 -6.64720917 0.338734299
1674207938.48716927 7.99053192 -10.4531851 0.252195299
1674207938.48716927 2.07703376 8.1041441 0.194856539
1674207938.48716927 13.5187969 4.54178286 0.200093299
1674207938.48716927 4.21075678 5.3624053 0.091709204
1674207938.48716927 8.35357189 4.55039406 0.159427628
1674207938.48716927 28.6402454 -9.91565132 0.250423372
1674207938.48716927 -5.03252029 -11.6780462 0.265117973
1674207938.48716927 -8.44828892 6.64099789 0.173367873
1674207938.48716927 -7.3995347 10.9633121 0.216163158
1674207938.48716927 -3.85829043 14.7158556 0.222833797
1674207938.48716927 11.0145025 11.8398533 0.224101305
1674207938.48716927 3.74161077 -14.2772541 0.187548876
1674207938.48716927 21.6235142 10.5661411 0.275480926
1674207938.48716927 -1.93868613 22.7369633 0.266621888
1674207938.48716927 19.2039127 16.0291824 0.248021722
