1674207942.42067814 5.01489258 -5.99682903 0.328995585
1674207942.42067814 10.4218254 -8.75864029 0.288463712
1674207942.42067814 6.62577009 5.22422791 0.178224593
1674207942.42067814 -6.03393602 -5.47172976 0.214897797
1674207942.42067814 1.33380616 -9.88710976 0.247929364
1674207942.42067814 1.52659869 5.23201132 0.132452801
1674207942.42067814 10.703392 6.29609299 0.190539584
1674207942.42067814 -4.8683219 8.50600719 0.185592026
1674207942.42067814 -2.58952093 5.89869928 0.11446172
1674207942.42067814 0.588247836 16.0275803 0.278016806
1674207942.42067814 22.0320511 -8.97687912 0.319267303
1674207942.42067814 22.2690792 3.28337884 0.254694968
1674207942.42067814 -11.66399 -11.4195099 0.243893921
1674207942.42067814 6.73399115 7.05383396 0.109573625
1674207942.42067814 5.96244001 -9.03778267 0.109122857
1674207942.42067814 -9.78094292 -17.3717175 0.287381738
1674207942.42067814 -4.44414139 5.29794121 0.0897905007
1674207942.42067814 -2.78540015 -13.7365303 0.15919967
1674207942.42067814 22.0199509 11.3127766 0.257446021
1674207942.42067814 4.00057459 12.4435911 0.24245429
1674207942.42067814 12.0490656 16.7970524 0.227268562
1674207942.42067814 -9.23487568 4.6127491 0.144847259
1674207942.42067814 -10.7739782 15.0393143 0.23739855
