1674207937.57941723 1.30159771 -5.980721 0.245368674
1674207937.57941723 12.3546553 -6.71183252 0.342253208
1674207937.57941723 2.64222288 8.00413609 0.182880729
1674207937.57941723 8.51298332 -10.5265551 0.248213097
1674207937.57941723 8.9703989 4.47108746 0.157849908
1674207937.57941723 8.25093174 15.4333467 0.296715051
1674207937.57941723 -4.49670029 -11.6941986 0.266113609
1674207937.57941723 14.1760235 4.46696091 0.189889356
1674207937.57941723 4.86382627 5.31038952 0.164849877
1674207937.57941723 -6.76382685 10.934123 0.19131723
1674207937.57941723 11.6513205 11.7719812 0.252498746
1674207937.57941723 -7.85435915 6.63004541 0.178813845
1674207937.57941723 4.25064325 -14.3046265 0.153275371
1674207937.57941723 -3.18059158 14.7053776 0.260560513
1674207937.57941723 -20.8631592 -13.6723099 0.248038113
