1674207957.85219646 7.14542913 5.61480379 0.284500122
1674207957.85219646 1.66092849 5.41698027 0.187726483
1674207957.85219646 6.59280348 -10.708148 0.30026257
1674207957.85219646 7.14991999 11.085701 0.220797494
1674207957.85219646 14.5072479 -11.9901466 0.278544366
1674207957.85219646 21.6954556 6.01698017 0.237977579
1674207957.85219646 17.2800713 8.50223446 0.229863301
1674207957.85219646 -5.98818588 16.9845619 0.249872148
1674207957.85219646 -6.81592894 -14.3831978 0.190979019
1674207957.85219646 -7.58521366 7.36994839 0.131728217
1674207957.85219646 17.391983 -20.609726 0.250912398
1674207957.85219646 3.5868907 22.5814209 0.241667718
1674207957.85219646 11.4256268 23.270359 0.237394571
1674207957.85219646 -14.3505316 20.836813 0.30385071
1674207957.85219646 3.8199563 -26.2909031 0.204333693
1674207957.85219646 -2.7392118 -24.0977039 0.206734508
