1674207975.60349798 2.17381477 -12.2258224 0.349775165
1674207975.60349798 -6.04047632 -4.49594021 0.303914607
1674207975.60349798 7.60048914 10.4858093 0.262158066
1674207975.60349798 13.1464233 -8.67983627 0.263057977
1674207975.60349798 -6.91994143 4.52265644 0.198405027
1674207975.60349798 -1.97835791 7.82595158 0.221216083
1674207975.60349798 1.29886842 12.0299015 0.250953883
1674207975.60349798 16.3036194 -17.2483978 0.326715648
1674207975.60349798 -3.7673111 6.23807526 0.15284501
1674207975.60349798 3.5161202 -14.2129879 0.182239115
1674207975.60349798 -5.046772 -16.2627983 0.243726894
1674207975.60349798 -15.1393557 -6.07833147 0.242274553
1674207975.60349798 1.34204733 9.05709553 0.0906241462
