1674207965.82015681 1.0509994 -7.0514307 0.262671888
1674207965.82015681 -3.71834731 9.34837723 0.309752792
1674207965.82015681 7.68737078 9.79633141 0.304347306
1674207965.82015681 3.63905406 9.28305626 0.209467992
1674207965.82015681 9.48806381 -7.14448166 0.208248034
1674207965.82015681 10.4846497 -12.7452927 0.246784553
1674207965.82015681 14.7431164 7.69759607 0.192289487
1674207965.82015681 2.46473312 14.020052 0.247321099
1674207965.82015681 17.9646225 10.9436693 0.265519798
1674207965.82015681 -12.743227 12.5569696 0.287603408
1674207965.82015681 -12.4459457 7.25918531 0.248108715
1674207965.82015681 -4.6580615 14.2045717 0.281238079
1674207965.82015681 21.6162319 7.1087904 0.226340145
1674207965.82015681 0.350578666 -17.9001217 0.219678596
1674207965.82015681 14.3519573 20.8675556 0.236499578
