1674207971.56920671 10.444911 -5.37722445 0.303702891
1674207971.56920671 1.25946975 -7.72878361 0.222928196
1674207971.56920671 9.24715042 3.26436949 0.228223994
1674207971.56920671 -3.63311982 8.4011755 0.302431941
1674207971.56920671 2.43620181 -10.9271994 0.262522906
1674207971.56920671 18.8860264 -12.8532228 0.317749709
1674207971.56920671 3.68812561 16.2954483 0.293970883
1674207971.56920671 -7.51049423 12.1744432 0.275886446
1674207971.56920671 11.9283924 -17.2576523 0.293943375
1674207971.56920671 22.9037075 3.79824734 0.252370983
1674207971.56920671 -10.5421267 8.95511913 0.179775551
