1674207946.4550426 -0.417776465 -8.15007114 0.268129557
1674207946.4550426 11.0072327 -8.423522 0.321860462
1674207946.4550426 -4.51984596 5.96157122 0.230654612
1674207946.4550426 11.3893194 3.71619892 0.245176166
1674207946.4550426 -0.0631368831 6.9949832 0.246447936
1674207946.4550426 3.93083549 12.0108337 0.25959909
1674207946.4550426 15.9866734 -5.79344654 0.280281126
1674207946.4550426 4.86896515 -11.8402205 0.173489064
1674207946.4550426 8.62691116 -8.52638912 0.184196725
1674207946.4550426 18.4406548 4.05527115 0.271386355
1674207946.4550426 11.255847 11.8079796 0.291718394
1674207946.4550426 5.36174154 6.35679626 0.131433114
1674207946.4550426 1.33780444 17.4716568 0.256310046
1674207946.4550426 -6.97934246 13.1756144 0.302139342
1674207946.4550426 -4.29237556 7.6990881 0.114253551
1674207946.4550426 -4.85747528 -8.43559837 0.144340843
1674207946.4550426 25.9755745 4.68347454 0.227201313
