1674207968.7450285 3.7594049 -5.34045506 0.344803274
1674207968.7450285 4.86576748 11.4250898 0.279987544
1674207968.7450285 2.31387186 -6.60980272 0.16950728
1674207968.7450285 8.54054356 7.4667573 0.261421978
1674207968.7450285 -4.02449131 -6.43912268 0.206899941
1674207968.7450285 -5.21728086 10.607542 0.268535972
1674207968.7450285 1.70614076 8.34944725 0.192375094
1674207968.7450285 12.7248898 -8.76680851 0.245455831
1674207968.7450285 -9.5160017 10.0641956 0.24344565
1674207968.7450285 13.6927061 -12.0232353 0.271913141
1674207968.7450285 21.8370838 -6.6325016 0.272134542
1674207968.7450285 -10.4443502 14.9818373 0.290707201
1674207968.7450285 20.8611584 1.95431936 0.21995385
1674207968.7450285 1.58211732 21.522131 0.233196869
1674207968.7450285 -7.79770136 26.0439968 0.27244857
1674207968.7450285 -17.9426575 15.3701925 0.292997569
