1674207938.08371115 1.0112077 -5.96401548 0.241611063
1674207938.08371115 12.0510292 -6.69652176 0.343700498
1674207938.08371115 2.35500216 8.03119564 0.178809166
1674207938.08371115 8.27403736 -10.4921331 0.237564877
1674207938.08371115 8.70260239 4.55351305 0.147250935
1674207938.08371115 13.8129616 4.49486399 0.206108406
1674207938.08371115 -4.78161287 -11.6738482 0.258706003
1674207938.08371115 4.51302958 5.33191872 0.0960696042
1674207938.08371115 -7.06504822 10.9604073 0.222679481
1674207938.08371115 11.3784094 11.8189535 0.243513942
1674207938.08371115 -2.95011473 -17.64184 0.303399831
1674207938.08371115 -3.54012322 14.7753649 0.271217495
1674207938.08371115 -8.15615082 6.69472075 0.175182328
1674207938.08371115 3.92480969 -14.274457 0.183261469
1674207938.08371115 7.91277122 15.4364586 0.267449111
1674207938.08371115 21.9139385 10.4662609 0.279500604
1674207938.08371115 19.4390526 15.949955 0.230660051
1674207938.08371115 11.042572 -21.9898567 0.173532337
