1674207964.20637131 3.5774641 8.88816452 0.321109116
1674207964.20637131 8.36780071 -7.46893454 0.307724386
1674207964.20637131 -5.2574234 6.92747498 0.281872213
1674207964.20637131 1.18154228 -12.2295275 0.327974349
1674207964.20637131 15.0218744 9.27837276 0.302295089
1674207964.20637131 10.9664516 8.68531513 0.20848085
1674207964.20637131 -5.43732357 12.17278 0.287632018
1674207964.20637131 9.08316517 -18.9630127 0.304244518
1674207964.20637131 9.7809515 13.5408201 0.260996073
1674207964.20637131 2.68772197 13.7316389 0.244825915
1674207964.20637131 -9.36347294 9.10994816 0.241390735
1674207964.20637131 16.6948948 -7.63180304 0.266611814
1674207964.20637131 7.42621899 -18.3147926 0.173632056
1674207964.20637131 22.0499439 7.12148666 0.193273738
1674207964.20637131 -4.22539997 -10.5424032 0.140607983
1674207964.20637131 28.8971367 6.47616863 0.233210355
