1674207978.22587824 5.35813189 -8.26784801 0.299858719
1674207978.22587824 10.0192051 -6.54208803 0.342414767
1674207978.22587824 -5.90916204 -11.8185215 0.366293222
1674207978.22587824 5.26239109 4.19405031 0.208693773
1674207978.22587824 -6.54604626 12.5186691 0.266012132
1674207978.22587824 8.65088177 -16.6650028 0.325877428
1674207978.22587824 15.2544031 3.60107923 0.298206449
1674207978.22587824 5.36982489 1.65349042 0.14590387
1674207978.22587824 4.96436262 -26.8131084 0.288551211
1674207978.22587824 7.30406189 10.1302023 0.235481471
1674207978.22587824 -9.78262329 8.25257301 0.15100278
1674207978.22587824 -6.6773324 9.53515148 0.114838518
