1674207940.50432491 9.05511379 -6.32447529 0.348009914
1674207940.50432491 -1.82458556 -5.72259426 0.236812636
1674207940.50432491 5.29851913 -10.174634 0.243298903
1674207940.50432491 5.55337477 4.85717344 0.1383937
1674207940.50432491 10.7089643 4.90960979 0.198448956
1674207940.50432491 -5.23203325 4.45472622 0.178148642
1674207940.50432491 14.2856331 -9.14405155 0.318612009
1674207940.50432491 -7.54093933 -11.5878201 0.250772953
1674207940.50432491 1.53218853 5.59406567 0.111662403
1674207940.50432491 14.7832146 5.94228888 0.185577169
1674207940.50432491 8.15864849 12.1297178 0.240292445
1674207940.50432491 -0.388667226 5.06571913 0.116273008
1674207940.50432491 4.73941517 15.6348963 0.252025127
1674207940.50432491 18.7393208 10.9966784 0.246264383
1674207940.50432491 9.40178776 -23.0535145 0.275325775
1674207940.50432491 -6.71088266 14.8361912 0.236840725
1674207940.50432491 -11.2139101 6.70267677 0.199684769
1674207940.50432491 -10.2342453 11.0104132 0.238853067
1674207940.50432491 10.7589588 6.69221783 0.132807702
1674207940.50432491 16.2590752 16.4227352 0.239132017
1674207940.50432491 26.3175125 2.82244015 0.262972713
1674207940.50432491 1.36847055 -14.0090294 0.170450076
