1674207971.77088976 9.5959177 -5.31216812 0.301032782
1674207971.77088976 8.41702938 3.38783979 0.240568534
1674207971.77088976 -4.43327093 8.40329742 0.282366008
1674207971.77088976 1.61983252 -10.8851891 0.280898333
1674207971.77088976 0.52939564 -7.66193342 0.233789518
1674207971.77088976 -8.35733891 12.2182484 0.273413122
1674207971.77088976 -8.46467495 -4.284935 0.198904783
1674207971.77088976 22.1686497 3.83880663 0.279449165
1674207971.77088976 11.238327 -17.2643318 0.261865348
1674207971.77088976 2.8247323 16.3779373 0.292890847
1674207971.77088976 -11.3838348 9.01663017 0.195314541
