1674207977.21724749 12.4261465 -6.84888554 0.318487465
1674207977.21724749 7.78581715 -8.52968788 0.282595724
1674207977.21724749 -3.55554199 -12.0030241 0.357670575
1674207977.21724749 7.68396807 3.81700635 0.179085314
1674207977.21724749 -3.87517023 12.3352537 0.27619651
1674207977.21724749 10.9648676 -17.008646 0.301632315
1674207977.21724749 -7.22901058 8.1300621 0.214278907
1674207977.21724749 17.8099461 3.10774422 0.276773036
1674207977.21724749 2.43882942 10.7639685 0.239020273
1674207977.21724749 -10.8337669 -15.8713284 0.263694555
