1674207951.09462619 0.96557492 -5.58823633 0.277984113
1674207951.09462619 -4.13161755 -8.01911068 0.314509124
1674207951.09462619 10.8542681 4.55579948 0.249048039
1674207951.09462619 -3.35815573 12.1644268 0.236190364
1674207951.09462619 14.9658003 -7.70841742 0.27904883
1674207951.09462619 -6.57104397 -8.04079151 0.133219749
1674207951.09462619 10.4230022 -9.00785923 0.137922958
1674207951.09462619 -0.33440575 15.656373 0.21370323
1674207951.09462619 -0.642760098 -10.6389198 0.181046277
1674207951.09462619 -10.3701744 -11.1675138 0.178952634
1674207951.09462619 16.6498489 16.0399971 0.237403095
1674207951.09462619 2.8239944 -9.25344563 0.0888592899
1674207951.09462619 12.6202679 -8.6770525 0.203261822
1674207951.09462619 9.82436848 6.31666851 0.0751202479
1674207951.09462619 15.3715067 -17.3723602 0.191622972
1674207951.09462619 5.08782148 -15.8590384 0.168736443
1674207951.09462619 8.25065613 26.4075775 0.259542316
