1674207972.88039017 5.229424 -4.71598721 0.284164011
1674207972.88039017 -3.91223073 -7.28179073 0.235679626
1674207972.88039017 17.1235294 4.71120691 0.259334564
1674207972.88039017 -9.04602146 8.73059273 0.270610482
1674207972.88039017 -2.61838627 -10.4644384 0.255757809
1674207972.88039017 6.96026659 -16.6698036 0.277275056
1674207972.88039017 -12.0943556 -6.81638098 0.322244853
1674207972.88039017 6.50330305 5.80976248 0.138518378
1674207972.88039017 -1.93747187 16.8136654 0.287994444
1674207972.88039017 8.11191559 7.46364498 0.133731246
1674207972.88039017 17.6116238 10.9636917 0.260105401
1674207972.88039017 14.4287291 -23.6666107 0.266358197
1674207972.88039017 24.8877563 -7.88897991 0.255689651
1674207972.88039017 -6.29338884 23.0445423 0.303508848
