1674207960.27287841 -2.47877836 5.96279526 0.294964731
1674207960.27287841 4.61848354 -11.8031921 0.248477861
1674207960.27287841 12.3523321 5.9536972 0.251365691
1674207960.27287841 7.72396374 8.19556522 0.25353536
1674207960.27287841 20.0307617 12.7940226 0.224919006
1674207960.27287841 -8.02248764 5.83653355 0.217741892
1674207960.27287841 16.2105122 -7.20197248 0.310578018
1674207960.27287841 -2.42430305 11.4378757 0.250727862
1674207960.27287841 11.8192663 11.1814051 0.255760431
1674207960.27287841 7.31453276 -20.5939617 0.254526019
1674207960.27287841 -16.7084351 -13.769599 0.215438232
1674207960.27287841 -5.67169189 22.952898 0.241128251
