1674207963.9037776 2.4785378 -12.2467661 0.31544283
1674207963.9037776 4.84131956 8.77137184 0.296192765
1674207963.9037776 -3.95292664 6.85232592 0.291607231
1674207963.9037776 9.7172718 -7.49680424 0.293431371
1674207963.9037776 16.3589001 9.31358814 0.283945113
1674207963.9037776 12.3511086 8.73850536 0.190421075
1674207963.9037776 -8.03352451 8.96265507 0.237838343
1674207963.9037776 3.98812795 13.6709862 0.251009107
1674207963.9037776 10.5033026 -18.9906273 0.293755472
1674207963.9037776 11.0948439 13.4929857 0.257028073
1674207963.9037776 -4.12015104 12.080286 0.2783328
1674207963.9037776 -11.4772348 -10.9331436 0.245047003
1674207963.9037776 18.1888447 -7.67851734 0.21960035
1674207963.9037776 -2.85314298 -10.6133394 0.145430237
1674207963.9037776 2.57935023 -15.4794846 0.159885526
1674207963.9037776 8.77753735 -18.3623791 0.194143355
1674207963.9037776 23.4025364 7.11019135 0.203588679
1674207963.9037776 -2.98089099 21.6839275 0.266961396
1674207963.9037776 30.1523056 6.47438908 0.258715898
1674207963.9037776 26.8019161 10.358777 0.262287438
