1674207954.52386093 3.20257854 -7.31273317 0.296600938
1674207954.52386093 -7.77799797 4.92644548 0.264092982
1674207954.52386093 19.1107979 6.15540171 0.309767872
1674207954.52386093 19.6667004 -10.3427658 0.329132855
1674207954.52386093 4.59405756 6.86586761 0.142525598
1674207954.52386093 -10.74195 -4.83657122 0.287376791
1674207954.52386093 13.6135063 5.55141115 0.211115614
1674207954.52386093 5.58169889 16.5343304 0.234203354
1674207954.52386093 18.7737255 11.5524139 0.2055801
1674207954.52386093 -1.32828557 -8.4138546 0.114498295
1674207954.52386093 -1.37639189 7.01095581 0.0855007842
1674207954.52386093 -10.8108225 -17.7611179 0.207964763
1674207954.52386093 0.818754733 -8.23282528 0.182465106
1674207954.52386093 -14.4658136 13.1650333 0.233307824
1674207954.52386093 -12.8715734 -9.65393162 0.16853635
1674207954.52386093 -11.3815002 16.5688496 0.228187874
1674207954.52386093 0.226857349 7.40392017 0.0829749778
