1674207939.79830074 10.2216215 -6.39505291 0.340570837
1674207939.79830074 6.42876959 -10.2293787 0.213269502
1674207939.79830074 -0.674171805 -5.76528835 0.240279406
1674207939.79830074 6.71721554 4.7681036 0.13066344
1674207939.79830074 11.8779497 4.80949879 0.194193855
1674207939.79830074 2.61837602 5.55783701 0.1131474
1674207939.79830074 -6.42767191 -11.5919914 0.261957258
1674207939.79830074 5.9000845 15.6866035 0.295365334
1674207939.79830074 0.467040241 8.23116016 0.169758454
1674207939.79830074 -9.01273632 10.9927416 0.210977837
1674207939.79830074 -10.0574551 6.69767714 0.161150917
1674207939.79830074 10.4701576 -23.1706734 0.276433885
1674207939.79830074 -5.55471802 14.8264751 0.269337922
1674207939.79830074 2.40811658 -14.0909224 0.168674514
1674207939.79830074 -4.55122948 -17.5655499 0.282605112
1674207939.79830074 15.5942125 -9.06064034 0.228612259
1674207939.79830074 9.37809086 12.0862236 0.235169306
1674207939.79830074 17.4543247 16.3286591 0.239804
1674207939.79830074 11.9359913 6.6188364 0.105685458
1674207939.79830074 27.5286331 2.68775558 0.300959885
