1674207943.53009701 2.2205081 -5.8028307 0.329185665
1674207943.53009701 3.81396699 5.46701431 0.200465992
1674207943.53009701 7.68027449 -8.56655884 0.331979662
1674207943.53009701 7.83346701 6.49419212 0.202020526
1674207943.53009701 -1.3866334 -9.72735214 0.264020264
1674207943.53009701 -1.24638605 5.43660641 0.147446811
1674207943.53009701 19.3060436 -8.6887331 0.330290735
1674207943.53009701 -8.76914978 -5.25764561 0.217916995
1674207943.53009701 11.8258362 11.6409636 0.255152017
1674207943.53009701 1.21454489 12.6842251 0.244990662
1674207943.53009701 19.4691391 3.53488636 0.26251021
1674207943.53009701 -2.29363799 16.2365456 0.294835329
1674207943.53009701 3.92663741 7.25934601 0.130206957
1674207943.53009701 13.0535669 -12.1714382 0.176171288
1674207943.53009701 -12.525238 -17.2192192 0.287472844
1674207943.53009701 9.84120274 -17.9816093 0.274253458
1674207943.53009701 -5.42801523 6.09327221 0.122934103
1674207943.53009701 -14.4174223 -11.2579641 0.26229465
1674207943.53009701 16.7135544 -8.74355221 0.228148028
1674207943.53009701 26.4529476 3.86550832 0.280445307
1674207943.53009701 -5.53113317 -13.5643482 0.154537484
1674207943.53009701 19.1135864 11.5011663 0.250555277
1674207943.53009701 13.3144102 5.98934555 0.119035333
