1674207968.54331112 2.55100608 8.25950241 0.195442736
1674207968.54331112 5.74021053 11.3902044 0.279072046
1674207968.54331112 9.41535187 7.44632626 0.255668342
1674207968.54331112 -4.3377347 10.5681095 0.267460883
1674207968.54331112 3.21955466 -6.59799957 0.176401854
1674207968.54331112 13.7208929 -8.75280285 0.243930966
1674207968.54331112 14.6699533 -12.0498266 0.269107252
1674207968.54331112 -2.04754138 -12.1529303 0.252606243
1674207968.54331112 22.6969528 -6.62177277 0.2826792
1674207968.54331112 -8.3912487 9.9914608 0.201459453
1674207968.54331112 -9.59306526 14.9103432 0.293483526
1674207968.54331112 17.0624733 15.151453 0.285313338
1674207968.54331112 21.8347721 1.91854727 0.215375334
1674207968.54331112 2.39750886 21.483429 0.256778598
1674207968.54331112 -10.9433012 -17.6783772 0.308682144
1674207968.54331112 -16.6483459 15.2140646 0.277208328
1674207968.54331112 -17.0441322 15.2511168 0.267601579
