1674207953.31349421 -6.59359455 -5.21994257 0.289348751
1674207953.31349421 7.53453875 -7.46908045 0.316672117
1674207953.31349421 -11.54599 -7.50490236 0.310194254
1674207953.31349421 2.9646976 -8.67597485 0.139909625
1674207953.31349421 8.62231541 6.72810888 0.162511259
1674207953.31349421 5.19322491 -8.32529163 0.172943547
1674207953.31349421 23.1414509 6.27052832 0.282186478
1674207953.31349421 2.60623002 6.74111319 0.109378859
1674207953.31349421 -8.25311756 -10.1948977 0.177460268
1674207953.31349421 4.19247198 7.2061367 0.093153201
1674207953.31349421 17.8208466 5.60951042 0.235757723
1674207953.31349421 7.66359854 -17.0416851 0.160446122
1674207953.31349421 0.789443552 19.5048275 0.28279081
1674207953.31349421 -6.25597763 -18.212965 0.210805267
1674207953.31349421 22.8398476 11.6630497 0.224498123
1674207953.31349421 -13.9549122 -7.4671874 0.125885025
