1674207973.98977375 12.8713579 4.68238926 0.253683627
1674207973.98977375 4.02611732 7.68295622 0.187592253
1674207973.98977375 -7.23782873 -10.0493221 0.240963146
1674207973.98977375 -8.48128605 -6.91791248 0.22945939
1674207973.98977375 7.0697093 12.0966959 0.262847871
1674207973.98977375 2.36833572 6.02580976 0.179737583
1674207973.98977375 13.5373211 10.9362402 0.268534601
1674207973.98977375 24.5025921 -6.03015137 0.32346049
1674207973.98977375 20.0063267 -7.98717403 0.27907753
1674207973.98977375 -13.2378817 9.30365086 0.265628219
1674207973.98977375 7.15455484 9.12626266 0.114990041
1674207973.98977375 1.87687767 6.41431093 0.132649556
