1674207941.21035552 7.71765089 -6.21847963 0.33961913
1674207941.21035552 3.94435167 -10.0783691 0.247784749
1674207941.21035552 -3.15305066 -5.63098717 0.231095478
1674207941.21035552 13.0359831 -9.0639677 0.302301764
1674207941.21035552 9.3451519 5.00315952 0.184387833
1674207941.21035552 13.456666 6.06755304 0.188211516
1674207941.21035552 -6.54903221 4.49734306 0.139513984
1674207941.21035552 3.35838461 15.84202 0.275152981
1674207941.21035552 6.77826118 12.2306471 0.220173195
1674207941.21035552 -8.85788918 -11.5439577 0.247519433
1674207941.21035552 0.170051217 5.67516041 0.141968608
1674207941.21035552 -2.07260585 8.33670998 0.196715832
1674207941.21035552 24.6128197 -9.30679703 0.31160152
1674207941.21035552 3.40308881 10.1457129 0.164977998
1674207941.21035552 -0.123493411 -13.873498 0.164254114
1674207941.21035552 -1.74360597 5.15416479 0.0824838653
1674207941.21035552 9.47348785 6.85955048 0.120884694
1674207941.21035552 -11.5376568 11.0916128 0.209197253
1674207941.21035552 25.0159912 3.00253892 0.26420787
1674207941.21035552 -8.12580204 14.9071932 0.272237629
1674207941.21035552 17.4109478 11.1159039 0.231934637
1674207941.21035552 6.84414911 -21.5511532 0.197816566
1674207941.21035552 -12.5221796 6.72825527 0.202254221
1674207941.21035552 8.60041332 -9.274786 0.141541511
1674207941.21035552 10.5201721 23.024231 0.215494633
