1674207953.91868305 -5.815166 4.7098794 0.317973495
1674207953.91868305 5.51353073 -7.33096886 0.288515419
1674207953.91868305 -8.61739254 -5.03848743 0.309324622
1674207953.91868305 21.0914993 6.2451992 0.334157586
1674207953.91868305 6.71805716 6.83311033 0.153093904
1674207953.91868305 15.7751322 5.61406517 0.207077742
1674207953.91868305 7.53639603 16.4925804 0.244312763
1674207953.91868305 3.02675152 -8.27775383 0.15006347
1674207953.91868305 -10.3501987 -9.9789896 0.139572293
1674207953.91868305 0.924691439 -8.57285786 0.138424724
1674207953.91868305 -9.45119286 16.3434486 0.248064786
1674207953.91868305 5.52619076 -16.9441566 0.178587005
1674207953.91868305 20.8330574 11.6690311 0.213873059
1674207953.91868305 -12.4988432 12.8899965 0.253522694
1674207953.91868305 0.671324849 6.9122138 0.104888462
1674207953.91868305 -8.41934395 -17.9734764 0.184327558
1674207953.91868305 16.3836765 22.7858658 0.235107422
