1674207946.05163622 -3.34524322 5.90138102 0.220795929
1674207946.05163622 12.3009357 -8.44456291 0.314239442
1674207946.05163622 12.580863 3.71076465 0.261578619
1674207946.05163622 1.08569133 6.9484272 0.257816494
1674207946.05163622 5.07534504 11.9633217 0.252537161
1674207946.05163622 17.0955238 -5.81190586 0.29279086
1674207946.05163622 6.08618927 -11.8801908 0.187781379
1674207946.05163622 19.628828 4.06903791 0.268119901
1674207946.05163622 9.78120804 -8.48758984 0.176734492
1674207946.05163622 6.50557852 6.34477186 0.109801106
1674207946.05163622 -5.84733343 13.0771637 0.259811282
1674207946.05163622 -3.65703535 -8.56801319 0.191174224
1674207946.05163622 2.65102124 -17.5617409 0.215961725
1674207946.05163622 -8.272645 5.78888035 0.129298374
1674207946.05163622 26.9687347 4.70552397 0.242315903
