1674207962.08830786 4.15242815 6.34630299 0.285747409
1674207962.08830786 18.0761337 -7.91698122 0.313506514
1674207962.08830786 8.41087532 -6.83442497 0.333889127
1674207962.08830786 3.94556737 11.5123167 0.24773778
1674207962.08830786 11.229064 -12.7227221 0.302504241
1674207962.08830786 -10.7311268 -10.061451 0.275414228
1674207962.08830786 0.0358293466 8.52986717 0.23479417
1674207962.08830786 12.8751602 8.24980545 0.263818592
1674207962.08830786 -10.2269745 6.26793909 0.281914502
1674207962.08830786 -3.1304636 -11.4631519 0.206805021
1674207962.08830786 5.34927845 -11.0256472 0.215751559
1674207962.08830786 -10.185627 11.731883 0.24172765
1674207962.08830786 12.1060381 13.1706514 0.250390798
1674207962.08830786 24.4416084 8.84341908 0.312028646
1674207962.08830786 5.12876797 21.0423584 0.209272429
1674207962.08830786 -0.318072975 -20.2790337 0.229339942
