1674207951.29633784 0.266119987 -5.66043234 0.319585145
1674207951.29633784 -4.80872583 -7.94428396 0.290663809
1674207951.29633784 10.1887045 4.60081387 0.242244869
1674207951.29633784 14.3439531 -7.67750311 0.266856372
1674207951.29633784 -7.30700731 -8.04661465 0.1918239
1674207951.29633784 -4.03313351 12.2190514 0.23957786
1674207951.29633784 9.7667141 -8.9816885 0.153086051
1674207951.29633784 -1.02146089 15.7221527 0.243478507
1674207951.29633784 14.4369116 -17.2874527 0.180047095
1674207951.29633784 15.9716864 16.0996971 0.238941297
1674207951.29633784 -11.1591635 -11.1092081 0.185255527
1674207951.29633784 9.18649006 6.39009666 0.0964993536
1674207951.29633784 -1.28139341 -10.5688257 0.211962149
1674207951.29633784 7.2675209 19.1191216 0.257964343
1674207951.29633784 2.1487782 -9.22876835 0.076263018
1674207951.29633784 7.57265759 26.4846344 0.276396871
1674207951.29633784 5.01781178 23.9281902 0.193983123
