1674207955.6333375 -4.36573505 5.33112478 0.263458073
1674207955.6333375 9.72669983 5.38181734 0.21689567
1674207955.6333375 15.3567915 -10.6980724 0.326526046
1674207955.6333375 15.2120829 5.82705545 0.303141981
1674207955.6333375 1.99513018 -14.7826757 0.213161662
1674207955.6333375 0.81761694 6.91017914 0.122975968
1674207955.6333375 10.2180309 -19.1194496 0.255315214
1674207955.6333375 15.0289602 11.2587566 0.204706594
1674207955.6333375 -5.2624383 7.17170954 0.0989356935
1674207955.6333375 6.48280668 -24.4279881 0.29720518
1674207955.6333375 -5.72201967 -8.23180103 0.133100882
1674207955.6333375 10.9585867 22.5570736 0.233352706
1674207955.6333375 -15.3186255 -17.2441788 0.184776828
1674207955.6333375 -3.53714061 -8.01157951 0.104981378
1674207955.6333375 23.2766361 -11.5564442 0.242108375
1674207955.6333375 -6.54510117 20.1453667 0.311763376
1674207955.6333375 -3.66444349 7.59767914 0.0820066854
1674207955.6333375 18.7453175 23.5818024 0.285736561
