1674207959.36510038 -4.52922964 5.64833117 0.200982556
1674207959.36510038 8.21105289 -11.9963417 0.25882718
1674207959.36510038 15.9540272 5.77417231 0.248117313
1674207959.36510038 11.6201973 8.10764408 0.232522309
1674207959.36510038 19.9167976 -7.3677597 0.310511678
1674207959.36510038 1.13984668 11.2454128 0.25694719
1674207959.36510038 11.0008354 -20.7332268 0.225080028
1674207959.36510038 24.6761131 7.71699238 0.261330694
1674207959.36510038 -13.0543156 -13.9266071 0.200476855
1674207959.36510038 23.9167042 12.668519 0.246553332
1674207959.36510038 -11.4878988 17.3638134 0.267687649
1674207959.36510038 -9.20524502 -23.8531017 0.241784081
1674207959.36510038 -2.1541059 22.758028 0.251645267
