1674207966.02185583 -4.68416548 9.39923573 0.326975018
1674207966.02185583 6.79807329 9.93199253 0.296429485
1674207966.02185583 -6.92525768 -11.754324 0.33644557
1674207966.02185583 -9.32613564 -5.90438175 0.302856565
1674207966.02185583 2.73985076 9.30550289 0.163229197
1674207966.02185583 13.8127003 7.80716467 0.203320682
1674207966.02185583 8.59583569 -7.05062056 0.221290052
1674207966.02185583 1.49169981 14.0857849 0.242888644
1674207966.02185583 17.0076847 11.0511551 0.265486091
1674207966.02185583 -5.60599518 14.2496319 0.275258273
1674207966.02185583 -13.7104406 12.5889835 0.301541328
1674207966.02185583 -12.82131 -10.0647764 0.202841073
1674207966.02185583 20.7018414 7.24169016 0.244924545
1674207966.02185583 3.78466296 25.1886864 0.274365455
