1674207961.88667822 5.092978 6.27974796 0.284463793
1674207961.88667822 9.38405323 -6.99310493 0.295593858
1674207961.88667822 4.91079807 11.454052 0.237813532
1674207961.88667822 12.1167278 -12.8230505 0.339827687
1674207961.88667822 0.993117869 8.48707485 0.206463531
1674207961.88667822 -9.942276 -10.0663319 0.282271743
1674207961.88667822 -9.29654217 6.24846888 0.283506513
1674207961.88667822 -2.23331499 -11.5413084 0.221125916
1674207961.88667822 -9.23952961 11.7152376 0.247428119
1674207961.88667822 6.2005744 -11.1807909 0.19855243
1674207961.88667822 13.0469942 13.093401 0.24079673
1674207961.88667822 21.4770126 8.11764336 0.213923693
1674207961.88667822 0.485446155 -20.3323193 0.239153787
1674207961.88667822 25.3617458 8.69573021 0.350147516
1674207961.88667822 20.1664772 12.939786 0.271543682
1674207961.88667822 6.12086248 21.0233002 0.228981763
1674207961.88667822 -21.840641 17.8217106 0.242773175
