1674207966.72783279 3.63763261 10.1412239 0.309766322
1674207966.72783279 5.3258009 -6.8832202 0.215100631
1674207966.72783279 -7.84580898 9.63109875 0.327982575
1674207966.72783279 2.88289952 -5.22641659 0.199235171
1674207966.72783279 -10.2329226 -11.4578114 0.319779783
1674207966.72783279 10.628706 7.99052143 0.19228676
1674207966.72783279 13.8105001 11.2183027 0.264291108
1674207966.72783279 -1.63986707 14.3465977 0.256156296
1674207966.72783279 -8.73467159 14.5291119 0.278402776
1674207966.72783279 17.4988575 7.37913465 0.245872036
1674207966.72783279 11.5675354 -6.85368109 0.14854306
1674207966.72783279 10.2348909 21.1789837 0.239057541
1674207966.72783279 -2.15351558 -18.2050514 0.313623518
