1674207969.14849424 -5.81515598 -6.37662792 0.215757221
1674207969.14849424 6.84729815 7.55386496 0.267252833
1674207969.14849424 2.49814224 -7.77737522 0.335208416
1674207969.14849424 3.21953583 11.5216703 0.26453051
1674207969.14849424 0.605751455 -6.52769756 0.177471235
1674207969.14849424 10.8904524 -8.69933128 0.234541908
1674207969.14849424 11.952631 -11.9467936 0.281660825
1674207969.14849424 -7.32976627 10.7074194 0.260427475
1674207969.14849424 0.00938436855 8.43291187 0.195463717
1674207969.14849424 20.1475315 -6.4390521 0.2843104
1674207969.14849424 -12.5645924 15.0754232 0.291559577
1674207969.14849424 -11.4628906 10.1968365 0.187151313
1674207969.14849424 19.039959 2.00582933 0.176043436
