1674207939.49575472 10.6352491 -6.46690845 0.344053954
1674207939.49575472 -0.279967993 -5.80003643 0.239254266
1674207939.49575472 7.01529741 -10.333952 0.250628263
1674207939.49575472 12.3367395 4.72256136 0.186272919
1674207939.49575472 7.22019053 4.73720026 0.136404246
1674207939.49575472 3.06062508 5.48659849 0.108265929
1674207939.49575472 -6.06784725 -11.5927248 0.262516439
1674207939.49575472 0.903212607 8.21091652 0.183809906
1674207939.49575472 6.37437487 15.6045666 0.285188794
1674207939.49575472 -9.57088947 6.69981718 0.171691611
1674207939.49575472 9.83164883 12.0166435 0.243462905
1674207939.49575472 2.78822231 -14.1331425 0.183327302
1674207939.49575472 -5.04995012 14.7715511 0.214010015
1674207939.49575472 16.2731667 5.6402874 0.224248618
1674207939.49575472 -8.50637054 11.0502405 0.204929873
1674207939.49575472 -3.25179863 22.7926178 0.259219944
1674207939.49575472 17.8823891 16.2100506 0.214866057
