1674207951.69976139 -6.18228436 -7.90867758 0.324489474
1674207951.69976139 8.87321949 4.66209936 0.249760151
1674207951.69976139 -5.51365614 4.1716814 0.283073217
1674207951.69976139 13.0392637 -7.63720655 0.276309282
1674207951.69976139 -8.56401348 -7.94521761 0.149378225
1674207951.69976139 -5.35376167 12.2856073 0.25386104
1674207951.69976139 8.45575237 -8.92065334 0.150005907
1674207951.69976139 13.9619961 6.49106741 0.168232247
1674207951.69976139 10.7081585 -8.51915836 0.148760036
1674207951.69976139 -2.31770802 15.7650719 0.238248229
1674207951.69976139 13.1106253 -17.2399673 0.161643073
1674207951.69976139 14.6646976 16.1601028 0.242413729
1674207951.69976139 -12.6054821 12.8820505 0.301872194
1674207951.69976139 7.86151266 6.44040155 0.0871165469
1674207951.69976139 3.09343362 -15.7859802 0.127659112
1674207951.69976139 16.5693226 -14.9986343 0.21115227
1674207951.69976139 21.2213917 -24.3940582 0.250230044
1674207951.69976139 23.0606747 5.44520044 0.241513968
1674207951.69976139 3.73780417 24.0120983 0.215407148
