-384.311005 -124.45578 0.209259942 
-383.73053 -124.023903 0.193055421 
-382.859009 -123.133743 0.224335954 
-376.581604 -122.48629 0.219583094 
-462.461945 -120.480919 0.172032118 
-461.692322 -121.269699 0.219121963 
-440.958618 -120.195488 0.202867061 
-438.014832 -120.744301 0.184505954 
-434.902283 -121.407944 0.197141081 
-432.720703 -121.313599 0.186380833 
-430.84552 -121.265396 0.192113966 
-429.431122 -121.100342 0.195448384 
-426.441833 -120.408699 0.210343093 
-425.672333 -120.288193 0.194308937 
-417.263458 -121.296028 0.0889004543 
-392.436707 -120.188812 0.143260732 
-381.488831 -120.16552 0.22311902 
-374.635895 -121.38456 0.238861665 
-373.725037 -120.111618 0.236909553 
-444.389587 -118.625076 0.220364958 
-424.022095 -119.892822 0.207538262 
-422.309082 -119.22908 0.155363441 
-421.051331 -118.995712 0.17547971 
-418.659088 -118.458725 0.248343766 
-417.416992 -118.586594 0.235880464 
-403.241333 -118.880898 0.209987685 
-401.085571 -119.584999 0.184976548 
-399.518036 -118.420631 0.201136708 
-397.807098 -119.39418 0.179794937 
-386.796021 -118.786026 0.17429477 
-384.712189 -118.460724 0.140696481 
-381.525085 -118.791924 0.218859583 
-460.270844 -116.484001 0.258383453 
-456.395935 -117.070267 0.223604932 
-443.249756 -116.180092 0.228291243 
-440.887115 -116.569992 0.211580873 
-438.69931 -116.942383 0.251424521 
-437.23877 -116.994675 0.213058919 
-435.222839 -117.548187 0.241829306 
-432.896149 -117.424408 0.232764453 
-430.88324 -117.541908 0.233104467 
-429.126465 -117.616684 0.240621001 
-426.936096 -117.677689 0.23473227 
-422.453369 -117.266098 0.221970633 
-421.599823 -117.556129 0.231144935 
-418.865356 -117.57737 0.247965544 
-416.63858 -117.61264 0.237060383 
-415.027863 -117.086685 0.231347471 
-412.648071 -116.337769 0.206530362 
-411.102051 -116.1101 0.211157009 
-409.546814 -116.907455 0.180593312 
-406.562622 -116.352211 0.228460893 
-405.20282 -117.25177 0.187944785 
-398.543854 -117.608055 0.194669321 
-397.05426 -116.755905 0.216390565 
-395.399109 -117.259735 0.213637739 
-393.41217 -116.176353 0.216088638 
-390.720764 -116.750671 0.200157672 
-389.158875 -116.437553 0.206696123 
-386.641113 -116.066917 0.200432777 
-382.681396 -117.792679 0.140831918 
-380.547363 -117.054321 0.120794982 
-378.798157 -116.220901 0.138624102 
-373.289215 -116.535698 0.207159579 
-464.01709 -114.508514 0.129940167 
-463.145203 -115.224403 0.132538706 
-461.20636 -115.042633 0.11464569 
-459.493195 -114.244232 0.119852662 
-449.021973 -115.979637 0.197851583 
-445.215759 -115.870781 0.229315743 
-442.460724 -114.268478 0.118696272 
-441.011658 -114.975586 0.110526793 
-438.95813 -115.175446 0.0980809182 
-435.24469 -115.981522 0.10926941 
-433.139771 -115.990211 0.0986256972 
-431.152954 -115.800758 0.117145985 
-429.595764 -115.444275 0.0985397324 
-426.762787 -114.831055 0.111092143 
-425.446411 -114.525909 0.107393764 
-423.199341 -114.098167 0.132635057 
-418.509064 -115.219299 0.172285706 
-417.256958 -115.265953 0.17504701 
-414.903961 -115.061493 0.151993066 
-412.967773 -115.505814 0.191672921 
-411.40332 -115.37899 0.234042764 
-409.459442 -114.851334 0.242293477 
-407.708496 -114.875046 0.234578401 
-405.175781 -114.673798 0.238807082 
-403.036255 -114.666206 0.219812855 
-401.422485 -114.379547 0.234384388 
-399.377869 -114.385262 0.226117373 
-396.726685 -115.188721 0.212774396 
-395.269653 -115.071526 0.227286309 
-393.039673 -114.952667 0.213869363 
-391.396973 -114.926163 0.214703038 
-389.167358 -115.05584 0.208457887 
-387.029327 -115.14296 0.128822044 
-385.03479 -115.511299 0.225523978 
-382.727661 -115.353882 0.236309737 
-381.031494 -115.090378 0.230052695 
-378.582275 -114.553513 0.240387768 
-377.467651 -115.385544 0.12244238 
-466.983093 -112.318222 0.12220674 
-465.321899 -113.403687 0.152602017 
-458.344635 -113.697365 0.0947336182 
-456.780182 -112.606827 0.12185926 
-444.363525 -112.783592 0.108708747 
-443.255463 -113.553047 0.104479119 
-441.329987 -112.122887 0.210315168 
-431.774292 -113.879013 0.158149257 
-427.76947 -113.544907 0.117968395 
-422.065216 -113.802742 0.111989938 
-421.102295 -113.505783 0.101154365 
-414.649597 -113.628502 0.212525353 
-413.24176 -113.135071 0.197728217 
-410.738403 -113.506592 0.165791184 
-408.61261 -113.75412 0.0976555869 
-394.973083 -113.395866 0.185494065 
-386.559021 -112.28537 0.165218353 
-384.540741 -113.232605 0.169898182 
-383.511047 -113.252487 0.122499667 
-381.220093 -112.407227 0.101970807 
-379.049927 -113.424461 0.19315429 
-376.977417 -113.489113 0.213601291 
-375.610626 -112.335312 0.203915924 
-469.076538 -110.559204 0.109755576 
-459.015961 -110.225601 0.118508548 
-456.789337 -110.951401 0.142179713 
-455.278046 -110.82621 0.137363598 
-452.592773 -110.497742 0.110338733 
-451.289429 -111.130371 0.129714191 
-448.72821 -110.88842 0.121420093 
-447.527771 -111.238342 0.105417117 
-445.252319 -111.405243 0.128656954 
-443.605103 -110.948822 0.12116041 
-440.317169 -111.526054 0.131574214 
-439.908691 -111.642311 0.183726579 
-432.966187 -111.808693 0.161486596 
-426.815063 -111.454643 0.223392248 
-424.374115 -111.006332 0.231703058 
-421.122986 -110.422897 0.239969924 
-417.698914 -110.657646 0.103812993 
-409.395874 -110.129143 0.0985297412 
-406.910065 -110.672104 0.104895055 
-404.596252 -111.349075 0.151104197 
-402.72644 -111.332649 0.108327873 
-397.376099 -110.354599 0.266714931 
-395.126953 -111.509033 0.244393915 
-392.870483 -110.947052 0.263012141 
-383.632843 -111.25222 0.178947359 
-380.813049 -110.757019 0.147288963 
-378.941711 -111.229538 0.0879554003 
-376.123505 -110.598404 0.143339843 
-374.759644 -111.293976 0.204195708 
-373.907898 -110.291443 0.198950171 
-471.451172 -108.651123 0.121849298 
-467.454254 -108.16774 0.238380358 
-460.605347 -109.608551 0.121290371 
-459.950348 -109.88958 0.115085363 
-454.851746 -108.506432 0.100696325 
-452.973785 -108.788086 0.114325747 
-451.473267 -109.084824 0.0943540633 
-449.468384 -109.06324 0.103309631 
-447.250183 -108.488312 0.146800205 
-444.839844 -108.328148 0.0896549523 
-443.104004 -108.175148 0.0936716348 
-441.513855 -108.307587 0.0930438489 
-439.793457 -108.85321 0.127117574 
-437.64801 -109.038361 0.137058347 
-435.395416 -109.020996 0.127775118 
-433.27713 -108.815506 0.176061273 
-431.555664 -108.796127 0.0993749499 
-429.066162 -108.253677 0.18169646 
-426.716614 -108.16375 0.122090146 
-425.647858 -108.107681 0.110054053 
-422.750336 -109.332718 0.124969512 
-420.004791 -109.811508 0.098879829 
-418.968994 -108.843475 0.175412789 
-414.029785 -108.336159 0.258381218 
-412.862061 -108.884003 0.248000041 
-410.790405 -109.110733 0.262017488 
-408.996216 -109.111908 0.264705539 
-407.362152 -109.113914 0.257214308 
-404.814453 -108.581604 0.263776064 
-403.299561 -108.433907 0.255845815 
-401.129456 -108.802368 0.258799642 
-399.083282 -109.571609 0.260876328 
-396.654999 -108.461472 0.116943017 
-395.24292 -109.056046 0.129745945 
-392.898193 -109.63488 0.108575463 
-390.805969 -109.190559 0.200299472 
-389.290771 -108.304398 0.181498453 
-386.39798 -108.771858 0.173464611 
-384.11496 -108.184944 0.189981133 
-383.708435 -109.085976 0.179470539 
-380.507446 -109.629524 0.0990383327 
-378.090027 -109.366745 0.0868344456 
-377.420715 -108.995712 0.117041387 
-373.741394 -109.274071 0.205410212 
-473.194672 -106.91803 0.125315502 
-468.428589 -106.752831 0.22125338 
-465.345154 -107.422554 0.214455158 
-462.819885 -106.211418 0.186414614 
-460.981537 -106.604218 0.13319467 
-459.568115 -107.111679 0.132726103 
-457.57019 -107.752014 0.106215782 
-454.989563 -107.948181 0.103905722 
-452.887085 -107.462234 0.184452683 
-451.48172 -107.475189 0.201581001 
-449.409119 -107.066696 0.206697971 
-446.946228 -106.331505 0.194375172 
-445.42511 -107.180908 0.108419552 
-442.69458 -106.800529 0.112359643 
-441.021606 -106.750374 0.132526115 
-439.149048 -106.370888 0.107729129 
-437.137939 -106.722122 0.176167786 
-435.333893 -107.248795 0.170056731 
-433.840424 -106.067497 0.0934232101 
-428.739502 -107.107193 0.125980556 
-426.59256 -106.747559 0.148619384 
-425.076843 -106.088745 0.126536936 
-422.927826 -107.822403 0.101132944 
-420.164124 -107.819305 0.0942504257 
-419.805054 -107.927612 0.075677976 
-417.227722 -107.536346 0.143717289 
-415.299164 -106.950027 0.18964994 
-413.225586 -106.579529 0.119025148 
-411.04364 -107.460304 0.142539725 
-409.017944 -107.673141 0.127712905 
-407.112427 -107.721863 0.124210186 
-404.974548 -107.702988 0.108275592 
-402.970154 -107.256569 0.108603671 
-401.478577 -107.164337 0.124423489 
-399.529236 -107.165138 0.126676738 
-397.808929 -107.993675 0.104026757 
-394.506653 -107.11113 0.221399009 
-393.479126 -107.111877 0.238028273 
-388.784546 -107.508301 0.112550497 
-387.518738 -106.877747 0.161714613 
-384.670959 -107.188248 0.180464655 
-378.234985 -107.095612 0.105867058 
-374.499146 -106.746628 0.185496867 
-373.832581 -107.767593 0.203616872 
-366.40976 -107.417694 0.227813408 
-469.143219 -104.740822 0.215751827 
-461.158844 -105.368256 0.220562547 
-459.222351 -104.165405 0.235545784 
-453.124817 -104.67659 0.283122361 
-450.749146 -104.420403 0.115043372 
-449.30072 -105.400238 0.128602773 
-446.932709 -105.385498 0.213910997 
-444.244568 -105.261551 0.166240335 
-442.963074 -105.385185 0.134004742 
-440.726868 -105.633865 0.291338921 
-439.167297 -104.629578 0.202925414 
-437.541626 -104.757538 0.142553359 
-434.338898 -104.605156 0.0864467248 
-433.288452 -105.64653 0.107826293 
-431.47641 -104.520638 0.103204317 
-429.417725 -104.838356 0.0982580036 
-427.435516 -104.34227 0.0929064155 
-425.273926 -105.687454 0.133911058 
-423.136902 -105.234756 0.192486823 
-421.437927 -104.444084 0.154212549 
-405.390808 -105.540115 0.157474324 
-402.831177 -105.371727 0.150392041 
-400.53772 -104.585693 0.142654106 
-398.261688 -105.798904 0.135087535 
-395.711121 -104.298065 0.135679945 
-393.104645 -104.756851 0.179464638 
-386.402832 -105.516388 0.195807248 
-385.539886 -104.720474 0.131669685 
-383.098022 -105.195328 0.187806636 
-379.063965 -105.326416 0.126376987 
-374.713135 -105.303833 0.186400235 
-373.270935 -104.262482 0.117057942 
-470.360016 -102.5177 0.21853295 
-469.744354 -103.596046 0.227471665 
-458.524292 -103.599525 0.224963322 
-457.20163 -102.635262 0.219907552 
-453.054993 -102.743637 0.295096755 
-450.735931 -102.779404 0.136974931 
-447.245453 -103.111145 0.199880838 
-444.573486 -102.662117 0.0904877037 
-441.190765 -102.295685 0.0728011876 
-438.966858 -102.579208 0.0875536352 
-435.349945 -102.231117 0.0741085187 
-432.633636 -103.624382 0.123790301 
-430.781433 -103.845016 0.101766944 
-429.03418 -103.314682 0.143640354 
-426.807434 -102.967407 0.0900850743 
-425.270386 -103.649261 0.0901988819 
-423.126038 -103.360718 0.0910165757 
-421.292297 -103.188087 0.107137918 
-419.217255 -102.69397 0.138688684 
-417.101624 -102.960312 0.218227223 
-415.371796 -102.427483 0.144240797 
-413.059265 -102.439949 0.176318675 
-410.990143 -102.43644 0.14624247 
-408.553528 -102.213005 0.232876197 
-407.971375 -102.582962 0.193039179 
-405.134644 -102.629364 0.23356083 
-403.216278 -102.567818 0.24953407 
-401.412628 -102.667336 0.228913516 
-399.091766 -102.180077 0.239906594 
-396.957367 -102.334114 0.241333619 
-394.80246 -103.121643 0.217408955 
-393.457642 -103.423187 0.258448005 
-391.383301 -103.418442 0.209406704 
-388.679932 -102.661255 0.251496375 
-387.134094 -102.723549 0.29461652 
-381.271057 -103.011215 0.184977174 
-378.198822 -103.738342 0.0893660337 
-376.919617 -103.326981 0.160728976 
-373.26535 -103.447762 0.189225554 
-471.449402 -100.734375 0.228354365 
-466.665436 -101.095779 0.142744541 
-465.109314 -101.866737 0.107323073 
-463.078125 -101.171021 0.115549855 
-460.682007 -100.294601 0.116554469 
-459.561188 -101.625244 0.0992697924 
-455.148804 -101.46402 0.212525219 
-453.39502 -100.736931 0.212360784 
-451.473541 -100.352371 0.205426246 
-449.153809 -101.403595 0.229890555 
-446.589539 -100.281944 0.138025522 
-445.195984 -101.0616 0.121618688 
-443.055389 -100.620804 0.18482627 
-441.547363 -100.670227 0.198185354 
-438.811249 -100.342712 0.199839264 
-437.845032 -100.102699 0.193001688 
-432.82489 -101.711662 0.109757967 
-431.419861 -101.089622 0.108521387 
-429.299194 -100.889542 0.0763417259 
-427.178101 -100.661285 0.15428555 
-425.55072 -100.266357 0.113247909 
-420.903015 -101.279297 0.136832118 
-419.101685 -101.208977 0.10007064 
-417.217407 -101.26445 0.129713565 
-415.357544 -100.92485 0.100138396 
-413.129517 -100.707474 0.134154975 
-411.403992 -100.52063 0.124806069 
-409.771851 -100.930084 0.170029044 
-407.380432 -100.91507 0.153085232 
-405.211029 -101.089859 0.168928683 
-403.223846 -101.525223 0.175018877 
-401.334839 -101.64875 0.193613291 
-398.768799 -100.854332 0.14700821 
-396.537903 -100.308853 0.12655139 
-394.794006 -100.185326 0.140963733 
-392.881958 -100.129654 0.0913435221 
-391.383026 -100.305687 0.111016944 
-388.088074 -101.114029 0.195800319 
-387.466614 -101.155495 0.198164627 
-380.99115 -101.361938 0.168679953 
-379.571503 -100.733253 0.174769759 
-376.150696 -101.716202 0.0924315229 
-374.905762 -100.625221 0.136381462 
-371.57074 -101.646629 0.183042496 
-366.213989 -100.984428 0.186115697 
-472.655579 -98.6065674 0.219954446 
-469.024963 -98.4421005 0.11961773 
-466.135498 -98.8151398 0.11698436 
-464.927216 -98.4488678 0.154280752 
-463.242981 -98.7013092 0.154560894 
-461.174255 -98.4381409 0.115228042 
-458.948639 -99.6850128 0.10074196 
-457.177856 -99.2105713 0.0936399698 
-455.360474 -98.7402039 0.0990460068 
-453.561951 -98.4843445 0.214322329 
-451.087433 -99.3634033 0.0980090424 
-449.103638 -99.1087646 0.0951754451 
-447.426208 -99.2879105 0.144336909 
-440.982727 -98.44664 0.129677549 
-439.118134 -99.1629639 0.165019527 
-437.539398 -99.2334137 0.134904057 
-435.693695 -99.3179703 0.134261101 
-433.264954 -98.9277878 0.154965922 
-431.566528 -98.5428467 0.158865705 
-424.722931 -99.9057007 0.189498141 
-422.684082 -99.4221649 0.186311811 
-420.746887 -99.1762695 0.266412497 
-418.804077 -99.4962769 0.195657209 
-416.931763 -99.2622833 0.147169679 
-415.33313 -99.3422546 0.127575278 
-412.984558 -98.9824982 0.109381072 
-410.669556 -99.4174957 0.0965029299 
-408.840027 -99.1729279 0.100205116 
-407.395874 -99.0679016 0.0937511921 
-405.222015 -98.9970551 0.103984475 
-402.936401 -98.9646149 0.105389297 
-401.183655 -99.6080017 0.0945242792 
-399.248474 -99.2682266 0.0964534953 
-396.988525 -98.5994644 0.110744312 
-395.345001 -99.3309174 0.123748332 
-392.884216 -98.8023071 0.107114688 
-391.145416 -99.0734711 0.19201678 
-389.137177 -98.5885544 0.13969025 
-387.508667 -99.2152023 0.173000693 
-385.341248 -99.2835007 0.183288053 
-382.246216 -98.910614 0.159014732 
-378.912201 -99.0872955 0.177564174 
-374.500061 -98.9701462 0.203749657 
-373.651489 -98.7893372 0.0928758234 
-369.033234 -98.518158 0.173179507 
-362.837158 -98.3451996 0.232083008 
-473.174866 -97.7478256 0.229966119 
-470.796936 -96.7137451 0.0982595608 
-469.459045 -97.4778137 0.141996458 
-466.577148 -96.7133636 0.106657393 
-464.319336 -96.8068848 0.148502216 
-463.931 -96.3654556 0.089935489 
-461.814972 -96.4238968 0.188594982 
-459.353851 -97.8776398 0.128368601 
-455.260864 -97.04953 0.137907133 
-453.596008 -97.1856995 0.100833021 
-451.112427 -96.8487854 0.103504464 
-449.295471 -96.1008072 0.0839428604 
-447.277618 -96.9874573 0.203748673 
-445.288727 -96.4308853 0.121720299 
-442.225586 -97.4310532 0.214648932 
-440.619446 -96.4617233 0.123311773 
-430.410492 -97.7804108 0.198223397 
-426.757263 -97.4528198 0.240172029 
-425.157959 -97.2476807 0.224040851 
-423.193604 -96.5588531 0.216505557 
-421.796204 -96.1571503 0.228685036 
-415.328003 -97.6986237 0.291058362 
-412.92691 -97.2210693 0.211335838 
-411.249878 -97.2009201 0.145843953 
-408.883179 -97.3893127 0.184582219 
-406.893463 -97.8562775 0.123655573 
-405.307617 -97.8365936 0.19063589 
-402.219727 -97.82341 0.282779127 
-401.014496 -97.7017593 0.282796115 
-399.342346 -97.5924988 0.28390342 
-396.893005 -97.8505402 0.27432251 
-388.768982 -97.3091278 0.242499411 
-386.943542 -97.1903152 0.169488385 
-385.385803 -96.9162903 0.155540884 
-383.545471 -97.0925293 0.280704558 
-380.942841 -97.2844467 0.129085541 
-379.32074 -96.8092499 0.173337325 
-374.546478 -97.801651 0.254932612 
-372.992859 -96.781311 0.0889743567 
-368.901459 -96.6772308 0.192294747 
-367.522919 -96.5127335 0.144623503 
-362.262146 -97.8120499 0.244170934 
-361.697021 -97.1363678 0.279465914 
-471.170074 -95.8808823 0.116710462 
-469.860931 -95.051712 0.16468665 
-467.625793 -94.4312592 0.132452309 
-464.26416 -94.4044952 0.172828704 
-463.97229 -95.0941315 0.0979360938 
-460.733948 -95.8965149 0.189264029 
-459.119232 -95.0513458 0.201116681 
-457.458252 -94.5741577 0.250887573 
-455.057526 -95.6631851 0.1866225 
-452.500732 -94.890686 0.248164535 
-450.691254 -94.6638718 0.158281639 
-449.459351 -94.5752106 0.146727636 
-447.348877 -94.5890045 0.121214412 
-445.202148 -94.3693695 0.121856168 
-443.345703 -94.4054108 0.142146289 
-441.457397 -94.8467865 0.138306022 
-422.525482 -95.635788 0.192477554 
-420.681824 -95.6561432 0.217431828 
-419.112183 -95.0718536 0.216975063 
-416.950623 -94.716156 0.219173014 
-414.939087 -94.2628479 0.218051597 
-389.262329 -94.4810486 0.154836357 
-386.486877 -95.5645599 0.207326829 
-384.734619 -95.3939667 0.182084709 
-383.05542 -94.8813629 0.127177685 
-378.846222 -95.8609543 0.187882885 
-377.468506 -94.7083359 0.231881052 
-375.377502 -95.0917511 0.268153608 
-373.075226 -95.1249924 0.0942058787 
-371.743286 -94.4473801 0.0891569853 
-367.055908 -95.4815063 0.176036149 
-365.372803 -94.5405121 0.185773671 
-468.990479 -93.3903046 0.155543789 
-467.891418 -93.8233643 0.137042269 
-464.966949 -92.2553711 0.111493215 
-460.696777 -93.0288391 0.182818308 
-459.563446 -92.7115936 0.181183845 
-456.969482 -93.6141129 0.189076856 
-455.224304 -93.2602005 0.18074733 
-453.113342 -92.7498322 0.184876978 
-450.881042 -92.5031357 0.179620028 
-449.028992 -92.4175339 0.185091943 
-447.043945 -93.7574615 0.206035763 
-445.442566 -93.7372437 0.214077443 
-443.542511 -93.813858 0.249070063 
-414.544983 -93.4809036 0.167841867 
-413.207947 -93.6320801 0.206970081 
-411.421936 -93.5389557 0.227443159 
-409.403076 -93.2757492 0.221733928 
-407.478149 -92.1102295 0.190753892 
-404.548401 -92.1947021 0.182372198 
-403.189392 -92.5853043 0.192653298 
-398.758209 -93.0068436 0.192294955 
-397.549011 -92.9727631 0.202536747 
-388.231293 -93.2407684 0.151905984 
-387.276489 -93.6211243 0.146160945 
-384.899139 -93.1190262 0.252062649 
-382.564453 -93.0340424 0.127250373 
-381.1875 -92.7610397 0.212078005 
-379.532745 -92.0763855 0.271959841 
-376.423828 -92.6418304 0.169513613 
-375.012634 -93.0081329 0.167095602 
-373.67572 -92.0015793 0.178665012 
-370.577881 -93.8080521 0.0989093408 
-369.077698 -92.9642029 0.0870193318 
-367.839325 -92.147171 0.0913628712 
-365.915283 -93.2505341 0.126457334 
-363.448242 -93.5158844 0.188770443 
-470.274139 -90.4869614 0.193614945 
-465.27594 -91.5458984 0.247356504 
-458.717682 -90.2440186 0.184501335 
-449.041748 -91.8042755 0.182232827 
-446.786133 -91.7767181 0.178677976 
-406.299622 -91.876442 0.184743002 
-386.555511 -90.7830353 0.210330307 
-385.277863 -91.3507538 0.243974492 
-383.114319 -90.9996643 0.168505996 
-381.830017 -90.2795258 0.201200306 
-378.647339 -90.3547287 0.238771975 
-375.979736 -90.8945999 0.152149096 
-373.000549 -91.1741638 0.100931138 
-366.758606 -91.4182205 0.0994635224 
-362.562805 -91.2911453 0.185041368 
-470.468475 -89.5027008 0.190038234 
-464.241974 -88.526947 0.147779971 
-462.186462 -88.7659988 0.162550464 
-458.886963 -88.9991684 0.176324338 
-386.809448 -89.5422363 0.274468482 
-384.713196 -89.3324661 0.152298003 
-382.913361 -88.8009033 0.158000499 
-380.694366 -89.4635162 0.199301064 
-379.678406 -88.5636368 0.222329289 
-375.619019 -89.0875778 0.144613728 
-373.569458 -88.7329483 0.193835527 
-371.838654 -88.9996567 0.161556542 
-366.045166 -89.5338211 0.0859851539 
-365.337555 -89.1699677 0.118068978 
-363.046204 -88.9662323 0.17137669 
-361.25708 -88.5097809 0.191960901 
-352.829956 -89.5562897 0.218479082 
-350.836334 -88.289032 0.21030876 
-472.325134 -87.2488861 0.20334506 
-471.386078 -86.0436401 0.210245818 
-464.071411 -87.914856 0.191555038 
-462.973145 -87.2845917 0.158742428 
-461.24408 -86.3592987 0.147764057 
-458.549774 -86.9122772 0.154173717 
-457.445557 -87.7372208 0.151431218 
-455.914032 -87.3877106 0.186373055 
-452.92868 -86.8228836 0.18094781 
-451.630127 -86.6026001 0.152810141 
-448.791107 -86.0148392 0.191638112 
-443.243622 -87.6485901 0.107794061 
-438.386658 -86.1770935 0.167076632 
-437.435608 -86.310379 0.166978359 
-384.453827 -87.0065308 0.277288556 
-382.953979 -87.5427094 0.143902957 
-381.408936 -86.4851456 0.185798839 
-379.635986 -86.556076 0.178993508 
-375.618683 -86.8093948 0.169553801 
-372.154114 -87.7935028 0.21858342 
-371.301178 -87.0055466 0.173222005 
-366.299194 -87.0943909 0.0912293792 
-365.363159 -87.2883682 0.102270931 
-363.21994 -87.0013962 0.12789619 
-360.316864 -86.9527893 0.189565569 
-359.970978 -87.171524 0.191679195 
-349.299255 -87.5149689 0.215524212 
-347.726654 -86.4921265 0.196110994 
-470.607361 -85.1717606 0.219480693 
-469.852325 -84.4720306 0.219256446 
-460.427643 -85.8501663 0.159403041 
-458.689392 -84.2588959 0.152963862 
-446.822693 -85.7279663 0.168862805 
-444.941254 -85.6634521 0.173586726 
-443.759399 -85.6602631 0.162376374 
-441.443909 -85.6060715 0.145110935 
-382.702728 -85.7542267 0.241735786 
-380.777466 -84.7063141 0.182532936 
-379.488983 -85.0582352 0.198524415 
-377.074432 -85.354866 0.229273334 
-375.220459 -84.8398132 0.154386073 
-371.788239 -84.906044 0.180680156 
-369.400879 -85.3522949 0.219148144 
-364.708618 -85.9111938 0.0865150839 
-363.608734 -85.0037308 0.0880526006 
-360.865173 -84.9791641 0.113969341 
-358.86557 -85.4070969 0.191131696 
-357.026245 -84.3821716 0.18972671 
-348.064148 -84.279686 0.207542896 
-347.462097 -85.6157532 0.219812423 
-468.781921 -83.4261093 0.203408957 
-467.97113 -82.5255051 0.22626169 
-458.634277 -83.9363174 0.169009134 
-382.243866 -82.8492889 0.213721067 
-381.118713 -83.672081 0.193977118 
-378.751434 -83.3700714 0.155390203 
-377.090454 -82.7805328 0.13380529 
-374.548584 -82.0698471 0.207643494 
-373.189453 -83.2859497 0.13503024 
-368.272583 -83.756897 0.197531193 
-367.647644 -82.7452698 0.203106433 
-363.07019 -83.4682922 0.0903313011 
-361.68689 -82.2415085 0.0833952576 
-358.925842 -83.377861 0.139972329 
-355.051788 -83.0415421 0.188985467 
-348.558258 -83.4925842 0.216509581 
-466.661438 -81.2629471 0.207749933 
-465.701782 -80.2193146 0.218512714 
-381.045807 -81.5410538 0.15155597 
-379.227478 -80.3653259 0.159599826 
-376.842346 -81.2926483 0.154978618 
-375.348267 -80.961792 0.150473639 
-372.572266 -81.2268372 0.149347827 
-371.36261 -80.6963959 0.205090582 
-366.960388 -81.260849 0.217015803 
-360.330292 -81.4963455 0.0820160732 
-358.678711 -80.4536514 0.0889056474 
-357.297363 -81.4100037 0.132145524 
-353.392273 -81.4158478 0.190185577 
-464.814514 -78.6510925 0.209640145 
-380.665527 -78.6487045 0.188135624 
-379.874023 -78.205986 0.183866844 
-377.400635 -79.2463684 0.174889311 
-374.911804 -79.3472443 0.132017046 
-373.338654 -79.2065201 0.139587522 
-371.245941 -79.2214432 0.153775394 
-369.271606 -79.0267563 0.160968095 
-367.322937 -79.0406952 0.211026937 
-358.955902 -78.4543686 0.215885267 
-356.928375 -79.2758179 0.106252834 
-355.866699 -78.2481079 0.0903940275 
-352.737183 -79.3657074 0.190667838 
-343.622375 -79.0460129 0.184057876 
-378.821777 -77.3519516 0.182879031 
-377.47934 -76.8686371 0.209258109 
-375.043213 -77.5665665 0.171278611 
-373.138489 -76.8158417 0.170767874 
-371.381592 -77.3001404 0.178373292 
-369.001526 -76.7389526 0.12943089 
-366.415771 -77.4644318 0.150194913 
-365.612305 -76.7691574 0.192739069 
-356.642151 -77.0690918 0.124072179 
-355.017273 -77.2412415 0.0991310701 
-353.137482 -77.5770416 0.191188723 
-351.278687 -77.144989 0.222676188 
-349.759308 -77.5117493 0.19824326 
-377.156647 -75.1622009 0.225357607 
-374.467834 -75.393692 0.210528702 
-372.611572 -75.2800827 0.19377552 
-371.374512 -74.6101837 0.162157863 
-366.600159 -75.7224121 0.115837112 
-364.971741 -74.8771896 0.157719806 
-354.298462 -75.4989166 0.0976297259 
-353.456909 -74.9711533 0.139940277 
-350.858887 -75.2522736 0.198706046 
-349.20459 -74.5747375 0.191565812 
-343.165802 -74.0164337 0.181469128 
-341.203186 -74.5069122 0.161711544 
-382.897186 -72.0665894 0.240726694 
-376.932251 -73.7489853 0.197618246 
-375.283966 -72.7122421 0.18253459 
-372.53125 -73.0094452 0.215631098 
-370.709045 -73.023468 0.150311962 
-368.718536 -72.6227188 0.153465346 
-366.683472 -72.7121582 0.193220064 
-364.617828 -73.9672623 0.135376289 
-363.322815 -72.9951553 0.146519616 
-360.819489 -72.8350067 0.125876367 
-354.309814 -73.5134735 0.0894165784 
-351.637177 -72.5944901 0.117678687 
-348.653381 -73.4776154 0.195471287 
-347.340271 -73.0654449 0.179146156 
-345.330811 -73.3364563 0.195976824 
-342.009705 -73.986763 0.189147532 
-337.533234 -72.5769119 0.246946618 
-372.618805 -71.5373688 0.187638849 
-370.972626 -70.9646301 0.204636082 
-368.951538 -70.7845383 0.136841208 
-367.139679 -70.4202194 0.188108593 
-363.073822 -71.0680466 0.163979053 
-361.747955 -70.1790695 0.21120207 
-358.64502 -71.2937622 0.137386128 
-355.153015 -71.6658173 0.0880061239 
-353.230103 -71.1070557 0.118613183 
-351.152008 -71.1230927 0.116649419 
-349.441254 -71.0248566 0.145332038 
-347.290894 -71.0423126 0.203921497 
-342.084351 -70.1997528 0.0851070359 
-340.777496 -70.7599106 0.0988097787 
-339.188293 -71.409256 0.0823008791 
-370.783447 -69.3467255 0.210431606 
-368.65918 -69.5668488 0.176900223 
-367.275879 -69.0833206 0.176037267 
-365.939209 -68.1612778 0.178479657 
-362.769958 -69.4241333 0.20091258 
-361.276672 -69.1636124 0.169155985 
-358.681458 -68.6654816 0.195345134 
-356.930115 -69.0874786 0.186159924 
-355.198181 -69.6485443 0.192562237 
-349.134827 -69.5595093 0.0946230441 
-346.969818 -69.1606598 0.120492101 
-344.591431 -69.8353882 0.0924503952 
-342.968903 -69.8991241 0.0895585865 
-318.137604 -69.7124481 0.162211984 
-369.026184 -67.1784668 0.197956994 
-367.392639 -66.3600159 0.194851369 
-364.647797 -67.2778854 0.185579076 
-363.043518 -66.5711212 0.177641928 
-361.278076 -67.268898 0.205557212 
-359.341797 -66.8197021 0.225582883 
-356.900085 -66.5319366 0.195841968 
-346.269531 -66.6555405 0.208981901 
-337.042419 -66.4335327 0.201511949 
-335.217163 -66.1226273 0.219561547 
-330.113434 -66.4002533 0.190447837 
-329.282074 -66.5212173 0.210612729 
-370.969269 -65.5231247 0.112200379 
-369.471375 -64.8727264 0.18695423 
-366.403961 -65.3861618 0.201825142 
-365.470825 -64.2957306 0.197381929 
-362.455078 -65.4957428 0.168337047 
-361.394714 -65.0495148 0.16300115 
-358.826721 -65.0664062 0.211480975 
-356.99353 -64.5790253 0.187112302 
-354.340027 -65.2892151 0.176338285 
-353.271484 -64.7293625 0.203009054 
-350.968018 -64.2662659 0.156029239 
-346.878967 -64.9744263 0.149661437 
-332.964966 -64.642334 0.19800888 
-331.161804 -65.256897 0.160229951 
-326.593506 -65.5189896 0.237487569 
-325.241211 -65.3078156 0.199752495 
-371.803986 -62.9021606 0.23040466 
-369.123474 -63.225708 0.185290262 
-364.656342 -63.351429 0.197186247 
-363.92984 -62.3662071 0.192643031 
-360.398407 -63.915493 0.179388344 
-358.901489 -63.2814102 0.175897479 
-356.294067 -63.3702469 0.199152082 
-355.075165 -62.5977097 0.238564774 
-352.53186 -62.7035255 0.221826419 
-349.580017 -62.9092331 0.172342464 
-347.022888 -62.975975 0.164670393 
-345.484741 -62.5265579 0.153942823 
-343.309998 -62.2025223 0.208779514 
-339.982544 -63.4063263 0.214338928 
-322.622253 -62.8912811 0.163194656 
-321.564453 -62.3513527 0.17784898 
-319.860321 -63.4233818 0.152950436 
-368.6987 -61.5332298 0.234692618 
-367.1474 -61.2483826 0.232679307 
-365.185425 -60.7701111 0.233964354 
-363.037842 -61.1763535 0.20656012 
-358.195862 -61.7103615 0.185514525 
-357.192047 -60.688591 0.194908231 
-354.719727 -61.6205292 0.221464574 
-353.040405 -61.0073395 0.204226077 
-351.289734 -61.0482178 0.188512594 
-348.835632 -60.2010231 0.240013346 
-345.152039 -61.6532707 0.164280891 
-342.743469 -61.6170654 0.201199681 
-324.868011 -60.2249146 0.151775658 
-322.915894 -61.3281555 0.178538427 
-321.03891 -61.3402863 0.216634333 
-319.434875 -60.4545097 0.208809987 
-364.2211 -58.0630035 0.218736261 
-362.260254 -59.48563 0.207340956 
-360.658508 -58.4352036 0.230800569 
-358.95871 -58.9633713 0.248297378 
-357.172546 -59.578949 0.186130151 
-354.512421 -58.6428223 0.251274914 
-352.74115 -58.5428352 0.281929195 
-350.573273 -59.0721436 0.21278587 
-349.505676 -59.2760696 0.136721194 
-347.74411 -58.9866676 0.245091528 
-340.956116 -58.4382172 0.174830928 
-338.486694 -58.6796951 0.233579218 
-336.649292 -59.1240005 0.235070914 
-334.608459 -58.4375381 0.232939959 
-333.249115 -59.1017914 0.179559022 
-331.385162 -58.7545509 0.169392318 
-329.506317 -58.1445999 0.259918183 
-326.659119 -59.2589531 0.195078075 
-324.998291 -58.4006767 0.261002958 
-323.728546 -58.2386017 0.158694297 
-321.365723 -59.0796432 0.155629337 
-318.100098 -58.2595062 0.210013241 
-365.902252 -56.1147652 0.127251685 
-362.895691 -57.2624512 0.18736583 
-361.509613 -56.4978142 0.219392642 
-359.201996 -56.3687897 0.192977712 
-357.401733 -57.6185455 0.179810733 
-355.186584 -57.5404434 0.189646244 
-353.485138 -56.7811279 0.187347442 
-349.070984 -57.4076996 0.137589484 
-347.5047 -56.6840782 0.25160414 
-345.272461 -56.3900948 0.264761716 
-343.226227 -56.8681526 0.226031616 
-341.815369 -57.075531 0.224653691 
-339.235291 -57.7963791 0.186518967 
-336.791168 -56.2099533 0.224373311 
-333.523193 -57.0724945 0.167263284 
-330.975647 -56.3404999 0.170775265 
-329.227722 -56.7926598 0.186301708 
-326.966797 -56.9571571 0.157900095 
-325.265106 -57.4718132 0.183848351 
-323.050903 -57.208519 0.254224032 
-321.749268 -56.80867 0.240113914 
-317.431458 -57.0872154 0.199531466 
-304.488556 -56.6632767 0.240171909 
-287.704987 -56.2618828 0.186676607 
-366.144501 -55.2573242 0.158762336 
-360.554535 -55.4720421 0.217870474 
-359.574707 -54.6470375 0.187326297 
-356.816406 -55.1122055 0.198197722 
-354.231598 -54.0795631 0.202193215 
-352.793091 -54.5598297 0.218621731 
-351.224243 -55.4485016 0.178877681 
-349.196228 -55.2943649 0.193663865 
-347.470276 -55.3021355 0.164158329 
-345.496887 -55.6994133 0.194295436 
-340.284485 -55.371067 0.191012144 
-338.707611 -55.2282104 0.154321492 
-337.298645 -54.9848213 0.189915776 
-334.579773 -55.6564331 0.188496321 
-333.536072 -54.4693336 0.231011704 
-331.651245 -55.5453644 0.225152999 
-329.119232 -55.6541481 0.224804774 
-326.782288 -54.9488754 0.221193567 
-324.78598 -54.2014008 0.228582352 
-320.663818 -55.6468735 0.127194881 
-318.852448 -55.3202782 0.255284935 
-317.268982 -54.8190804 0.208108842 
-315.153564 -54.6526527 0.188240975 
-313.885925 -54.8258667 0.244163334 
-311.946472 -54.6493607 0.188978299 
-303.25058 -54.8833008 0.200220436 
-296.012726 -54.0515594 0.154615253 
-295.302185 -54.6590271 0.153291196 
-286.84082 -54.2569122 0.253833145 
-285.537903 -54.5678711 0.260750771 
-283.267792 -54.3042984 0.261687428 
-241.937424 -55.9543915 0.281181723 
-358.134827 -53.1583939 0.17657049 
-357.142609 -52.6312866 0.20368287 
-355.305481 -53.2277298 0.182451516 
-353.553528 -53.1671753 0.166868985 
-351.333954 -52.7968903 0.225476891 
-344.493835 -53.7110901 0.190808684 
-343.231354 -52.9697495 0.195084438 
-341.462769 -52.4458466 0.194274083 
-338.916046 -52.4408684 0.225131333 
-337.10672 -53.4568481 0.195578128 
-335.436218 -52.3984528 0.186774597 
-333.022034 -52.4753571 0.182241976 
-331.390137 -52.2511902 0.189906403 
-327.28656 -52.1501694 0.109312996 
-322.993134 -52.9696159 0.22044459 
-321.451202 -52.1921158 0.224342912 
-319.3125 -52.7837067 0.11950434 
-315.274933 -52.3378029 0.181210563 
-312.454468 -53.5318069 0.214535043 
-311.225128 -52.8900146 0.215088338 
-308.521118 -52.3973999 0.173801064 
-306.617859 -52.4677696 0.198547095 
-299.576782 -52.5983391 0.135868013 
-296.742981 -53.5719528 0.156264469 
-288.433502 -52.8052444 0.288989991 
-287.73941 -53.4646873 0.255400121 
-282.321838 -52.954422 0.225910127 
-280.685791 -52.3125687 0.246018738 
-279.443909 -52.0608864 0.27365467 
-357.058472 -51.3573647 0.215790927 
-348.496796 -50.5471382 0.130772427 
-347.351044 -50.3520317 0.137484133 
-340.605011 -51.5556145 0.144693017 
-339.206329 -50.9653206 0.162328422 
-337.954895 -50.7794266 0.125676006 
-334.435455 -51.4207191 0.178405404 
-332.560913 -51.1380692 0.14690429 
-331.321564 -50.7929916 0.148187488 
-329.695984 -51.7423553 0.189355776 
-326.653076 -50.2687073 0.195103139 
-325.103027 -51.0336151 0.124131911 
-320.607117 -51.697155 0.219579667 
-319.307373 -51.0711594 0.218427688 
-317.153961 -51.3918266 0.175923631 
-315.760437 -51.8930359 0.140445113 
-313.285583 -51.3269043 0.119958907 
-298.333466 -51.8195572 0.0940426365 
-296.816406 -50.4196434 0.117733315 
-289.088013 -50.0687752 0.148639113 
-278.416443 -51.4114265 0.236422509 
-277.89502 -50.0873642 0.197039872 
-356.912994 -49.8580513 0.205342934 
-354.83609 -49.5540657 0.205279827 
-353.226776 -49.1597977 0.221987814 
-351.826721 -48.5031738 0.213671118 
-349.571747 -49.2083015 0.158804789 
-344.652771 -48.5853996 0.196727723 
-342.964233 -48.9203262 0.218247563 
-341.807617 -49.5165482 0.209984601 
-338.995789 -49.756958 0.205484852 
-337.38443 -49.3225632 0.165513188 
-334.746643 -49.1218872 0.160864651 
-333.183228 -49.0945282 0.170693099 
-331.867767 -48.9223785 0.154357284 
-329.380341 -48.9453888 0.189985543 
-327.518616 -48.7388344 0.188867033 
-324.839752 -49.1857452 0.197734848 
-323.06958 -49.3435173 0.196958452 
-321.669556 -48.766449 0.187183201 
-319.082886 -48.4288559 0.150849223 
-314.885498 -48.957756 0.224633351 
-301.216217 -49.8937607 0.126547962 
-299.561676 -49.8723183 0.0784404054 
-294.335938 -48.0286636 0.283204556 
-293.029572 -48.6488228 0.230142295 
-291.1315 -48.8869934 0.229403824 
-289.863281 -49.3111343 0.231878534 
-273.181915 -48.9696198 0.257447511 
-270.965057 -48.4109344 0.266510427 
-261.214111 -48.8306122 0.252127558 
-258.870361 -48.5092773 0.226177961 
-249.100922 -48.0423508 0.229172751 
-243.159744 -49.3363113 0.157613903 
-241.343933 -48.6430588 0.149983436 
-239.622116 -48.4782715 0.1448915 
-236.695053 -48.8511276 0.147190064 
-234.993256 -48.8249931 0.140704557 
-233.97348 -48.8261833 0.146198705 
-350.660217 -47.9121017 0.226398915 
-349.124573 -47.2399521 0.209985852 
-346.674683 -47.6577454 0.208901823 
-345.299011 -47.9390869 0.211394161 
-336.432495 -47.1770706 0.178977311 
-335.840881 -47.9027481 0.199628383 
-332.072418 -47.0120964 0.208404288 
-331.349762 -46.5240593 0.201872751 
-328.728333 -47.2106934 0.190652341 
-327.231384 -46.3012848 0.200181425 
-324.943665 -47.7784309 0.216194928 
-322.499573 -47.6302185 0.212526411 
-321.745483 -47.6475372 0.203062773 
-319.191101 -47.9108887 0.146438658 
-317.054871 -47.4902153 0.154302612 
-315.531311 -47.0545769 0.132643968 
-313.409729 -46.6194801 0.15099299 
-311.355408 -46.6253738 0.104618542 
-309.062653 -46.5102615 0.0982436612 
-296.812378 -46.4648399 0.220216751 
-294.796814 -46.8584137 0.224346548 
-291.176147 -46.3525085 0.160730541 
-289.304871 -46.2282028 0.204836637 
-287.509979 -46.4414368 0.167207628 
-272.555756 -46.3041153 0.117666148 
-269.100037 -47.5651627 0.208855063 
-267.406067 -47.1555862 0.240236476 
-265.538025 -47.1023331 0.252370149 
-262.839203 -47.3758202 0.172455758 
-261.439575 -46.0787468 0.118882291 
-258.155975 -46.2166138 0.111465238 
-256.937317 -46.7168732 0.134400964 
-255.441162 -47.1442642 0.145484492 
-252.853287 -47.6970062 0.199128672 
-250.742966 -47.2903214 0.151050776 
-248.712036 -47.4972229 0.128106892 
-246.574829 -47.610733 0.190601453 
-245.191711 -47.3926239 0.15967989 
-243.079361 -47.3880539 0.136930227 
-241.09198 -47.3597031 0.136279598 
-238.767944 -47.1663132 0.179632097 
-237.117935 -46.4745636 0.221175924 
-234.937988 -46.6615906 0.179017812 
-233.052658 -46.6459274 0.141027838 
-231.09668 -46.647995 0.130129486 
-229.560211 -46.1820869 0.121565349 
-345.223724 -45.7070236 0.187673286 
-340.382416 -45.1484489 0.210381642 
-336.559143 -44.6879196 0.178791761 
-334.197571 -45.5311317 0.143634006 
-332.364075 -45.451004 0.221775219 
-331.216339 -45.6340218 0.1701269 
-328.898926 -45.4173546 0.136216059 
-327.422211 -44.9841766 0.152250737 
-324.903534 -45.745491 0.221311301 
-323.082397 -45.1024666 0.225494787 
-321.563721 -44.7906837 0.215352103 
-319.102905 -45.7406425 0.209999442 
-317.654144 -45.514492 0.209757656 
-314.971313 -45.6252975 0.160849899 
-313.003662 -45.3970032 0.185009956 
-310.977081 -44.8328476 0.169711888 
-308.716919 -45.382782 0.16067268 
-306.902283 -45.1549759 0.200889915 
-305.255981 -44.7700768 0.158622324 
-303.382721 -45.158062 0.20632185 
-300.772949 -45.0307007 0.177819401 
-298.748169 -45.3357887 0.167747676 
-294.026245 -44.7755661 0.19969964 
-292.482147 -45.5897598 0.176872402 
-291.309875 -45.9644051 0.211169347 
-288.63324 -45.7334976 0.220774949 
-287.457581 -45.538353 0.222711071 
-285.128845 -44.6125412 0.202150613 
-281.011383 -44.1093178 0.0906613842 
-274.51709 -44.3941193 0.119740479 
-273.23877 -45.4644737 0.132886365 
-271.40274 -45.6318398 0.119986534 
-269.541077 -45.0780258 0.118292965 
-267.911011 -45.572998 0.118269585 
-265.375427 -44.592247 0.260418475 
-260.675354 -44.6297646 0.15674977 
-259.713501 -45.1061783 0.133296072 
-257.545349 -45.6022186 0.21265918 
-252.721176 -45.5229149 0.124385729 
-231.37413 -45.8929672 0.206173912 
-224.970428 -44.442894 0.15147531 
-182.755707 -44.4049454 0.165445432 
-181.315216 -44.8835831 0.186373785 
-177.210983 -45.6422501 0.159273997 
-174.763824 -44.5658188 0.152641729 
-173.12381 -45.0495071 0.150814176 
-171.443298 -44.3868294 0.137875602 
-36.5861588 -44.1635361 0.21760416 
-334.322601 -43.831398 0.225943521 
-332.707855 -43.3976059 0.203676656 
-325.198914 -43.3884315 0.197684169 
-320.460938 -43.8133659 0.227237463 
-318.472229 -43.2318497 0.215261012 
-316.945129 -43.4867477 0.170050472 
-315.139313 -43.3602562 0.174032211 
-312.602631 -42.9059105 0.176841155 
-311.156311 -42.8553772 0.203928024 
-309.450409 -42.7995529 0.176979542 
-307.328949 -42.9481583 0.173552722 
-303.094757 -43.915905 0.205570832 
-300.914795 -42.4212723 0.222211972 
-298.960571 -42.1835403 0.212029323 
-297.615479 -42.6007004 0.193380624 
-292.364197 -42.4717255 0.231334239 
-290.860718 -42.497757 0.230310738 
-288.991882 -42.993721 0.203521416 
-287.97229 -42.1065216 0.271746218 
-284.533081 -42.4646912 0.116131194 
-283.485718 -43.0055809 0.183755577 
-280.588501 -43.3250732 0.182970703 
-278.842041 -43.35672 0.0885728151 
-277.304626 -43.1736908 0.0975220799 
-275.139526 -42.5692101 0.103522554 
-273.289734 -42.3900528 0.170173079 
-270.906433 -43.6928749 0.237658381 
-268.55481 -42.4172287 0.218516737 
-264.042969 -42.0353737 0.221362054 
-263.524841 -43.2544861 0.265727669 
-261.344849 -43.4245911 0.159754485 
-258.618347 -42.893959 0.115831204 
-224.204086 -43.3401642 0.154643297 
-223.9021 -43.0664368 0.137674928 
-186.971268 -42.71381 0.171427727 
-185.145752 -42.6846848 0.172193751 
-183.48996 -43.5232162 0.186908767 
-178.552063 -42.364399 0.172996998 
-176.354797 -42.5298691 0.163199931 
-175.600464 -43.284317 0.178150356 
-170.298355 -43.9316902 0.187237442 
-169.656342 -43.317585 0.158523127 
-35.1773415 -43.7536736 0.199751645 
-321.740509 -41.7573509 0.213678241 
-319.27243 -40.9630737 0.234999806 
-317.319458 -40.4978409 0.207095534 
-314.850952 -41.0455742 0.202104181 
-313.13913 -40.8424988 0.209937304 
-311.409546 -40.7781487 0.20906654 
-308.779175 -41.3148079 0.211170137 
-306.805084 -40.4708405 0.197513163 
-305.313477 -41.4847832 0.214701757 
-303.083893 -41.0604553 0.208755612 
-301.493195 -40.2696838 0.204842418 
-298.887451 -40.6248627 0.213079423 
-297.363525 -40.4874458 0.206419691 
-295.061371 -40.4654427 0.198766053 
-293.170685 -40.6677399 0.183158085 
-291.05365 -41.0419006 0.171826467 
-289.632996 -40.6524277 0.209367499 
-287.270966 -41.4118462 0.23255235 
-284.70752 -40.6169815 0.128775403 
-282.896484 -40.9825058 0.226049542 
-281.038147 -41.3415489 0.203167617 
-278.493256 -40.9558983 0.154803872 
-277.157288 -40.8169594 0.210980371 
-275.477936 -40.6050339 0.20341295 
-273.1474 -40.9374084 0.168015793 
-271.484314 -40.6457748 0.140409589 
-269.352264 -40.5302811 0.223555446 
-267.601318 -40.408699 0.222136155 
-264.736938 -40.3691101 0.173570931 
-263.380798 -40.8541489 0.112231195 
-260.48114 -41.1130524 0.169157803 
-259.268372 -41.2783699 0.149801731 
-256.502747 -41.1671448 0.119700119 
-255.170334 -41.399971 0.136489645 
-245.184814 -40.4553757 0.1864191 
-242.990448 -40.7381134 0.199978024 
-238.573364 -40.7025108 0.186784774 
-237.15213 -40.9642792 0.185033232 
-235.345367 -41.2634354 0.19408682 
-233.326843 -41.7946701 0.17857042 
-230.880981 -41.6563644 0.164510131 
-228.983459 -41.4531059 0.184451759 
-226.871445 -41.0594635 0.179440737 
-225.107208 -40.4787979 0.183197886 
-222.713486 -41.4812279 0.11635261 
-220.980637 -40.8713646 0.135121748 
-194.194199 -40.0398445 0.165509671 
-192.538788 -40.3600807 0.179531917 
-190.800735 -40.6174431 0.168569997 
-189.25827 -40.9356499 0.177160978 
-180.721115 -40.0481911 0.146540195 
-177.050308 -41.2021637 0.200447202 
-174.907181 -40.2665558 0.186317459 
-164.741699 -41.4424133 0.217269659 
-163.314789 -41.0589218 0.227887288 
-45.4917526 -40.0555153 0.248996228 
-38.8090363 -40.5846405 0.258330792 
-31.1946602 -40.5120239 0.238896817 
-314.323029 -39.6409187 0.174981788 
-312.268158 -39.0628548 0.227852538 
-310.344482 -39.0129318 0.218516856 
-308.766083 -38.5726242 0.198486418 
-307.350006 -39.3304176 0.21490863 
-305.192505 -39.6750488 0.230000943 
-302.61499 -39.891449 0.209099159 
-300.780701 -38.2501564 0.20096834 
-298.109528 -38.9772377 0.216381773 
-296.66333 -39.4333763 0.20322226 
-292.72522 -39.6298103 0.179218948 
-291.359741 -38.9280052 0.165651172 
-288.996185 -39.1901169 0.112924837 
-287.06076 -39.3581543 0.149904281 
-285.376587 -39.4433746 0.158103213 
-282.929169 -38.4289017 0.215273589 
-280.733093 -38.1751328 0.242649257 
-279.769562 -38.0640526 0.230290487 
-274.824524 -39.3233109 0.223801076 
-273.276428 -38.7806587 0.225512117 
-271.342743 -38.9155121 0.198267385 
-268.575775 -38.7271423 0.142411649 
-267.158508 -39.0095711 0.226005673 
-265.65094 -39.7617569 0.220667541 
-261.464294 -39.3441315 0.149354726 
-248.188736 -38.249752 0.20331645 
-246.994171 -38.7150192 0.212491542 
-245.389343 -39.3562431 0.20812729 
-241.487885 -38.5921936 0.196707845 
-223.381653 -39.2279053 0.183046132 
-214.458557 -38.3787422 0.123037994 
-194.581757 -39.2943726 0.169899672 
-193.615356 -38.3220901 0.168408722 
-186.680023 -38.0240364 0.150987774 
-182.917572 -38.1532021 0.172022149 
-181.475464 -38.1386719 0.176029325 
-179.487213 -39.7542381 0.151412934 
-174.21283 -39.4840393 0.177480489 
-173.624222 -38.8420715 0.190057158 
-52.4059753 -38.3079605 0.280331522 
-51.0005836 -38.5821457 0.271812439 
-48.3708 -39.0145988 0.21094878 
-43.7034569 -39.4337158 0.267289996 
-34.7414703 -39.5475159 0.259986758 
-32.9653091 -39.3987846 0.265205026 
-31.0561676 -38.8665466 0.287853301 
-306.756287 -37.8884773 0.222244978 
-303.468384 -37.5731659 0.214583889 
-301.296814 -37.1674042 0.214539245 
-296.714783 -36.8363991 0.230620682 
-294.983582 -36.4961662 0.24321419 
-293.592407 -37.6704788 0.243728667 
-290.743439 -37.3735695 0.207648128 
-289.661804 -36.1926651 0.202899426 
-284.777954 -36.8903084 0.19173333 
-283.026245 -36.7774277 0.135738164 
-281.215546 -36.4115067 0.114444241 
-279.000732 -36.9926529 0.15347214 
-276.933044 -37.9832993 0.219412744 
-272.059784 -37.7517319 0.194578037 
-271.055389 -37.2266541 0.212912083 
-266.983612 -36.0657272 0.0939811468 
-262.544586 -37.774498 0.125140592 
-259.103943 -36.2438965 0.194675446 
-256.761139 -37.8911247 0.209494576 
-254.591064 -36.4908676 0.15246436 
-252.946136 -36.4196281 0.165884405 
-251.064972 -37.0081787 0.165829837 
-249.606781 -37.283493 0.129486769 
-246.95668 -37.1438026 0.125100151 
-245.351624 -37.0442123 0.12741375 
-243.277344 -36.7708054 0.120155588 
-241.202332 -36.3691216 0.125535503 
-238.702148 -36.1853561 0.114834204 
-236.830246 -36.1641235 0.120027699 
-235.157227 -36.0885925 0.125365153 
-233.39711 -36.0002823 0.115539834 
-222.264832 -37.8743629 0.181250557 
-221.336426 -37.2905159 0.172477305 
-219.4151 -36.9898453 0.183462054 
-217.868317 -36.8945465 0.182710811 
-213.339386 -36.4293823 0.151819617 
-192.862061 -36.7268677 0.172802299 
-188.330032 -36.7920609 0.155158788 
-187.735931 -37.9393349 0.138332918 
-184.425827 -36.3622475 0.162435129 
-183.214722 -36.9283142 0.149550408 
-181.763062 -37.4100037 0.158005998 
-179.177505 -37.4927979 0.168224424 
-177.114319 -37.402626 0.132226586 
-175.482178 -36.3308258 0.141998187 
-173.510498 -37.3696976 0.15261519 
-171.319977 -37.3707924 0.166301236 
-169.456482 -37.1665878 0.139738247 
-167.512558 -36.744812 0.135861576 
-160.166626 -36.6589546 0.216218412 
-159.788574 -36.1668739 0.24363932 
-150.096191 -37.0749893 0.278080255 
-123.6847 -36.1315155 0.256216288 
-61.5935173 -36.5400047 0.218307048 
-59.3409576 -36.8801689 0.280318797 
-57.2196083 -37.1690483 0.240114316 
-53.01408 -37.045517 0.154645309 
-50.3491898 -37.8949661 0.232326418 
-47.3474007 -36.3930969 0.114377901 
-44.3773613 -37.5910263 0.156401664 
-38.2152367 -36.3027153 0.256991655 
-36.9567108 -37.2691574 0.237731159 
-30.2841721 -37.524559 0.24817571 
-29.8142147 -36.6302681 0.263360083 
-304.795441 -35.1211433 0.253836542 
-298.892761 -35.7124443 0.250843883 
-296.373291 -35.1265717 0.216286138 
-294.836792 -35.8131561 0.216675669 
-291.051758 -35.011734 0.145321906 
-288.574646 -34.8028717 0.155336887 
-287.136536 -34.6859818 0.167942449 
-284.956665 -34.8668671 0.195649222 
-283.133362 -34.876297 0.164929613 
-281.403381 -35.3620834 0.20317091 
-278.953552 -35.6227493 0.133792371 
-277.477417 -35.256691 0.162540674 
-275.734558 -34.2918091 0.10238833 
-268.248901 -34.3975449 0.208620697 
-266.976898 -35.445488 0.132775784 
-265.299866 -34.3613968 0.223076969 
-263.219055 -34.4819489 0.208787456 
-260.959167 -35.1970596 0.21829617 
-259.400818 -34.3334427 0.140054107 
-257.176941 -35.2793274 0.142758429 
-255.196869 -35.0273705 0.163486123 
-253.241486 -34.6292725 0.197336197 
-250.330338 -34.2701416 0.203505188 
-249.459747 -34.7030067 0.153060272 
-247.288849 -34.8827133 0.154352039 
-244.766724 -34.5206642 0.196265534 
-242.840012 -34.9476929 0.149126574 
-240.601944 -34.8031235 0.159647316 
-239.174957 -34.7819061 0.167143703 
-237.196518 -34.8773193 0.149912253 
-235.493958 -35.0402641 0.149220258 
-233.397614 -35.086853 0.137028441 
-231.482895 -34.7281876 0.138341546 
-229.450424 -34.3137665 0.146950394 
-216.281204 -35.9757271 0.181097016 
-214.799469 -35.1310158 0.162300885 
-213.504578 -34.9688873 0.141090989 
-194.576981 -34.3001137 0.181107327 
-193.492538 -35.1945801 0.171686918 
-190.829254 -34.3856735 0.147833407 
-189.497711 -34.9768982 0.156404659 
-187.143066 -35.4335747 0.154453963 
-185.393631 -35.9149513 0.149769947 
-177.783585 -34.6545753 0.129412219 
-175.176971 -35.7187271 0.159586281 
-173.146637 -34.8400269 0.158896357 
-167.30986 -35.0071793 0.160705224 
-163.807083 -34.648407 0.119112514 
-159.680145 -35.4639359 0.22630468 
-149.540009 -34.6093521 0.259734988 
-124.939087 -35.4488907 0.280350447 
-64.6971359 -34.7557602 0.231238544 
-62.643055 -34.962883 0.186925143 
-60.518795 -35.3711586 0.220328227 
-58.4715576 -35.7590561 0.291048348 
-51.2946701 -34.0246162 0.242846072 
-48.4484444 -34.6991539 0.105719171 
-47.1109161 -34.7321739 0.216629535 
-45.0406494 -34.7892532 0.192167774 
-42.9546852 -34.4048729 0.211087257 
-40.8688049 -34.5002708 0.180687383 
-39.4897385 -35.2709122 0.233156055 
-32.9638214 -34.2437325 0.234541953 
-28.9386883 -35.3272934 0.23069492 
-301.95459 -33.145916 0.278501004 
-296.478058 -33.4590607 0.138045654 
-294.668579 -33.0943375 0.193272278 
-292.290863 -32.3932457 0.243187338 
-290.511475 -32.191864 0.256498009 
-288.444183 -32.3583794 0.255833924 
-287.561218 -32.6693954 0.231712699 
-285.362366 -33.0071869 0.156870365 
-280.811584 -33.8798523 0.189370468 
-275.40094 -33.6669693 0.182837039 
-273.658539 -32.472229 0.177645087 
-270.401306 -32.2777748 0.235688686 
-269.223083 -33.1680527 0.209934086 
-264.453491 -32.8829765 0.145649865 
-262.66095 -32.9218903 0.153517216 
-261.345825 -32.9837074 0.131499007 
-258.617249 -32.2478561 0.192960888 
-256.638245 -32.7288208 0.17776686 
-255.230652 -33.1257095 0.182699353 
-252.891876 -33.0936813 0.164769113 
-251.069214 -33.7458649 0.163680539 
-249.420898 -32.3505478 0.189446241 
-247.265289 -32.3449326 0.200367033 
-245.141739 -32.645195 0.197136745 
-242.932831 -33.6568069 0.241481617 
-241.209076 -33.5871811 0.233494043 
-239.46347 -33.4635239 0.247968003 
-237.139038 -32.9539642 0.222340301 
-235.049561 -33.0003433 0.247063622 
-233.366058 -33.1001663 0.253894269 
-231.413208 -32.5902252 0.251450956 
-228.430481 -33.6181107 0.145052493 
-227.784988 -32.9588928 0.14454937 
-216.815643 -32.2062683 0.184694976 
-215.559143 -32.245697 0.19371888 
-212.277191 -33.4488258 0.164582387 
-210.909027 -32.5941925 0.156192988 
-198.593735 -32.0969048 0.156917781 
-196.628159 -33.3860016 0.172939897 
-194.929901 -33.2351913 0.162798166 
-193.076813 -33.2200928 0.143090189 
-191.702972 -33.7560692 0.143344134 
-182.737183 -32.443409 0.157433853 
-174.194824 -32.6742973 0.158893049 
-173.051636 -32.3927917 0.170334861 
-170.680222 -33.6136856 0.161801964 
-169.507217 -32.3230515 0.150069088 
-167.350983 -32.7627907 0.129870787 
-165.582077 -32.7224083 0.136044756 
-159.518707 -33.3587494 0.200067148 
-108.207413 -33.7978058 0.298514485 
-71.8795624 -32.4803772 0.275831461 
-69.5248718 -33.0950394 0.280603617 
-66.9390564 -33.2179756 0.245669141 
-52.6331863 -33.341053 0.28979975 
-49.0772972 -33.8917503 0.233920261 
-43.3045502 -33.5388565 0.116644681 
-40.6106644 -33.1737289 0.0945678577 
-38.772728 -33.3588943 0.129135832 
-36.7268143 -33.4238548 0.100920968 
-34.6799202 -33.5205612 0.126208574 
-32.5869522 -32.9221458 0.121817634 
-29.5124378 -33.8678589 0.20456557 
-27.6382484 -33.0092926 0.221512526 
-24.9229965 -32.4271088 0.157750338 
-296.809387 -30.4497051 0.265884489 
-295.351562 -30.8411636 0.249621749 
-293.010498 -31.5552807 0.259410203 
-291.600616 -31.8807964 0.258652657 
-289.276733 -31.7769527 0.236845404 
-286.886505 -30.9006233 0.257282257 
-283.066101 -31.1926899 0.142406106 
-281.022156 -30.7102203 0.163309753 
-279.160858 -30.4496956 0.155797601 
-277.146423 -31.0104675 0.21706894 
-275.027863 -31.1526928 0.220984057 
-273.55188 -31.443903 0.214600384 
-271.245667 -31.8489075 0.212443203 
-269.21286 -31.8801537 0.21308957 
-267.167236 -30.6144276 0.158640862 
-265.089844 -31.1225185 0.132487357 
-263.732971 -31.8359261 0.12494044 
-260.656677 -30.2781715 0.237180784 
-259.24823 -31.1630516 0.239601433 
-257.369141 -31.0877075 0.16596967 
-255.381287 -31.3509579 0.15433979 
-252.922089 -30.8475094 0.190300286 
-251.171341 -30.2200241 0.145974189 
-246.844315 -30.9376602 0.131811976 
-245.357239 -30.8990021 0.172443867 
-243.367615 -31.1664391 0.188169569 
-239.202713 -30.8686008 0.173767447 
-236.610825 -31.2508945 0.197391242 
-235.318146 -31.0370293 0.196730912 
-230.636292 -31.7729397 0.235468939 
-228.82225 -31.2247543 0.261531532 
-226.698273 -31.1133041 0.196367472 
-220.744019 -30.5192642 0.170914829 
-218.890869 -30.9672031 0.180533752 
-217.961243 -31.5009384 0.190900087 
-210.050446 -31.645792 0.179973453 
-209.223099 -30.7955303 0.185401946 
-204.014328 -30.2655411 0.186506793 
-203.512024 -30.804718 0.195751935 
-201.307678 -31.2581081 0.229728699 
-199.744156 -31.7623119 0.173118427 
-195.781189 -30.305685 0.136594728 
-187.865906 -30.3922749 0.195146441 
-185.060394 -31.1046391 0.138985097 
-183.815674 -31.6564159 0.123583265 
-179.680603 -30.8519039 0.205415979 
-174.15451 -30.4246769 0.158971012 
-173.613419 -30.9951801 0.14428854 
-171.179138 -31.7887402 0.166872993 
-168.837967 -31.8391628 0.164415658 
-166.759369 -30.7186871 0.250478417 
-164.271957 -30.313839 0.254391193 
-163.111969 -31.2370758 0.180664629 
-161.33432 -31.8657856 0.205425099 
-159.44574 -30.8021145 0.214114398 
-156.38002 -31.6674423 0.225389093 
-154.641022 -30.9364357 0.243296623 
-153.405457 -30.7076111 0.265803933 
-150.750549 -30.3117065 0.281751543 
-148.596466 -30.1580276 0.289158285 
-146.88382 -30.5341187 0.286455989 
-145.892761 -30.1287956 0.271967798 
-143.651215 -30.1778984 0.274134755 
-125.253578 -30.3843784 0.2263318 
-122.998085 -30.6883545 0.222629532 
-120.846344 -31.3782063 0.22733441 
-119.332695 -31.7802429 0.234939337 
-117.706253 -31.7505054 0.258096606 
-114.89267 -31.8790474 0.242179886 
-112.8293 -31.416893 0.245887741 
-111.533722 -30.8620033 0.259524703 
-109.430145 -30.5428658 0.238728657 
-97.6028671 -31.6075039 0.242430359 
-79.3514404 -30.2086411 0.28387332 
-76.8458328 -30.6862831 0.281141222 
-75.1034698 -30.8889122 0.225713149 
-70.6690903 -31.5917702 0.17900449 
-59.9943314 -31.5716858 0.195513844 
-40.5302887 -30.6474228 0.0904844478 
-38.5056229 -31.9505787 0.166517779 
-36.433815 -31.6697121 0.0840834528 
-34.9705582 -30.9688454 0.0859002545 
-30.9236221 -31.360775 0.159008086 
-29.7007198 -30.3384571 0.12899223 
-26.6122398 -30.9119148 0.222087339 
-22.997139 -31.7161713 0.147731781 
-298.169006 -29.0310936 0.24990508 
-290.873962 -29.4971352 0.194536924 
-287.22345 -28.5078087 0.192520157 
-285.168396 -28.8800259 0.213356301 
-283.677612 -28.6253548 0.257229269 
-277.565765 -29.9180374 0.152941391 
-275.003021 -28.9224739 0.150430769 
-273.243805 -28.1870632 0.133139908 
-270.880188 -28.6584816 0.152691811 
-268.865784 -28.9210625 0.144086719 
-267.567871 -29.5473099 0.142165914 
-264.839966 -29.0076523 0.190364808 
-263.023438 -28.3900318 0.182370633 
-261.128479 -28.9597588 0.178712785 
-259.433319 -29.8392925 0.145358831 
-254.522598 -29.4878025 0.212793678 
-253.361237 -28.563446 0.196398765 
-250.700073 -29.1789169 0.171814367 
-248.870026 -29.1620407 0.192733526 
-247.102783 -28.6338234 0.17718643 
-244.755692 -28.319561 0.137959003 
-242.649933 -28.48909 0.135532588 
-241.171448 -28.7002144 0.178232759 
-239.742233 -28.9546394 0.160602033 
-237.316162 -28.6775169 0.163773298 
-234.59317 -28.8301201 0.187404037 
-231.044983 -29.9577579 0.189211175 
-229.277924 -29.6591454 0.188057512 
-226.807587 -29.4933586 0.222506613 
-225.27005 -29.1352615 0.251264989 
-223.06897 -28.982935 0.218583643 
-219.120956 -28.8050671 0.153385103 
-208.796112 -29.230381 0.165524647 
-206.897186 -28.6435413 0.165952235 
-205.353241 -29.1674423 0.186119229 
-203.687454 -29.8179512 0.245457456 
-198.700958 -28.0661411 0.156836674 
-197.208679 -28.9625587 0.144308761 
-185.214813 -28.2246208 0.215437233 
-177.38681 -28.5757065 0.148082733 
-175.454819 -29.7605553 0.146207601 
-168.532654 -28.7896137 0.19744578 
-167.222687 -28.7200089 0.221427724 
-161.312546 -28.1306 0.118330717 
-159.46286 -28.6612282 0.21669805 
-156.898651 -28.5515213 0.273723334 
-155.347137 -28.8098755 0.263610125 
-151.18869 -29.2861748 0.231461376 
-149.921448 -28.4203129 0.173447683 
-146.454727 -28.3203144 0.279681414 
-145.329315 -29.5351067 0.267911166 
-143.646698 -29.9323235 0.274502665 
-134.573898 -28.1211109 0.310485423 
-130.421371 -28.1367741 0.248503804 
-128.267181 -28.9353065 0.228478596 
-126.335365 -29.6957836 0.259203583 
-124.830078 -29.3180466 0.156027362 
-122.636108 -29.3532372 0.194073156 
-120.064987 -28.9019032 0.263692528 
-119.375084 -29.0096207 0.15539971 
-117.221573 -28.7610893 0.162965953 
-114.26432 -28.4543114 0.226303518 
-113.275742 -28.1168518 0.163887054 
-109.192451 -29.7469902 0.244693309 
-102.448898 -28.5246029 0.257876009 
-101.765152 -28.8034744 0.257142186 
-99.4853668 -28.407629 0.284579515 
-97.2315216 -28.5734711 0.264125139 
-95.2889938 -28.7027149 0.265610874 
-93.2357712 -28.8724194 0.281272352 
-90.9075317 -29.0708504 0.255698711 
-89.4843597 -29.1366825 0.262785971 
-87.0718994 -29.3531551 0.277899206 
-84.533371 -28.7770348 0.243920743 
-83.252655 -28.9390717 0.249008194 
-81.4084015 -28.3998871 0.223562196 
-79.9468155 -28.4750175 0.125458732 
-71.6763 -28.781517 0.250226229 
-68.4288101 -28.9360275 0.301903099 
-44.2233238 -28.1787491 0.116393737 
-42.9463425 -28.6984463 0.104240015 
-41.3024559 -29.5 0.0658737123 
-35.066246 -29.2586632 0.141975686 
-33.5485954 -28.7376366 0.122448556 
-28.5505142 -29.1201057 0.134165302 
-27.382328 -28.040184 0.155792221 
-21.1082878 -28.9617577 0.115403533 
-17.2773838 -29.2845573 0.216313958 
-15.8659334 -28.3087482 0.264634907 
-296.653229 -27.4539146 0.287502766 
-288.152405 -26.4730701 0.214323729 
-287.12561 -27.0891571 0.0708313808 
-282.082581 -27.8306065 0.252127707 
-280.659027 -27.7011433 0.251398385 
-278.669403 -27.3128128 0.261653185 
-276.722656 -26.8473778 0.250631511 
-275.278625 -26.868475 0.217189878 
-273.732574 -27.2391624 0.133588046 
-270.599731 -27.2387619 0.109783404 
-269.328064 -26.4490051 0.237114266 
-266.691895 -27.3151321 0.211564735 
-264.522339 -27.6709328 0.185270607 
-263.852509 -27.5653534 0.150221586 
-255.710114 -26.1052551 0.201151654 
-242.49939 -27.3478451 0.240217522 
-241.05867 -27.3951511 0.222248092 
-239.52005 -27.3328896 0.185737282 
-236.529114 -27.3515148 0.22094664 
-235.286209 -27.3538246 0.207986325 
-232.667206 -27.1468506 0.205060393 
-231.283539 -26.9665852 0.198211566 
-229.499557 -26.8326931 0.230405152 
-227.545593 -26.9226379 0.196025133 
-224.91394 -27.5449696 0.185588896 
-222.500183 -27.6964951 0.255463183 
-220.871628 -26.8244019 0.252703369 
-219.458359 -26.0638199 0.257902175 
-217.003265 -27.4980774 0.151469052 
-215.428436 -26.5155296 0.175237715 
-212.806564 -26.5906792 0.215671435 
-211.024399 -27.1098366 0.224558443 
-209.198227 -27.346859 0.229358047 
-207.827225 -26.6268578 0.22893019 
-205.572845 -27.2554531 0.244145826 
-202.99614 -26.0887852 0.136505753 
-200.781418 -26.9699936 0.128614411 
-199.380615 -27.5694084 0.141904861 
-197.133835 -27.3682747 0.128090724 
-195.495605 -27.2328148 0.155241042 
-193.009766 -27.2247124 0.097318545 
-190.57341 -26.6141014 0.161087021 
-189.359955 -26.3966064 0.222312808 
-187.35379 -27.5584526 0.225855187 
-185.239487 -26.4304752 0.118059009 
-183.226929 -26.4338493 0.144340992 
-179.695709 -27.3648415 0.148374632 
-177.317535 -26.2929535 0.115428075 
-175.901459 -26.115654 0.132628232 
-170.507355 -26.5852013 0.198289186 
-169.325653 -27.0997734 0.216338217 
-167.667084 -27.3927326 0.150413454 
-163.141281 -27.6078644 0.262866318 
-161.308746 -27.1842041 0.264173359 
-159.161072 -27.0569935 0.236823469 
-156.031189 -26.2095394 0.271591842 
-149.135681 -27.0975723 0.229433194 
-147.987778 -27.9214554 0.277874619 
-144.133041 -26.5313568 0.305010617 
-136.60759 -26.8082657 0.255524755 
-135.166687 -27.0817451 0.305312157 
-133.183228 -26.8205376 0.27743578 
-131.269653 -26.9548645 0.277602673 
-129.010468 -27.2047882 0.221993372 
-126.93399 -27.6754227 0.27461639 
-125.032303 -27.659256 0.273531735 
-122.789818 -26.6860332 0.192134127 
-121.375168 -27.1485863 0.257834107 
-119.349365 -27.4103546 0.279973894 
-116.821381 -27.1557541 0.196002185 
-114.820969 -26.7011909 0.206821993 
-113.029816 -26.1973763 0.217274249 
-111.162834 -27.5043507 0.20263575 
-106.671608 -27.0588245 0.261175752 
-104.898216 -26.8147392 0.253626913 
-103.01857 -26.8522282 0.249487966 
-100.972168 -26.7547646 0.241028592 
-99.7671204 -26.4703083 0.21749191 
-97.8474121 -26.7523823 0.239799038 
-95.725441 -26.884882 0.264145672 
-93.7092133 -27.0554008 0.218280509 
-91.0097656 -27.2733421 0.209556445 
-88.4811401 -27.5247593 0.205986694 
-86.9821625 -27.703598 0.225004479 
-85.6022034 -27.8550606 0.217959911 
-49.4971237 -26.7644787 0.134110168 
-46.6769142 -27.347744 0.0841183886 
-34.370266 -27.078907 0.202659786 
-32.2631607 -27.2235832 0.0803349167 
-27.0326443 -27.1237011 0.177000314 
-24.9959488 -26.5049782 0.131192595 
-16.8866844 -27.4476986 0.187485203 
-15.4345474 -27.098629 0.209462598 
-13.7537279 -26.190155 0.187301248 
-291.534088 -25.9340076 0.175794169 
-288.3367 -25.7983341 0.15748629 
-276.224731 -25.0026817 0.268488199 
-274.552307 -25.5585957 0.255117416 
-273.593811 -24.7894497 0.252086222 
-271.052795 -25.8620243 0.251725167 
-253.658844 -25.9260559 0.180527687 
-249.203796 -25.2730827 0.189363167 
-247.916733 -25.0808258 0.181812644 
-244.365509 -24.2254829 0.162004068 
-238.901749 -25.5147858 0.188040093 
-236.906509 -24.0523815 0.183659315 
-233.214142 -25.1445065 0.122083351 
-231.637604 -24.1086388 0.138405129 
-228.16629 -25.4303799 0.229228839 
-227.038696 -24.8134422 0.209523723 
-218.546387 -25.5898781 0.251934767 
-217.415161 -24.5191936 0.19959411 
-214.487503 -25.4409103 0.141797379 
-213.705536 -24.8540344 0.159090728 
-211.337387 -24.7240791 0.129155338 
-208.170807 -24.0223083 0.137405619 
-207.305725 -24.5088806 0.139698207 
-205.10202 -25.3513451 0.139350593 
-200.944641 -25.068161 0.107039288 
-192.882095 -24.4943237 0.223086789 
-191.272705 -25.894207 0.224007651 
-189.317719 -24.4631157 0.129087105 
-187.315689 -24.6841698 0.127332479 
-185.285034 -25.6454983 0.133246481 
-183.251251 -25.9453087 0.13872999 
-180.48172 -24.7422066 0.1130514 
-179.759613 -24.5386581 0.14447476 
-177.584686 -25.3395386 0.173173219 
-174.970306 -24.8372688 0.126922041 
-172.939972 -25.6763382 0.132288426 
-166.833008 -25.8782997 0.156462923 
-159.695557 -25.6223774 0.220552146 
-156.325104 -25.665184 0.288952887 
-150.395935 -25.2131615 0.268208861 
-148.632217 -25.513134 0.207092434 
-146.865692 -25.7252655 0.193962365 
-144.897522 -25.5056992 0.296495378 
-143.020416 -24.8242493 0.193051115 
-140.899017 -24.9510441 0.175661609 
-139.397659 -24.8073769 0.173076212 
-137.191162 -24.4406776 0.13949047 
-135.449005 -24.3354301 0.136180326 
-132.894775 -24.9960537 0.112813905 
-131.429169 -24.6007652 0.137316242 
-129.231781 -25.3990974 0.142715663 
-127.152954 -25.2301445 0.117402732 
-124.827484 -25.4083443 0.125806272 
-123.246399 -25.5238419 0.17494607 
-120.999161 -25.2077122 0.117557392 
-118.985588 -25.330801 0.181507662 
-117.673325 -24.6614037 0.167054772 
-113.194946 -25.4017696 0.188093707 
-111.155128 -25.452343 0.317734033 
-109.033859 -24.5248909 0.315697908 
-107.22908 -25.1454124 0.158299088 
-91.1048965 -24.2874794 0.114262938 
-85.374527 -24.1017342 0.102409586 
-82.9743958 -24.0982094 0.113740712 
-80.7740173 -24.1113815 0.103824154 
-78.7919464 -24.1380253 0.114896804 
-77.0000458 -24.2376881 0.151712745 
-75.4330444 -24.3114014 0.140248328 
-73.7488327 -24.4220085 0.132639095 
-51.1229401 -24.4294739 0.12311624 
-49.4088631 -25.0414886 0.0800224394 
-42.6928902 -24.2771664 0.16538015 
-35.4505577 -24.0354786 0.315190434 
-30.8486462 -25.8377037 0.105310872 
-29.2259407 -24.5510292 0.113864653 
-26.6163845 -24.7624302 0.221250325 
-23.0580711 -25.2254658 0.125677407 
-21.4136791 -24.0403175 0.117154077 
-19.1084538 -24.0625553 0.32874772 
-17.2087231 -24.2477455 0.324966967 
-15.1367664 -24.3787766 0.285872579 
-12.7581177 -24.4810123 0.276607096 
-10.6010351 -24.616745 0.319473356 
-8.79447746 -24.7318573 0.319556266 
-6.72068977 -24.8260536 0.29587239 
-4.92589664 -24.8698769 0.330863118 
0.55343926 -25.5852032 0.284496516 
-274.31546 -23.7746887 0.23893334 
-273.872314 -23.7867393 0.249516189 
-243.204941 -23.9299812 0.166605338 
-240.81897 -23.8928242 0.162126809 
-238.826508 -23.8639641 0.177717328 
-237.403564 -23.8896065 0.182145655 
-235.247284 -23.381609 0.197688743 
-232.752045 -22.7014618 0.141458541 
-230.981186 -23.3062191 0.1469675 
-229.211456 -22.5863647 0.143798873 
-227.077469 -22.234436 0.159487695 
-225.387405 -23.6433983 0.211392462 
-223.020905 -23.0108719 0.209352076 
-221.054718 -22.4684448 0.219872862 
-219.382355 -22.5622635 0.214959621 
-216.895691 -22.9187698 0.125628591 
-214.506683 -23.2091656 0.141446292 
-213.50824 -23.5089703 0.138219863 
-211.263092 -23.0021591 0.130445063 
-209.355133 -23.3259087 0.139317662 
-206.912918 -23.167099 0.172997177 
-204.695099 -22.9289837 0.137890473 
-203.497437 -23.1629906 0.126106441 
-196.362854 -22.7550602 0.178266495 
-194.569611 -22.9861393 0.20243983 
-193.38829 -23.1946907 0.226272896 
-190.670135 -22.4035721 0.138271004 
-189.51976 -22.4613075 0.185607791 
-187.009277 -23.1568394 0.185230136 
-185.139221 -23.0510483 0.155850753 
-183.343109 -23.4410248 0.0884707794 
-181.778625 -23.9965649 0.15103671 
-177.09967 -22.3300514 0.146652192 
-175.511749 -23.0950241 0.163279116 
-173.396103 -22.9962463 0.15744704 
-170.976105 -22.9026928 0.195533261 
-169.160172 -22.9440823 0.182557344 
-167.233017 -22.8639851 0.212791905 
-165.165222 -22.9366035 0.208400652 
-162.311157 -23.0591354 0.162917197 
-160.583954 -23.0160179 0.106117591 
-158.906647 -22.6988983 0.11503002 
-156.636307 -22.3064423 0.122164585 
-150.521133 -22.437067 0.108413555 
-149.374542 -23.5985718 0.127095491 
-147.41745 -23.2116413 0.182285339 
-144.684967 -23.080595 0.141598195 
-143.297974 -23.4753036 0.166331217 
-141.226303 -23.1136894 0.162702024 
-139.107986 -23.12644 0.157507017 
-137.694809 -22.9480133 0.15396142 
-134.661804 -23.7318192 0.134321734 
-133.579559 -23.5367146 0.0847305804 
-125.222717 -23.250103 0.135839999 
-122.383362 -23.50737 0.144506842 
-120.43399 -23.7948227 0.161735222 
-119.540512 -22.6628017 0.140853226 
-117.47937 -22.8175964 0.156623006 
-115.368248 -22.482769 0.11913237 
-110.731827 -22.5099468 0.186736733 
-108.79052 -22.9424286 0.212303489 
-106.835793 -23.2851524 0.302619904 
-104.582855 -22.7088051 0.199189052 
-103.277451 -22.1014118 0.196723029 
-100.775261 -23.5401974 0.203544363 
-99.40065 -22.2587128 0.300744891 
-95.5245743 -23.8243504 0.145793691 
-93.54599 -23.3531075 0.122134209 
-90.36866 -22.245306 0.115678787 
-88.4000549 -22.1453705 0.113184355 
-86.5735931 -22.0747719 0.131959409 
-84.8381119 -22.0284767 0.121595018 
-76.8033295 -22.0876369 0.0928572193 
-75.2748413 -22.1437359 0.0875973403 
-73.1300201 -22.3436642 0.0864047706 
-70.9949036 -22.9376659 0.0872372985 
-69.9151688 -23.1431618 0.0882959515 
-65.2005157 -22.2368565 0.14937079 
-58.2962074 -22.005722 0.286277175 
-56.8665161 -22.1692848 0.17535378 
-55.3509598 -22.7918606 0.0995851755 
-53.3486481 -23.4065304 0.120201439 
-48.8169022 -22.1844654 0.205725521 
-47.1735611 -23.1085587 0.213451385 
-44.2705612 -22.6764221 0.18378596 
-43.3619919 -23.2671604 0.131522432 
-40.401825 -23.7208195 0.150693282 
-38.0415878 -23.169035 0.197339669 
-36.2812424 -22.0178566 0.323923558 
-35.8062744 -22.8203278 0.15439193 
-33.4681396 -23.0816269 0.247457147 
-31.1422882 -22.8105354 0.250240207 
-28.8933067 -22.6815567 0.243092924 
-26.9498558 -23.163002 0.214932263 
-25.083149 -22.8019962 0.241115317 
-22.3705635 -23.501461 0.321610391 
-20.528141 -23.4701233 0.223503619 
-19.47439 -22.5070305 0.102634184 
-15.3602295 -23.3298607 0.208533466 
-11.8131676 -22.7618313 0.16878885 
-6.50345659 -23.5572891 0.245376319 
-4.46465111 -23.7976208 0.335442126 
-3.80888581 -22.9283447 0.321523905 
-232.056686 -21.4848633 0.205472901 
-231.121918 -21.1521416 0.175575569 
-228.960205 -20.9924622 0.148326635 
-226.845978 -20.4244919 0.186859488 
-225.605515 -21.3644943 0.140153676 
-223.119812 -20.7540741 0.114423573 
-221.342865 -20.8388634 0.118044168 
-218.229599 -21.389782 0.219342336 
-217.388138 -20.6101856 0.221501827 
-215.261108 -20.5332317 0.154608727 
-213.960205 -21.2517395 0.149620667 
-211.345917 -21.6710491 0.140351251 
-198.691498 -20.207777 0.208112061 
-197.060394 -20.9161415 0.205753773 
-195.447662 -21.6425171 0.228051707 
-193.211548 -20.2403946 0.137820765 
-191.114929 -21.6106701 0.132899255 
-182.700531 -20.2314491 0.134175628 
-180.894196 -20.6507721 0.139368027 
-179.002075 -21.346014 0.161539063 
-177.730743 -21.5086861 0.184846789 
-175.477982 -21.5748348 0.128807336 
-173.089081 -21.3907948 0.0963719785 
-169.609787 -21.6946259 0.12511602 
-166.58609 -21.6492767 0.0982946903 
-165.670761 -21.4926338 0.102599598 
-163.330811 -20.8767014 0.132278562 
-161.015427 -21.0881767 0.158947259 
-159.267944 -21.5511284 0.213454038 
-156.828033 -21.164814 0.216183633 
-154.303162 -20.5765858 0.144610241 
-146.380753 -20.3344994 0.205222979 
-145.953827 -20.100975 0.220584452 
-140.411713 -21.3471603 0.13960211 
-139.532257 -21.5312538 0.167490065 
-123.528351 -20.8690243 0.19728525 
-120.645813 -21.1215076 0.183619171 
-119.127289 -20.78549 0.169390038 
-116.6073 -21.9083595 0.174462855 
-115.416351 -20.8469505 0.178064078 
-112.811417 -21.2486496 0.128350109 
-110.693573 -20.0350113 0.116634913 
-107.0924 -21.4474335 0.191741392 
-105.638794 -20.0657043 0.136959404 
-102.134186 -21.8945446 0.298854738 
-101.295227 -21.4970512 0.163690984 
-98.699585 -20.7637062 0.17192781 
-96.5664062 -21.1172562 0.136941776 
-95.1190872 -21.7567902 0.117896646 
-93.0503387 -21.3571739 0.1244082 
-83.2215042 -21.9728336 0.109557182 
-81.0489578 -21.9685688 0.0897728056 
-79.0746841 -21.979744 0.0916939229 
-77.8381195 -21.9927502 0.108261153 
-64.5739136 -20.270504 0.0753009245 
-62.7609253 -20.5313759 0.175803348 
-61.0657806 -21.050396 0.155915543 
-59.2180977 -21.6117668 0.138473094 
-55.0927277 -20.4291096 0.203217983 
-53.1778793 -20.548708 0.227538556 
-50.8147011 -20.6384621 0.177760333 
-48.8519402 -20.5618744 0.136340588 
-46.9057617 -21.2619972 0.173969641 
-44.7323112 -21.2729034 0.187968105 
-42.2082291 -21.0493965 0.211455092 
-39.1899261 -21.1453094 0.243598998 
-37.0008011 -21.1213036 0.230658084 
-34.6899261 -20.5389023 0.172480524 
-33.0583344 -20.2730961 0.222207576 
-27.4818592 -21.8134289 0.179942757 
-25.1193295 -21.3584824 0.16158627 
-23.0070381 -20.5495186 0.156358272 
-20.8635387 -20.264822 0.20347333 
-18.6138229 -21.1631699 0.105495997 
-14.6159172 -21.2217102 0.198742718 
-13.9610882 -20.5115814 0.205709025 
-10.7343502 -20.0442181 0.162573755 
-5.22458792 -21.3968697 0.277791619 
-3.05349588 -21.4533939 0.319632173 
2.84777021 -21.7784157 0.23985143 
-228.960266 -19.6850128 0.197060376 
-226.448441 -18.4443932 0.15657866 
-225.449768 -19.5586605 0.145237148 
-223.038773 -19.0737572 0.150015444 
-221.412766 -18.9855232 0.131789804 
-218.586273 -18.5804062 0.133381784 
-216.363342 -19.5802155 0.199414834 
-215.621994 -18.5913906 0.217677027 
-206.243439 -18.0369205 0.172814399 
-204.906433 -18.7820282 0.165105775 
-202.791382 -18.6006927 0.201293379 
-200.944611 -19.1596222 0.203266293 
-199.5009 -19.5631542 0.210894734 
-197.188965 -19.094532 0.108864248 
-195.647644 -18.9418144 0.164430529 
-192.400604 -18.2700043 0.146643445 
-190.991333 -18.8258266 0.137652352 
-189.588318 -19.0436821 0.153039485 
-186.892502 -19.308651 0.144371271 
-184.662506 -19.6911354 0.148476288 
-183.082626 -19.7590103 0.170136303 
-180.952057 -19.3057022 0.128978655 
-178.302322 -18.931509 0.140304565 
-176.50174 -18.8663998 0.103401169 
-174.759872 -18.6301746 0.139288679 
-159.153625 -19.9007454 0.0934645832 
-157.214813 -19.5823917 0.104495384 
-155.39502 -18.8585873 0.168367565 
-153.684723 -18.6113968 0.189919084 
-147.207458 -19.7998466 0.258947253 
-140.689011 -18.9757767 0.250415355 
-139.101334 -18.4902687 0.192661926 
-117.564362 -19.1149349 0.179695398 
-114.738266 -18.8157043 0.135374114 
-113.145401 -18.54883 0.134822726 
-111.591736 -18.717926 0.135517061 
-109.050888 -18.8993454 0.124502182 
-104.42878 -18.6684322 0.158629492 
-69.3301544 -18.1313496 0.207269877 
-67.3265228 -18.8978043 0.153868422 
-65.5401611 -19.4545975 0.179610953 
-63.6404228 -19.691473 0.170872301 
-61.5550652 -18.0244236 0.190681443 
-58.4612045 -18.7596893 0.155547693 
-56.751152 -19.0917244 0.160995394 
-55.3718224 -19.3429241 0.173558235 
-53.2358704 -19.2933636 0.167648092 
-51.2555084 -19.5069485 0.222878695 
-42.712471 -18.2184162 0.33485797 
-40.8260574 -18.9935265 0.278799146 
-39.6561928 -19.4476204 0.24520427 
-37.5832214 -18.6160889 0.235967174 
-32.3128395 -19.6117191 0.138291836 
-30.4915466 -19.3942566 0.218647435 
-29.0154114 -18.5398903 0.191832364 
-27.33498 -18.492012 0.226736486 
-22.4719238 -19.4232903 0.0996815264 
-21.4245148 -18.6323051 0.0843369365 
-18.9578838 -19.9647923 0.15154475 
-17.2330322 -19.3940067 0.153670132 
-14.5984631 -18.9264183 0.189307362 
-13.5023623 -19.1059875 0.190483972 
-11.1121626 -18.8252335 0.194212407 
-8.82353973 -18.5567055 0.184103698 
-7.79587603 -18.2097359 0.168825001 
-4.52654076 -19.6269112 0.277663112 
-2.80478787 -19.0613098 0.310054123 
-1.45849621 -18.9799747 0.303881735 
-224.933838 -17.546505 0.181209922 
-223.737488 -16.9380417 0.181423545 
-215.006088 -17.3166656 0.221703574 
-210.941238 -16.349268 0.178149551 
-208.513062 -16.7219563 0.171450779 
-207.203049 -16.5168915 0.216126323 
-205.142929 -17.2893105 0.222120166 
-203.934814 -17.808075 0.217889339 
-200.482849 -17.0035057 0.11606095 
-196.924484 -17.8891373 0.129281655 
-195.071136 -16.0252247 0.115151934 
-193.217636 -16.5676422 0.163077831 
-191.980438 -17.8951015 0.115098692 
-178.710999 -17.0290413 0.198287085 
-176.568893 -16.9453335 0.171826109 
-175.190872 -17.5917721 0.254776329 
-173.412659 -16.9782066 0.239560723 
-171.429138 -17.08144 0.255777657 
-169.0914 -17.3409729 0.223554492 
-166.338226 -17.1676865 0.187760055 
-164.883362 -17.1272659 0.196221888 
-156.751938 -16.6310673 0.207966626 
-155.255524 -16.9601326 0.178350747 
-153.502197 -17.1561489 0.227970541 
-150.888062 -17.6068478 0.199139625 
-148.909683 -17.4215031 0.192446649 
-146.862015 -17.0784588 0.19682163 
-145.08606 -16.656477 0.185361862 
-142.908249 -16.3558693 0.198164165 
-141.341034 -17.7900753 0.228329867 
-135.364975 -17.5362072 0.196800053 
-123.858627 -16.4784908 0.253911734 
-117.006134 -17.5277824 0.186995775 
-114.868851 -16.9354401 0.180024132 
-112.087845 -16.1828651 0.20816578 
-109.203369 -17.3380184 0.127346128 
-107.443855 -17.4586849 0.121955618 
-103.041428 -16.8192348 0.164611921 
-75.0961533 -16.2652092 0.111656919 
-72.8730545 -16.6646996 0.187151164 
-71.1343613 -17.3025436 0.170547158 
-69.04776 -17.5964527 0.192049623 
-66.7894669 -16.1398869 0.172367081 
-65.1316147 -17.0029488 0.136501104 
-62.5290909 -16.6349239 0.159546316 
-60.8699036 -17.5904617 0.152073279 
-59.2718849 -17.8166294 0.183899835 
-53.0293083 -16.6637497 0.326213121 
-50.8502312 -17.3578053 0.313445508 
-49.3597183 -17.3320026 0.328281105 
-47.1181641 -17.4190998 0.327067018 
-45.0992661 -17.7255535 0.321723193 
-26.813015 -16.9407902 0.0942427516 
-25.0837193 -17.4306641 0.231305689 
-22.9340687 -16.8416653 0.236189678 
-21.246006 -16.5862198 0.249455348 
-19.7419243 -16.3985825 0.179267928 
-17.1210899 -16.9430027 0.133586511 
-15.2020607 -16.8874626 0.229827344 
-12.7621241 -17.4205875 0.223270506 
-10.5450211 -17.2695122 0.185167313 
-9.27697849 -16.6299 0.225283638 
-6.93680286 -17.6964645 0.186789289 
-5.68880463 -16.726078 0.186829224 
-2.65810275 -17.1028671 0.266216516 
-0.673516989 -17.1931229 0.284730554 
0.835322201 -16.8932724 0.320204645 
-223.099091 -15.5660639 0.178606197 
-214.792389 -15.3867979 0.228769571 
-212.985779 -14.8528328 0.209008411 
-210.817398 -15.375267 0.230079666 
-209.075699 -15.7807674 0.234179884 
-206.976959 -14.9624119 0.131284446 
-205.072571 -14.8831081 0.113300323 
-203.064911 -15.1052227 0.114506677 
-201.363174 -15.355999 0.166291624 
-196.906708 -14.3864145 0.209085375 
-194.570496 -14.9620705 0.244116724 
-193.150604 -14.2326641 0.234601602 
-191.064697 -14.2459908 0.200552911 
-189.442902 -14.1538239 0.247326538 
-180.093109 -15.9267006 0.24613896 
-163.16275 -15.7671089 0.150801063 
-160.845184 -15.1798763 0.122034796 
-155.589493 -14.9660673 0.242778808 
-152.216293 -15.3159046 0.262706667 
-151.570786 -15.1387367 0.207780749 
-149.266479 -15.4950781 0.142404944 
-147.510498 -15.1671906 0.0969278216 
-145.90416 -15.7530813 0.211431757 
-143.555923 -15.1748705 0.199790418 
-138.321152 -14.1447201 0.183365703 
-136.942368 -14.0375929 0.18937625 
-134.720505 -14.21486 0.183145806 
-132.838547 -14.1738129 0.17870149 
-130.766541 -14.3271837 0.180536032 
-129.178268 -15.1811228 0.195129931 
-126.532066 -14.5653801 0.117645971 
-124.580849 -14.974905 0.170927852 
-122.502991 -14.2071943 0.220721737 
-120.644318 -14.0891495 0.212320864 
-117.390587 -15.1223392 0.186001167 
-114.787292 -15.4415522 0.164199725 
-113.086777 -15.1487522 0.180490404 
-110.430923 -15.5246935 0.152362823 
-109.379547 -14.4388638 0.115588203 
-107.209061 -15.1902571 0.132264063 
-102.156464 -14.7880898 0.178009197 
-80.4185791 -14.6668863 0.313569307 
-78.8508759 -14.2858353 0.231592014 
-77.4322357 -15.1603489 0.144186646 
-75.1115417 -15.4868965 0.22829169 
-72.6537857 -14.1312437 0.161012799 
-70.4300766 -14.7452679 0.174826831 
-68.5516281 -14.9563675 0.186142921 
-66.274559 -15.0812187 0.145854533 
-64.3566589 -15.7518616 0.149123579 
-57.1621017 -14.2896223 0.335336387 
-55.4252663 -14.9232311 0.248933643 
-38.6940727 -14.9602652 0.257521927 
-28.9547081 -14.9407368 0.195031777 
-23.0061131 -15.0397282 0.189691618 
-21.196928 -14.8103981 0.197780907 
-19.4558601 -14.8124199 0.127178937 
-16.9282341 -15.2510157 0.139507353 
-15.2921848 -15.1475267 0.16907075 
-12.6162853 -15.001318 0.22322543 
-10.6144962 -14.6634874 0.221419886 
-8.35079002 -15.0169039 0.219024301 
-7.04863882 -15.4407425 0.174098939 
-4.69791794 -15.4344282 0.158727735 
-3.61846423 -14.4013815 0.200078487 
-0.343062073 -15.8999338 0.306693494 
0.752339482 -15.258316 0.265739232 
2.62062144 -15.0891809 0.325929224 
-222.779724 -12.9802618 0.201938361 
-220.546951 -13.8661194 0.188789681 
-219.182983 -13.8657093 0.186834306 
-217.342163 -13.9074917 0.17459476 
-215.079803 -13.9260664 0.175432533 
-213.437897 -13.9683857 0.179664209 
-208.866959 -12.9024582 0.209690258 
-206.325867 -12.4528093 0.298400193 
-204.956818 -12.1850681 0.200659201 
-202.864929 -12.7214727 0.203762531 
-200.814651 -13.3098774 0.162274078 
-198.64296 -13.8302374 0.213041738 
-195.071136 -13.8450117 0.270735443 
-191.124268 -13.933485 0.244205952 
-185.205109 -13.5237055 0.225430995 
-180.16188 -12.4836788 0.173420623 
-179.040955 -12.4865694 0.178286478 
-166.788208 -12.4408188 0.190976664 
-158.649033 -13.0934544 0.148009568 
-157.71402 -12.4027252 0.144132614 
-154.357788 -13.2597523 0.271733403 
-152.715515 -13.4962444 0.244683743 
-150.761536 -12.1175795 0.234394833 
-144.657578 -12.7194815 0.201594934 
-143.424744 -13.6939812 0.1846219 
-141.149109 -12.665102 0.128876626 
-139.246643 -13.008194 0.186471403 
-137.85437 -12.8249702 0.178063065 
-135.37146 -13.0257664 0.112090282 
-132.782959 -12.9818926 0.0914732516 
-130.729004 -12.8830605 0.102779992 
-128.89682 -13.4063187 0.0828325972 
-123.397842 -13.4790449 0.23023811 
-121.638069 -13.5494022 0.192270577 
-119.016922 -13.6055965 0.19232586 
-117.047745 -13.2678356 0.184135824 
-114.932991 -13.2719707 0.175703421 
-112.482506 -13.9238796 0.194812372 
-111.458923 -12.864253 0.191273481 
-108.720673 -13.2269917 0.155274749 
-106.251511 -12.9823055 0.117468014 
-105.948662 -12.7413826 0.162552118 
-101.380653 -13.1416683 0.160773188 
-99.5755539 -12.2569513 0.0808446333 
-96.2433701 -12.1107922 0.136824027 
-95.0824127 -12.3440723 0.121948153 
-92.62146 -12.4136152 0.104842432 
-90.6932373 -12.4324493 0.133591801 
-89.4489212 -12.774559 0.188905329 
-87.271019 -12.9943972 0.132614523 
-85.2598572 -12.9836769 0.148562938 
-83.1575775 -12.9713144 0.237764105 
-81.0997467 -12.8764782 0.155079365 
-79.3111572 -13.1708393 0.137091368 
-77.1876068 -13.1420727 0.228560776 
-74.952301 -12.9220829 0.241946429 
-73.19104 -12.9305811 0.243792236 
-71.4359436 -13.1583843 0.245923698 
-68.779007 -12.3307428 0.323171377 
-67.3325119 -12.3055372 0.306084186 
-63.5316505 -12.2154942 0.316770256 
-61.4557381 -13.0427504 0.305420965 
-59.1988754 -13.6044436 0.309426874 
-34.9521942 -12.9781456 0.297216356 
-30.30019 -12.8788042 0.312169015 
-27.1959267 -13.088954 0.241097242 
-24.9473248 -13.3109255 0.204079404 
-23.0766449 -12.8460445 0.202335387 
-20.9708004 -12.7572985 0.18785125 
-18.2315178 -13.6104994 0.172981769 
-16.7348709 -13.27952 0.155577511 
-15.3150291 -13.0162516 0.205017388 
-11.0166206 -12.3374596 0.107755944 
-7.08468533 -13.5127907 0.198151916 
-5.25705147 -12.6765327 0.194991976 
-3.02216339 -13.3948593 0.183465064 
1.2135973 -12.4644737 0.303716183 
2.8333025 -13.0529728 0.220238373 
4.43935204 -12.5929565 0.315079212 
-229.170364 -11.5756693 0.122340642 
-222.447021 -11.1781054 0.228804871 
-220.841385 -10.685751 0.109038733 
-210.391357 -10.273881 0.137689739 
-209.268784 -10.6577082 0.205226451 
-206.52861 -11.1849422 0.206951201 
-205.869598 -11.5848694 0.211229861 
-203.908051 -11.6561699 0.292956412 
-201.527328 -10.8489656 0.304050624 
-196.980988 -10.515811 0.291156113 
-195.721786 -10.0178232 0.288956821 
-167.338333 -11.1478977 0.216614977 
-158.097504 -11.4976292 0.160413533 
-157.655853 -11.7084875 0.154863298 
-155.852417 -10.9980555 0.144865513 
-153.817383 -10.5026903 0.138320655 
-151.878098 -10.264431 0.141609311 
-149.561859 -11.1872559 0.242566332 
-138.399475 -11.6363087 0.0987033248 
-137.21991 -11.4828434 0.0969367027 
-110.668823 -11.5606823 0.191060364 
-108.541016 -10.9196205 0.20377931 
-107.251373 -10.0016079 0.197685584 
-105.490868 -11.5267582 0.166394055 
-103.117577 -10.3831844 0.148671478 
-101.304436 -10.1730671 0.173600122 
-99.052063 -11.2961082 0.170156598 
-97.2341232 -11.1424046 0.136352599 
-95.1956558 -10.4568529 0.148374364 
-93.2977982 -10.8636723 0.153051108 
-90.9872437 -10.9019394 0.170017034 
-89.0487061 -11.1062107 0.141692013 
-86.9568939 -10.9502611 0.162344247 
-85.0128326 -11.2866325 0.157710671 
-82.9728775 -11.5417175 0.160304502 
-81.1613464 -11.4465313 0.188703388 
-78.9601288 -11.6840076 0.177568346 
-77.4898911 -11.90028 0.196689397 
-63.6793213 -11.8083582 0.148754776 
-32.2239265 -11.7297945 0.262420326 
-30.2759304 -10.819768 0.267012745 
-20.0428581 -11.9170427 0.185254797 
-18.4651966 -11.5581942 0.186204419 
-17.0366058 -11.2409849 0.172050595 
-15.0997152 -11.0460882 0.163260803 
-12.9303064 -10.3678722 0.168422669 
-10.6209068 -10.2501125 0.22435905 
-8.95780087 -10.937706 0.193785831 
-7.50845194 -10.5750008 0.20025982 
-4.91153955 -10.5514603 0.208953381 
-3.65448809 -11.3712406 0.247311994 
-1.01053452 -11.2538948 0.182947993 
0.722805977 -11.0932226 0.238673002 
3.09841108 -10.8684101 0.244351 
5.14989567 -11.0832872 0.323017955 
-222.160889 -9.23907852 0.216360033 
-220.922852 -8.00839996 0.222294167 
-217.053833 -8.08185196 0.215259299 
-214.934906 -8.15670681 0.219522923 
-213.191315 -8.26836014 0.203269631 
-211.100159 -8.63928223 0.211775228 
-209.432037 -9.66964817 0.152800456 
-166.838303 -9.3972168 0.176552773 
-150.583069 -9.12559891 0.164826348 
-148.603455 -9.52338696 0.126431048 
-147.209091 -9.66478157 0.146497011 
-145.293488 -9.13495064 0.120993823 
-143.035431 -8.44326115 0.128257558 
-114.143021 -8.80457497 0.260619998 
-112.81427 -8.49087334 0.254741073 
-111.284889 -8.2256031 0.257771909 
-109.161362 -8.03650856 0.259421408 
-105.227272 -9.96515656 0.194939703 
-100.187271 -9.51721382 0.205231294 
-98.709198 -9.23442841 0.160089433 
-97.6470795 -9.84655094 0.202501103 
-95.189827 -8.02178955 0.263127565 
-93.384613 -8.40009022 0.275246739 
-91.2062302 -8.91524315 0.277377009 
-89.1437836 -9.51762676 0.276387036 
-87.0235901 -9.95096588 0.250295609 
-77.6348877 -9.51372433 0.175170034 
-72.1913757 -8.35217857 0.145243675 
-10.8504734 -9.79688263 0.149854213 
-9.02941227 -9.1574192 0.168417826 
-7.03956509 -8.58270073 0.156255573 
-4.93386745 -9.32088661 0.160411417 
-3.31877923 -9.65900898 0.208509833 
-1.599617 -8.88579178 0.214917392 
0.432587355 -9.30315018 0.189344794 
3.5080564 -9.23632622 0.161635712 
4.70234871 -9.1991787 0.219885916 
6.4521265 -9.37812138 0.305726349 
-219.270355 -7.99295664 0.205442205 
-187.890762 -7.25248814 0.297546536 
-185.425934 -6.62506723 0.304431111 
-144.097519 -7.96254063 0.238399968 
-106.64505 -7.92030907 0.265255451 
-104.659714 -7.71907854 0.257038653 
-103.069992 -7.33408165 0.260312378 
-101.467987 -7.12981415 0.258880585 
-99.3088989 -7.30082226 0.267357796 
-97.1908112 -7.64822292 0.276350707 
-86.3595428 -7.38917494 0.188755527 
-83.9636765 -7.82786417 0.163439944 
-76.6132736 -6.03651047 0.13379769 
-74.3732147 -7.74857807 0.146819338 
-5.34733248 -7.58806705 0.168951601 
-3.67140436 -6.44576359 0.157959715 
-1.1686722 -7.47491074 0.176979393 
0.347657263 -6.42320347 0.211210147 
3.08580518 -6.45706272 0.221077845 
5.24766064 -7.51713753 0.266866833 
6.93470383 -7.31861401 0.322134733 
-209.866226 -4.25103474 0.205829248 
-183.035461 -5.95541143 0.301696032 
-180.994278 -5.41250467 0.287334889 
-176.724869 -4.28585958 0.307841867 
-89.6881409 -4.10997677 0.301407427 
-86.9182587 -4.76268339 0.179978952 
-85.4178391 -4.53761339 0.147986501 
-81.0164261 -4.92547131 0.136180967 
-78.9424591 -5.22666597 0.155045092 
-76.9241486 -4.79204082 0.237205058 
-2.8929739 -5.5825243 0.183124363 
-1.4941082 -4.75177002 0.148282483 
0.872963727 -5.35074186 0.209436446 
2.64211655 -4.95179367 0.225850195 
5.33064222 -5.76296234 0.232446894 
7.2930994 -5.58068275 0.325535059 
8.25200844 -4.74303341 0.321053654 
-174.332397 -3.28920507 0.307235956 
-92.7258377 -2.7259829 0.229079992 
-90.9004364 -3.23807478 0.277762651 
-88.783783 -3.87868881 0.241063267 
-87.0276413 -3.6837275 0.301084191 
-85.175972 -3.55806446 0.296690673 
-83.4496384 -3.47534394 0.31038782 
-80.959671 -3.52485013 0.306094348 
-79.1248627 -3.67424345 0.290976614 
-77.2818604 -3.90637255 0.307946503 
-0.967852712 -3.42489576 0.164782628 
0.982562423 -3.42801762 0.224485666 
2.22687435 -3.01721954 0.179566741 
7.24710894 -3.20221567 0.22427386 
8.57793808 -2.962255 0.318186522 
-167.170395 -1.2381283 0.307189018 
-164.586212 -0.528427958 0.288790077 
-110.924004 -1.95178258 0.191664919 
-108.044106 -1.73399174 0.199726 
-103.936066 -1.25697994 0.203183621 
-101.98333 -0.903893888 0.214592427 
-99.1437531 -1.19095409 0.185032248 
-1.34297121 -1.22072864 0.114448428 
0.30790031 -1.52357411 0.182847872 
2.37698698 -1.31147671 0.188610092 
4.40977716 -0.202583581 0.198069841 
7.26321411 -0.987912774 0.194334 
8.70194817 -1.17093301 0.325611711 
-2.05629849 1.72088039 0.14017792 
-0.55862087 1.25713086 0.166453943 
0.2422176 0.559581459 0.170888096 
2.77499199 0.713890016 0.189648807 
5.16989899 0.0955929533 0.17261146 
6.949965 0.556195199 0.196971238 
8.58466911 1.11384487 0.32271722 
-2.48707724 2.59062243 0.116060942 
-0.676642776 2.76953316 0.170874968 
0.316259801 2.67318416 0.212988436 
2.26804328 2.48552442 0.168396518 
6.79096985 2.94682217 0.173890054 
8.68297577 2.6338644 0.322052598 
-4.79741478 5.43516397 0.128301695 
-2.59937048 5.33651972 0.172893375 
-1.44780886 4.50105381 0.184641048 
1.71363044 4.50807095 0.181999683 
8.23893261 4.96564007 0.31797573 
-6.2860775 7.87849903 0.172279492 
-4.56381321 7.41239548 0.182521254 
-3.03965902 6.44126797 0.179945797 
-1.71998715 6.16505623 0.208657414 
4.49804115 7.91217232 0.179075763 
6.49449825 7.7048068 0.181510761 
-6.5278101 8.01606083 0.179643601 
4.35361481 8.24670887 0.146419972 
-2.62127686 13.7956715 0.151810646 
-0.0182964578 12.4967813 0.167260021 
3.40307379 12.0166435 0.198955625 
-0.0911819339 14.6877184 0.189892024 
0.666886687 14.2407398 0.185858503 
-9.84161472 16.8415756 0.180197239 
-7.19396067 17.2876129 0.179991707 
-2.8531251 16.3908653 0.158772856 
-1.63345051 16.2057533 0.176576525 
