1.67421e+09 4.38772 -8.47782 0.344788
1.67421e+09 -7.24225 -7.75497 0.245963
1.67421e+09 12.0933 3.75258 0.26545
1.67421e+09 4.84549 11.7464 0.302635
1.67421e+09 1.84584 -8.48821 0.182325
1.67421e+09 -6.59059 7.25352 0.210409
1.67421e+09 19.5785 4.21307 0.230393
1.67421e+09 7.77776 -11.0177 0.164738
1.67421e+09 3.62412 5.35739 0.114866
1.67421e+09 -1.02377 6.58504 0.136952
1.67421e+09 -12.4694 -4.84934 0.316184
1.67421e+09 25.0507 15.6272 0.189908
1.67421e+09 7.86773 15.2809 0.257768
1.67421e+09 -2.35988 12.2348 0.253075
1.67421e+09 -1.82235 -11.6967 0.154721
