1.67421e+09 3.73463 -8.44559 0.359459
1.67421e+09 8.66569 -5.8623 0.255127
1.67421e+09 -7.93607 -7.68527 0.259698
1.67421e+09 11.4738 3.78294 0.26106
1.67421e+09 4.26134 11.8264 0.258619
1.67421e+09 1.18789 -8.46842 0.190562
1.67421e+09 -7.21346 7.32425 0.210034
1.67421e+09 18.9584 4.22191 0.240251
1.67421e+09 2.93577 5.39727 0.0975324
1.67421e+09 7.14368 -10.9691 0.204736
1.67421e+09 7.24016 15.3315 0.24169
1.67421e+09 -2.5306 -11.6223 0.160543
1.67421e+09 -1.67011 6.68822 0.100422
1.67421e+09 -16.8208 -8.50072 0.232357
