1.67421e+09 8.09711 -6.23856 0.341633
1.67421e+09 -2.76476 -5.65448 0.235231
1.67421e+09 4.34306 -10.1005 0.246257
1.67421e+09 13.3911 -9.00139 0.294435
1.67421e+09 9.75757 4.97904 0.186276
1.67421e+09 -6.11024 4.47294 0.160808
1.67421e+09 13.8303 6.02789 0.200327
1.67421e+09 3.7343 15.8377 0.29622
1.67421e+09 0.540565 5.68814 0.113417
1.67421e+09 -8.45396 -11.5087 0.248521
1.67421e+09 7.20527 12.2366 0.24019
1.67421e+09 -1.72485 8.3695 0.207853
1.67421e+09 -1.31029 5.10503 0.130989
1.67421e+09 -11.1636 11.0788 0.217085
1.67421e+09 17.8131 11.0991 0.257115
1.67421e+09 25.4053 2.98898 0.260125
1.67421e+09 0.271703 -13.9039 0.145549
1.67421e+09 7.25644 -21.5572 0.167896
1.67421e+09 -7.71139 14.9025 0.273513
1.67421e+09 -12.1976 6.78644 0.190336
