1.67421e+09 4.00745 -5.92693 0.331742
1.67421e+09 9.40377 -8.64542 0.302658
1.67421e+09 5.61058 5.32604 0.186329
1.67421e+09 -7.02499 -5.39365 0.22562
1.67421e+09 9.69258 6.38769 0.210632
1.67421e+09 0.556549 5.24644 0.142267
1.67421e+09 0.394517 -9.81704 0.239249
1.67421e+09 -5.86601 8.56585 0.171523
1.67421e+09 4.28763 -22.8643 0.350986
1.67421e+09 3.025 12.5607 0.242447
1.67421e+09 -3.68919 6.02936 0.127775
1.67421e+09 21.2989 3.41073 0.277259
1.67421e+09 -12.6814 -11.3808 0.246915
1.67421e+09 11.0238 16.9131 0.239606
1.67421e+09 5.03611 -8.95087 0.124997
1.67421e+09 13.6326 11.498 0.258351
1.67421e+09 5.74511 7.19646 0.132001
1.67421e+09 28.2292 3.67633 0.271089
1.67421e+09 -10.7151 -17.2934 0.288312
1.67421e+09 -3.77188 -13.7078 0.194973
1.67421e+09 -5.43381 5.34277 0.101013
1.67421e+09 -0.468921 16.1253 0.286678
1.67421e+09 14.7289 -12.3056 0.18603
1.67421e+09 -8.19243 -9.13429 0.18361
