1.67421e+09 7.65542 -8.50444 0.334652
1.67421e+09 8.14326 3.63882 0.232918
1.67421e+09 12.6241 -5.87495 0.276673
1.67421e+09 -3.63544 7.06227 0.224214
1.67421e+09 -9.27867 -5.15135 0.330258
1.67421e+09 8.12771 11.7438 0.283873
1.67421e+09 15.1577 3.84638 0.252097
1.67421e+09 0.585435 12.0909 0.258853
1.67421e+09 5.14859 -8.50928 0.174985
1.67421e+09 -7.6513 6.13604 0.201663
1.67421e+09 1.94826 6.46813 0.105442
1.67421e+09 1.43346 -11.8162 0.163906
1.67421e+09 22.6474 4.38307 0.240858
1.67421e+09 11.1301 -10.9657 0.170507
1.67421e+09 -1.88766 17.6202 0.276479
1.67421e+09 -10.0101 13.4404 0.290833
1.67421e+09 -8.48232 -8.22079 0.15145
1.67421e+09 -13.0184 -8.90278 0.234746
1.67421e+09 19.333 18.8589 0.256441
1.67421e+09 11.069 15.2028 0.216767
