1.67421e+09 4.08357 -8.4176 0.343495
1.67421e+09 4.44348 6.67764 0.233517
1.67421e+09 0.441428 5.65519 0.215262
1.67421e+09 15.7051 -8.63737 0.328106
1.67421e+09 -4.91276 -9.53326 0.260296
1.67421e+09 16.0098 3.55909 0.264255
1.67421e+09 -4.68082 5.63535 0.134273
1.67421e+09 -2.1696 12.8673 0.263214
1.67421e+09 9.57445 -12.0647 0.181413
1.67421e+09 8.44564 11.7663 0.247822
1.67421e+09 23.0251 3.91685 0.26467
1.67421e+09 -5.62837 16.4213 0.296318
1.67421e+09 13.174 -8.71494 0.156202
1.67421e+09 5.85021 17.2026 0.244415
1.67421e+09 9.9118 6.15841 0.0924512
1.67421e+09 -12.2044 -5.01491 0.234864
1.67421e+09 15.7428 11.6247 0.273737
1.67421e+09 6.12022 -17.7727 0.165355
1.67421e+09 -0.169913 -8.63621 0.123925
1.67421e+09 -11.0025 8.8785 0.159702
1.67421e+09 18.5917 15.1872 0.241809
1.67421e+09 -9.03296 -13.3838 0.1693
