1.67421e+09 2.7303 -5.84217 0.316711
1.67421e+09 4.34053 5.39241 0.185938
1.67421e+09 8.1701 -8.59263 0.333354
1.67421e+09 8.36958 6.42885 0.223124
1.67421e+09 -0.874952 -9.7757 0.259234
1.67421e+09 -0.709954 5.36986 0.1378
1.67421e+09 19.7768 -8.78829 0.311071
1.67421e+09 -8.26079 -5.29955 0.219192
1.67421e+09 12.3779 11.5603 0.257434
1.67421e+09 1.78991 12.636 0.243547
1.67421e+09 19.9877 3.44817 0.248316
1.67421e+09 -4.87941 6.01019 0.18102
1.67421e+09 3.01708 -22.7061 0.275009
1.67421e+09 4.4586 7.25227 0.113019
1.67421e+09 9.75493 16.9699 0.232608
1.67421e+09 13.5209 -12.2492 0.179506
1.67421e+09 26.9565 3.76327 0.251714
1.67421e+09 -5.03743 -13.6195 0.162935
1.67421e+09 -12.0113 -17.2744 0.298227
1.67421e+09 19.712 11.4842 0.2647
1.67421e+09 13.9362 5.92193 0.16558
1.67421e+09 -6.66736 5.3358 0.146177
1.67421e+09 2.05446 -21.2058 0.169899
1.67421e+09 -11.5314 23.1571 0.297015
