1.67421e+09 1.94053 -5.7791 0.325949
1.67421e+09 3.54961 5.48601 0.193273
1.67421e+09 7.47793 -8.53324 0.295489
1.67421e+09 7.60934 6.55352 0.214035
1.67421e+09 -1.63435 -9.68716 0.250635
1.67421e+09 -1.50819 5.44439 0.130835
1.67421e+09 19.094 -8.6638 0.335289
1.67421e+09 11.5626 11.6733 0.254684
1.67421e+09 -8.99659 -5.22041 0.208287
1.67421e+09 -2.55111 16.2593 0.28956
1.67421e+09 0.947033 12.7201 0.25653
1.67421e+09 19.1962 3.54693 0.265532
1.67421e+09 3.67144 7.31742 0.0973591
1.67421e+09 12.8243 -12.1549 0.174829
1.67421e+09 -12.8496 -17.2477 0.313247
1.67421e+09 -14.6755 -11.2398 0.257412
1.67421e+09 9.51021 -17.9998 0.23267
1.67421e+09 16.4605 -8.56034 0.190973
1.67421e+09 26.1787 3.91395 0.260315
1.67421e+09 18.8621 11.5449 0.258694
1.67421e+09 -5.69657 6.10245 0.106119
1.67421e+09 13.0691 6.04895 0.184858
1.67421e+09 -12.3887 23.1852 0.279373
