1.67421e+09 7.10615 4.29102 0.284245
1.67421e+09 -5.65245 -4.51789 0.313726
1.67421e+09 8.00475 10.5022 0.263059
1.67421e+09 -6.5321 4.4908 0.197576
1.67421e+09 13.556 -8.74262 0.30731
1.67421e+09 18.2408 -6.95183 0.329788
1.67421e+09 -1.59306 7.73867 0.170863
1.67421e+09 1.69543 12.0342 0.263269
1.67421e+09 16.7927 -17.2355 0.323118
1.67421e+09 -3.39639 6.2386 0.115945
1.67421e+09 -13.7123 -9.43548 0.24829
1.67421e+09 4.0109 -14.1875 0.151186
1.67421e+09 -4.51067 -16.3167 0.292749
1.67421e+09 1.71344 8.96459 0.064811
1.67421e+09 -7.60223 24.2311 0.260965
1.67421e+09 13.3645 22.2636 0.224971
