1.67421e+09 1.72377 -8.34774 0.322423
1.67421e+09 6.64421 -5.77663 0.253587
1.67421e+09 9.14083 3.85187 0.265114
1.67421e+09 -9.82344 -7.72891 0.272811
1.67421e+09 16.5808 4.31066 0.23985
1.67421e+09 -5.00791 12.3828 0.280342
1.67421e+09 5.13036 -10.9266 0.188769
1.67421e+09 -3.70034 6.73696 0.117378
1.67421e+09 5.25019 15.3292 0.213499
1.67421e+09 -9.1485 7.37439 0.192953
1.67421e+09 21.0752 -7.9296 0.281224
1.67421e+09 -4.51979 -11.5636 0.149857
1.67421e+09 1.07905 5.28738 0.129974
1.67421e+09 16.5279 -9.22418 0.177087
1.67421e+09 22.2876 15.8346 0.255133
