1.67421e+09 1.3016 -5.98072 0.245369
1.67421e+09 12.3547 -6.71183 0.342253
1.67421e+09 2.64222 8.00414 0.182881
1.67421e+09 8.51298 -10.5266 0.248213
1.67421e+09 8.9704 4.47109 0.15785
1.67421e+09 8.25093 15.4333 0.296715
1.67421e+09 -4.4967 -11.6942 0.266114
1.67421e+09 14.176 4.46696 0.189889
1.67421e+09 4.86383 5.31039 0.16485
1.67421e+09 -6.76383 10.9341 0.191317
1.67421e+09 11.6513 11.772 0.252499
1.67421e+09 -7.85436 6.63005 0.178814
1.67421e+09 4.25064 -14.3046 0.153275
1.67421e+09 -3.18059 14.7054 0.260561
1.67421e+09 -20.8632 -13.6723 0.248038
