1.67421e+09 3.99633 -7.34939 0.300952
1.67421e+09 -7.14167 4.83062 0.296883
1.67421e+09 5.3065 6.8323 0.140692
1.67421e+09 14.3247 5.56774 0.215889
1.67421e+09 20.3831 -10.3221 0.289874
1.67421e+09 19.7903 6.13854 0.310191
1.67421e+09 6.26225 16.5096 0.226392
1.67421e+09 1.51729 -8.24614 0.130653
1.67421e+09 19.4947 11.5873 0.198345
1.67421e+09 -0.661516 6.91334 0.101283
1.67421e+09 -0.570437 -8.48545 0.126069
1.67421e+09 -13.7749 13.0744 0.232318
1.67421e+09 -9.99939 -17.8038 0.174821
1.67421e+09 -10.707 16.4837 0.217681
1.67421e+09 6.22295 23.1479 0.22401
1.67421e+09 -2.35302 19.7659 0.263235
1.67421e+09 0.919772 7.35235 0.108348
1.67421e+09 15.0281 22.7584 0.241099
