1.67421e+09 7.71765 -6.21848 0.339619
1.67421e+09 3.94435 -10.0784 0.247785
1.67421e+09 -3.15305 -5.63099 0.231095
1.67421e+09 13.036 -9.06397 0.302302
1.67421e+09 9.34515 5.00316 0.184388
1.67421e+09 13.4567 6.06755 0.188212
1.67421e+09 -6.54903 4.49734 0.139514
1.67421e+09 3.35838 15.842 0.275153
1.67421e+09 6.77826 12.2306 0.220173
1.67421e+09 -8.85789 -11.544 0.247519
1.67421e+09 0.170051 5.67516 0.141969
1.67421e+09 -2.07261 8.33671 0.196716
1.67421e+09 24.6128 -9.3068 0.311602
1.67421e+09 3.40309 10.1457 0.164978
1.67421e+09 -0.123493 -13.8735 0.164254
1.67421e+09 -1.74361 5.15416 0.0824839
1.67421e+09 9.47349 6.85955 0.120885
1.67421e+09 -11.5377 11.0916 0.209197
1.67421e+09 25.016 3.00254 0.264208
1.67421e+09 -8.1258 14.9072 0.272238
1.67421e+09 17.4109 11.1159 0.231935
1.67421e+09 6.84415 -21.5512 0.197817
1.67421e+09 -12.5222 6.72826 0.202254
1.67421e+09 8.60041 -9.27479 0.141542
1.67421e+09 10.5202 23.0242 0.215495
