1.67421e+09 3.51378 -5.89937 0.324956
1.67421e+09 8.90052 -8.64804 0.303346
1.67421e+09 5.10761 5.35231 0.195019
1.67421e+09 9.17489 6.41622 0.234284
1.67421e+09 -0.090433 -9.81386 0.243778
1.67421e+09 -7.49054 -5.36315 0.214036
1.67421e+09 0.0603876 5.32008 0.163246
1.67421e+09 -6.36558 8.56443 0.163925
1.67421e+09 -4.16144 6.0163 0.113187
1.67421e+09 2.54214 12.5709 0.234494
1.67421e+09 20.5005 -8.85323 0.323976
1.67421e+09 13.128 11.5197 0.254339
1.67421e+09 20.7591 3.38286 0.265292
1.67421e+09 -0.941971 16.0635 0.268098
1.67421e+09 5.25597 7.21802 0.122679
1.67421e+09 -13.1518 -11.3778 0.238008
1.67421e+09 4.51916 -8.86601 0.120071
1.67421e+09 10.5309 16.9418 0.251944
1.67421e+09 20.3772 11.342 0.235293
1.67421e+09 -4.25658 -13.6683 0.163232
1.67421e+09 14.3153 -12.3078 0.191294
1.67421e+09 27.7305 3.70096 0.255908
1.67421e+09 -5.85864 11.7255 0.149854
1.67421e+09 2.88179 -21.2596 0.165927
