1.67421e+09 7.75695 4.15015 0.248246
1.67421e+09 -5.75653 4.46959 0.207148
1.67421e+09 8.78859 10.4637 0.274189
1.67421e+09 14.2873 -8.8297 0.305157
1.67421e+09 -0.813925 7.68759 0.171
1.67421e+09 2.4764 11.9816 0.267572
1.67421e+09 -2.51267 6.13214 0.144119
1.67421e+09 4.95352 -14.1438 0.248143
1.67421e+09 -12.9302 -9.48428 0.234865
1.67421e+09 2.47225 8.99119 0.102373
1.67421e+09 -3.7231 -16.3223 0.260527
1.67421e+09 3.23432 -23.9061 0.288357
1.67421e+09 -13.8984 -6.21004 0.224067
1.67421e+09 -2.13007 -15.8624 0.181376
