0 0.180985451 0.135486603 0 0.999995872 0 0 -0.00288290975 0 0 0 
0 0.184530495 0.126402142 0 0.999995577 0 0 -0.00296473863 0 0 0 
0 -0.459982218 0.296985242 0 0.999962084 0 0 -0.00865755514 0 0 0 
0 -0.4610222 0.288727381 0 0.999964094 0 0 -0.00840993443 0 0 0 
0 -0.264921965 0.453283408 0 0.999924028 0 0 -0.0122808178 0 0 0 
0 -0.412310184 0.946714916 0 0.999631536 0 0 -0.0271153586 0 0 0 
0 -0.407619577 0.961332699 0 0.999634426 0 0 -0.0269263447 0 0 0 
0 -0.439978213 0.686927846 0 0.999572141 0 0 -0.0291445372 0 0 0 
0 -0.421310185 0.687477998 0 0.999568022 0 0 -0.0293339381 0 0 0 
0 -0.413614794 0.680378653 0 0.999568717 0 0 -0.0292604314 0 0 0 
0 -0.394880577 0.685866811 0 0.999549091 0 0 -0.0299221873 0 0 0 
0 -0.0255428399 0.947190203 0 0.99998523 0 0 -0.00470987554 0 0 0 
0 0.0137044345 0.94859091 0 0.99998435 0 0 -0.00489039885 0 0 0 
0 -1.49626647 1.10162296 0 0.999992991 0 0 0.00256822821 0 0 0 
0 -0.991961464 0.85093989 0 0.998627269 0 0 0.0523105745 0 0 0 
0 -0.921351894 0.853131672 0 0.998633436 0 0 0.0521928399 0 0 0 
0 -1.28547381 1.45283498 0 0.999364663 0 0 0.0355406999 0 0 0 
0 -0.673311218 1.49087944 0 0.996183671 0 0 0.0872405529 0 0 0 
0 -0.895789846 0.232730051 0 0.992169271 0 0 0.12486959 0 0 0 
0 -0.235576674 -0.291742662 0 0.988519768 0 0 0.151065821 0 0 0 
0 -1.27835433 -0.583739886 0 0.991900191 0 0 0.126989362 0 0 0 
0 -1.75198166 0.409119 0 0.994930072 0 0 0.100518405 0 0 0 
0 -1.47939913 0.268497219 0 0.995808202 0 0 0.0914105145 0 0 0 
0 -0.363281771 0.178934676 0 0.993081132 0 0 0.11738713 0 0 0 
0 0.0459141289 -0.447622197 0 0.994503426 0 0 0.104655877 0 0 0 
0 -0.011922888 0.0689518878 0 0.996046127 0 0 0.0887813547 0 0 0 
0 -0.449435107 0.0603641223 0 0.996284037 0 0 0.0860877052 0 0 0 
0 -0.390713144 0.250349398 0 0.995896718 0 0 0.0904709983 0 0 0 
0 -2.85528128 1.31137764 0 0.991557385 0 0 0.129639369 0 0 0 
0 -2.24048041 0.302954073 0 0.993460519 0 0 0.114143047 0 0 0 
0 -2.70147412 1.37242138 0 0.996637673 0 0 0.0818960677 0 0 0 
0 -3.06247939 1.15565504 0 0.998457288 0 0 0.0554494936 0 0 0 
0 -3.35028066 1.24994474 0 0.996261912 0 0 0.0863350215 0 0 0 
0 -3.12982218 1.17366994 0 0.996126296 0 0 0.0878908382 0 0 0 
0 -3.26782331 1.31312077 0 0.99472269 0 0 0.102584801 0 0 0 
0 -3.24009765 1.72399386 0 0.995756949 0 0 0.0920018446 0 0 0 
0 -3.87273247 2.05161052 0 0.992910744 0 0 0.118845295 0 0 0 
0 -4.09597475 2.23086427 0 0.993737846 0 0 0.111718769 0 0 0 
0 -4.01401791 1.5947734 0 0.993229217 0 0 0.116153633 0 0 0 
0 -3.83204776 1.10126899 0 0.991794672 0 0 0.12782588 0 0 0 
0 -4.22523802 1.04075338 0 0.993393886 0 0 0.114737121 0 0 0 
0 -3.6777578 0.976614482 0 0.994211364 0 0 0.10742397 0 0 0 
0 -3.61641961 1.09213854 0 0.994839287 0 0 0.101444431 0 0 0 
0 -4.32863802 1.27994575 0 0.996703418 0 0 0.0811113867 0 0 0 
0 -4.21783156 1.61931052 0 0.995270502 0 0 0.0971256965 0 0 0 
0 -3.91925207 1.56793831 0 0.996360311 0 0 0.0852188084 0 0 0 
0 -3.72603743 1.63346289 0 0.996865209 0 0 0.0790937765 0 0 0 
0 -3.47879475 1.92324026 0 0.998449861 0 0 0.0556240609 0 0 0 
0 -3.25852343 1.74008556 0 0.998238674 0 0 0.0592929487 0 0 0 
0 -3.44824024 1.75075085 0 0.999548142 0 0 0.0299938122 0 0 0 
0 -2.9253312 1.33942781 0 0.999997078 0 0 -0.00143754144 0 0 0 
0 -2.79235134 1.08750568 0 0.99996842 0 0 -0.00771108767 0 0 0 
0 -2.93707523 1.68233554 0 0.999573118 0 0 -0.0291528328 0 0 0 
0 -2.6768213 1.65954487 0 0.999563151 0 0 -0.0294945664 0 0 0 
0 -2.12823392 1.40402849 0 0.999237384 0 0 -0.0390018412 0 0 0 
0 -1.63550524 1.34697915 0 0.999200159 0 0 -0.0399413987 0 0 0 
0 -1.89380071 1.49715477 0 0.99684689 0 0 -0.0793249543 0 0 0 
0 -0.839837767 1.61376368 0 0.998324518 0 0 -0.0578307353 0 0 0 
0 -0.47373221 1.32055795 0 0.998371975 0 0 -0.0570058357 0 0 0 
0 0.243424617 1.37376927 0 0.997034615 0 0 -0.0769300542 0 0 0 
0 0.394340687 1.29800093 0 0.997325715 0 0 -0.0730593214 0 0 0 
0 0.95243942 1.10378635 0 0.997229813 0 0 -0.0743568406 0 0 0 
0 1.14874368 0.819789083 0 0.99882252 0 0 -0.0484729263 0 0 0 
0 2.08348744 0.17054388 0 0.998042084 0 0 -0.0625136833 0 0 0 
0 2.48596423 -0.0222888283 0 0.997443804 0 0 -0.0714269362 0 0 0 
0 3.55732208 0.169428811 0 0.99524547 0 0 -0.0973773911 0 0 0 
0 3.94181638 0.18142216 0 0.99496664 0 0 -0.100186616 0 0 0 
0 4.72675591 0.557294682 0 0.994875268 0 0 -0.101089868 0 0 0 
0 5.19131314 0.941409663 0 0.995142284 0 0 -0.0984268169 0 0 0 
0 5.66663482 0.718320102 0 0.995479728 0 0 -0.0949478408 0 0 0 
0 5.66845825 0.500723318 0 0.995309807 0 0 -0.096713521 0 0 0 
0 6.58577517 0.311365963 0 0.993690666 0 0 -0.112134495 0 0 0 
0 6.89990032 0.243689054 0 0.992949216 0 0 -0.118520847 0 0 0 
0 6.98727265 0.218334508 0 0.992488581 0 0 -0.122319243 0 0 0 
0 7.12677754 0.0458231837 0 0.992376872 0 0 -0.123222109 0 0 0 
0 7.61670817 0.0758910373 0 0.991371163 0 0 -0.131067777 0 0 0 
0 7.89809097 0.053805121 0 0.991457489 0 0 -0.13041335 0 0 0 
0 7.69458927 -0.219106904 0 0.991381093 0 0 -0.130992659 0 0 0 
0 7.99547823 -0.245881303 0 0.991411939 0 0 -0.130758747 0 0 0 
0 8.00124652 -0.405344888 0 0.990352735 0 0 -0.138552429 0 0 0 
0 8.79854508 -1.19829182 0 0.992829393 0 0 -0.119519218 0 0 0 
0 9.40434058 -0.553538426 0 0.993146409 0 0 -0.116856159 0 0 0 
0 9.28013304 -0.884540006 0 0.994958043 0 0 -0.100268689 0 0 0 
0 9.91448907 -1.31813286 0 0.996227143 0 0 -0.0867572652 0 0 0 
0 11.8084903 -3.75729845 0 0.999042183 0 0 -0.0437045537 0 0 0 
0 11.4247357 -3.81746359 0 0.999250543 0 0 -0.0386464182 0 0 0 
0 12.0482293 -3.82779357 0 0.999299531 0 0 -0.0373462201 0 0 0 
0 13.4472382 -4.22153622 0 0.999992098 0 0 -0.00315451735 0 0 0 
0 13.8085949 -4.30948024 0 0.999904401 0 0 -0.0136133393 0 0 0 
0 14.4076865 -4.85770982 0 0.999887276 0 0 -0.0148076945 0 0 0 
0 14.8458101 -4.9196145 0 0.999921862 0 0 -0.0122569548 0 0 0 
0 14.7801842 -4.67692544 0 0.999734354 0 0 -0.02291448 0 0 0 
0 14.9539093 -4.25214763 0 0.999868925 0 0 -0.0159956939 0 0 0 
0 14.2095328 -4.77061953 0 0.999985149 0 0 -0.00482086525 0 0 0 
0 14.4411755 -5.10915436 0 0.999993506 0 0 0.00257507031 0 0 0 
0 14.6833106 -4.86131637 0 0.999922199 0 0 0.0122171169 0 0 0 
0 15.4930578 -4.61275734 0 0.999811398 0 0 0.0192475596 0 0 0 
0 15.7000049 -4.2406279 0 0.999715736 0 0 0.0237026322 0 0 0 
0 16.2011285 -3.99394873 0 0.999583744 0 0 0.0287359464 0 0 0 
0 16.557116 -4.15723504 0 0.999566668 0 0 0.0292915107 0 0 0 
0 17.2877364 -3.97265196 0 0.998952009 0 0 0.0456765861 0 0 0 
0 18.172635 -4.07083994 0 0.999060736 0 0 0.0432181346 0 0 0 
0 18.0597462 -4.53746879 0 0.999916764 0 0 0.0125090712 0 0 0 
0 18.6475055 -4.28639516 0 0.999985011 0 0 0.00445692713 0 0 0 
0 18.9529917 -4.33194326 0 0.999984748 0 0 0.0045092732 0 0 0 
0 18.9311995 -4.71240257 0 0.999953931 0 0 -0.00905278632 0 0 0 
0 19.5474035 -4.45422267 0 0.999847926 0 0 -0.0171454632 0 0 0 
0 19.9997453 -4.79206153 0 0.99987782 0 0 -0.0153040067 0 0 0 
0 20.3758266 -4.79527553 0 0.999888321 0 0 -0.0145916359 0 0 0 
0 19.8562197 -4.26623793 0 0.999944701 0 0 0.0100058568 0 0 0 
0 20.5175743 -4.2757325 0 0.999792453 0 0 0.0200753879 0 0 0 
0 21.5587365 -3.7061386 0 0.999900525 0 0 0.0136719558 0 0 0 
0 22.5789999 -4.23762451 0 0.999646707 0 0 0.0263514392 0 0 0 
0 23.566464 -4.42737597 0 0.999916617 0 0 -0.012414864 0 0 0 
0 23.1804857 -5.44058949 0 0.999914921 0 0 0.0125466775 0 0 0 
0 22.7261652 -5.70020968 0 0.999876779 0 0 0.0152871246 0 0 0 
0 21.8777235 -5.73716611 0 0.99997242 0 0 0.00651783716 0 0 0 
0 21.6466907 -5.53270417 0 0.999992646 0 0 0.00148299987 0 0 0 
0 22.0089172 -5.55012146 0 0.999992986 0 0 0.00169527738 0 0 0 
0 21.9295486 -5.52310446 0 0.999990955 0 0 0.0026649037 0 0 0 
0 22.8640642 -5.85876864 0 0.999828769 0 0 0.0182023639 0 0 0 
0 23.2679441 -5.15445441 0 0.999725186 0 0 0.0232059472 0 0 0 
0 23.1830122 -5.76776254 0 0.999181201 0 0 0.0403130818 0 0 0 
0 23.165118 -5.88136408 0 0.999331852 0 0 0.036380299 0 0 0 
0 20.8092325 -8.91064259 0 0.995932437 0 0 0.0900335043 0 0 0 
0 20.9504659 -8.98627791 0 0.995180525 0 0 0.0979957251 0 0 0 
0 20.7346676 -8.53367901 0 0.996497108 0 0 0.0835510669 0 0 0 
0 20.01909 -10.7975545 0 0.988369394 0 0 0.152020559 0 0 0 
0 20.163862 -10.911979 0 0.991329763 0 0 0.131337377 0 0 0 
0 20.3641763 -10.5707111 0 0.990798244 0 0 0.135287229 0 0 0 
0 20.7447673 -9.92105389 0 0.992555442 0 0 0.121727152 0 0 0 
0 20.0520752 -10.0666985 0 0.992694131 0 0 0.120590054 0 0 0 
0 20.7049592 -9.59967024 0 0.993354614 0 0 0.115022709 0 0 0 
0 21.0207863 -9.62930209 0 0.993296128 0 0 0.115526499 0 0 0 
0 21.0538359 -9.71791272 0 0.992160742 0 0 0.124902075 0 0 0 
0 20.8506122 -9.5462401 0 0.993095304 0 0 0.117239652 0 0 0 
0 21.4822156 -9.83443428 0 0.994085422 0 0 0.108511949 0 0 0 
0 21.5770434 -10.3550736 0 0.99193704 0 0 0.126655542 0 0 0 
0 21.6331066 -10.4074452 0 0.991723435 0 0 0.128318196 0 0 0 
0 22.491716 -10.0423179 0 0.990034784 0 0 0.140754938 0 0 0 
0 22.8290612 -9.6621114 0 0.993256506 0 0 0.115845942 0 0 0 
0 22.8710606 -9.85040199 0 0.991036627 0 0 0.133510655 0 0 0 
0 23.3994597 -9.34488683 0 0.991269498 0 0 0.13176971 0 0 0 
0 23.0383753 -9.84642875 0 0.989706786 0 0 0.143034793 0 0 0 
0 24.2903524 -8.8967477 0 0.994124593 0 0 0.108143294 0 0 0 
0 24.0630607 -9.38516023 0 0.990396364 0 0 0.13817947 0 0 0 
0 25.6557622 -8.1082144 0 0.99905152 0 0 -0.0433019836 0 0 0 
0 25.9980769 -8.13367854 0 0.999083466 0 0 -0.0425463449 0 0 0 
0 27.2013114 -7.70155241 0 0.996041566 0 0 -0.0887631689 0 0 0 
0 27.0616034 -7.52037402 0 0.992626629 0 0 -0.121119357 0 0 0 
0 27.0753694 -8.43521042 0 0.992658829 0 0 -0.120855342 0 0 0 
0 27.2573669 -7.93415339 0 0.992369669 0 0 -0.123207036 0 0 0 
0 26.1502138 -7.65221672 0 0.988426877 0 0 -0.151623634 0 0 0 
0 27.3875617 -6.62962382 0 0.977051602 0 0 -0.212948608 0 0 0 
0 28.0646971 -6.10489349 0 0.975323061 0 0 -0.220730502 0 0 0 
0 28.3863974 -5.40662418 0 0.97365344 0 0 -0.227981671 0 0 0 
0 28.7493384 -5.41044533 0 0.973857111 0 0 -0.227110098 0 0 0 
0 29.0351499 -5.30631172 0 0.974096636 0 0 -0.226080606 0 0 0 
0 29.0033465 -4.55277097 0 0.976710507 0 0 -0.214507475 0 0 0 
0 28.7327118 -4.39838141 0 0.994771212 0 0 -0.102033839 0 0 0 
0 28.990195 -4.25099343 0 0.994431912 0 0 -0.105289475 0 0 0 
0 29.0012348 -3.6567375 0 0.993824829 0 0 -0.11086937 0 0 0 
0 28.4078967 -3.77359668 0 0.99122644 0 0 -0.132097596 0 0 0 
0 28.7596354 -4.14786378 0 0.991387436 0 0 -0.130883787 0 0 0 
0 28.6682518 -4.40313012 0 0.992880537 0 0 -0.119027718 0 0 0 
0 28.9822867 -4.07640562 0 0.992722628 0 0 -0.120329774 0 0 0 
0 29.0335028 -4.14657862 0 0.990589864 0 0 -0.136781206 0 0 0 
0 29.5164108 -3.57723702 0 0.989017326 0 0 -0.147712738 0 0 0 
0 29.9058857 -3.59927906 0 0.989236121 0 0 -0.146240563 0 0 0 
0 30.1848243 -3.35549163 0 0.984378808 0 0 -0.17598915 0 0 0 
0 30.5593299 -3.36983445 0 0.984809284 0 0 -0.173570402 0 0 0 
0 31.4981914 -2.76756909 0 0.978475429 0 0 -0.206304173 0 0 0 
0 31.9470987 -3.16980973 0 0.973728835 0 0 -0.227659519 0 0 0 
0 30.5154417 -3.30127476 0 0.968853069 0 0 -0.247585724 0 0 0 
0 30.5044664 -3.56937764 0 0.965980608 0 0 -0.258565836 0 0 0 
0 31.2006185 -3.81792581 0 0.970113924 0 0 -0.242595465 0 0 0 
0 31.974509 -3.72102377 0 0.96831092 0 0 -0.249689501 0 0 0 
0 32.3567552 -3.74373178 0 0.968796499 0 0 -0.247792584 0 0 0 
0 33.0825583 -4.24337176 0 0.971277315 0 0 -0.237883262 0 0 0 
0 33.8307299 -3.94770698 0 0.974372239 0 0 -0.224871366 0 0 0 
0 33.0677483 -4.46249966 0 0.974695409 0 0 -0.223459216 0 0 0 
0 33.8940125 -5.26916484 0 0.978747648 0 0 -0.204982042 0 0 0 
0 33.3358403 -4.71865735 0 0.972024979 0 0 -0.234803004 0 0 0 
0 32.7990889 -4.78433265 0 0.965180249 0 0 -0.261518158 0 0 0 
0 34.210298 -4.82512302 0 0.966401121 0 0 -0.256970091 0 0 0 
0 34.195392 -4.96184201 0 0.970499096 0 0 -0.241032158 0 0 0 
0 34.6019057 -4.95044483 0 0.970885312 0 0 -0.239471764 0 0 0 
0 34.9205507 -6.33593537 0 0.980092414 0 0 -0.198447613 0 0 0 
0 35.6966782 -6.38148164 0 0.980520125 0 0 -0.19631892 0 0 0 
0 36.1164741 -6.77530855 0 0.981668973 0 0 -0.1904833 0 0 0 
0 35.9259534 -5.80681914 0 0.967318953 0 0 -0.253483182 0 0 0 
0 36.6226515 -5.99779413 0 0.96922371 0 0 -0.246099998 0 0 0 
0 36.7002445 -5.03276668 0 0.964256445 0 0 -0.264893637 0 0 0 
0 37.6080436 -5.11383487 0 0.953572128 0 0 -0.301091583 0 0 0 
0 37.6793069 -5.52618561 0 0.961594492 0 0 -0.274395172 0 0 0 
0 37.8347658 -5.98967622 0 0.962797334 0 0 -0.270144429 0 0 0 
0 38.1827666 -6.90479158 0 0.965159309 0 0 -0.261581089 0 0 0 
0 37.3383327 -7.33820484 0 0.951473167 0 0 -0.307660066 0 0 0 
0 37.0235831 -7.53271597 0 0.952607416 0 0 -0.304131296 0 0 0 
0 37.9030176 -7.92833766 0 0.946366396 0 0 -0.323027433 0 0 0 
0 39.3093463 -6.98468211 0 0.941583501 0 0 -0.336713605 0 0 0 
0 39.9831002 -7.25482678 0 0.947706076 0 0 -0.319071987 0 0 0 
0 38.8193112 -6.88971296 0 0.942445946 0 0 -0.334288768 0 0 0 
0 39.0465245 -6.28088185 0 0.931350426 0 0 -0.364058234 0 0 0 
0 38.9996102 -6.31367461 0 0.932258641 0 0 -0.361725249 0 0 0 
0 38.4131559 -7.13550101 0 0.926756566 0 0 -0.375596886 0 0 0 
0 38.0053485 -7.42169608 0 0.935375084 0 0 -0.353588149 0 0 0 
0 39.0201414 -7.97978123 0 0.940738544 0 0 -0.339061546 0 0 0 
0 40.4810734 -9.45726331 0 0.950318789 0 0 -0.311202468 0 0 0 
0 40.4659748 -7.81580384 0 0.939256198 0 0 -0.343146424 0 0 0 
0 40.636286 -8.9676692 0 0.93238022 0 0 -0.361411385 0 0 0 
0 40.0192288 -8.8969562 0 0.923231928 0 0 -0.384178226 0 0 0 
0 40.2039575 -8.47437244 0 0.925495178 0 0 -0.378694123 0 0 0 
0 40.7582604 -9.57950883 0 0.934905981 0 0 -0.354827219 0 0 0 
0 41.5448709 -10.2077736 0 0.942836444 0 0 -0.333184853 0 0 0 
0 42.3765436 -10.2645813 0 0.942826281 0 0 -0.33321361 0 0 0 
0 41.5815376 -10.0683668 0 0.928811893 0 0 -0.370485869 0 0 0 
0 42.6918255 -8.59516638 0 0.921289854 0 0 -0.388812704 0 0 0 
0 43.7563458 -8.96833658 0 0.917127586 0 0 -0.398531129 0 0 0 
0 44.4159541 -8.73429895 0 0.920730774 0 0 -0.390135043 0 0 0 
0 45.3885768 -9.03113089 0 0.916969245 0 0 -0.398895594 0 0 0 
0 45.7808203 -8.38945595 0 0.918058132 0 0 -0.396384201 0 0 0 
0 46.6853164 -9.54807524 0 0.912851696 0 0 -0.408230638 0 0 0 
0 46.7098273 -8.89236418 0 0.91337403 0 0 -0.407065034 0 0 0 
0 46.3139017 -8.94231645 0 0.911595795 0 0 -0.411031575 0 0 0 
0 47.8539201 -9.2457653 0 0.916036035 0 0 -0.401038757 0 0 0 
0 49.26938 -9.32281062 0 0.920562756 0 0 -0.390536729 0 0 0 
0 49.9214079 -9.05309153 0 0.926470041 0 0 -0.376309435 0 0 0 
0 50.1696775 -9.50010384 0 0.923330217 0 0 -0.38394274 0 0 0 
0 50.2260583 -9.1498569 0 0.911212888 0 0 -0.411874365 0 0 0 
0 50.2353891 -9.82839463 0 0.910459015 0 0 -0.413538134 0 0 0 
0 50.6898604 -9.88344873 0 0.910801603 0 0 -0.412783316 0 0 0 
0 49.4741125 -8.64248909 0 0.883110924 0 0 -0.469107201 0 0 0 
0 50.697815 -9.90794731 0 0.889006439 0 0 -0.457835995 0 0 0 
0 50.0299765 -10.1500573 0 0.898556629 0 0 -0.43879834 0 0 0 
0 49.2959356 -11.7233174 0 0.871911815 0 0 -0.489606557 0 0 0 
0 49.1196391 -12.7122374 0 0.882377575 0 0 -0.470484641 0 0 0 
0 49.7213534 -12.6443411 0 0.881483765 0 0 -0.472152847 0 0 0 
0 50.1752619 -12.7117344 0 0.881525527 0 0 -0.472074399 0 0 0 
0 50.3931403 -12.6219538 0 0.878467948 0 0 -0.477739579 0 0 0 
0 50.9420997 -13.5706289 0 0.881743607 0 0 -0.471666511 0 0 0 
0 51.1415488 -13.7644501 0 0.887650022 0 0 -0.460455607 0 0 0 
0 51.0760031 -13.9514308 0 0.882908828 0 0 -0.469483836 0 0 0 
0 51.4379316 -14.8798777 0 0.889216299 0 0 -0.457423473 0 0 0 
0 51.3581292 -14.1411873 0 0.881736688 0 0 -0.471679436 0 0 0 
0 51.7896592 -14.1636647 0 0.881972635 0 0 -0.47123807 0 0 0 
0 52.525576 -13.9263182 0 0.882416214 0 0 -0.470406977 0 0 0 
0 53.1075619 -14.9923929 0 0.893660314 0 0 -0.448679978 0 0 0 
0 53.4937086 -14.6990129 0 0.892220689 0 0 -0.451535263 0 0 0 
0 55.4244451 -14.847096 0 0.906270651 0 0 -0.422630465 0 0 0 
0 55.6631066 -14.8685999 0 0.905453058 0 0 -0.424376914 0 0 0 
0 56.775413 -15.1053881 0 0.908334969 0 0 -0.418173077 0 0 0 
0 57.2404547 -15.1410903 0 0.908341683 0 0 -0.418158582 0 0 0 
0 58.2575961 -15.1742849 0 0.90632576 0 0 -0.422509878 0 0 0 
0 58.7248634 -15.9170535 0 0.898448317 0 0 -0.439010006 0 0 0 
0 59.625061 -15.8918392 0 0.894594888 0 0 -0.446809458 0 0 0 
0 60.0637777 -15.8209135 0 0.89023979 0 0 -0.455423933 0 0 0 
0 64.6669901 -19.0179335 0 0.942437366 0 0 -0.334299603 0 0 0 
0 64.5004084 -19.3445441 0 0.938279232 0 0 -0.345797676 0 0 0 
0 63.8653035 -19.5743272 0 0.927598478 0 0 -0.373501926 0 0 0 
0 64.321072 -19.6210453 0 0.92835742 0 0 -0.371611525 0 0 0 
0 64.05177 -18.7906432 0 0.90288537 0 0 -0.42981066 0 0 0 
0 64.4995972 -18.8386273 0 0.902589026 0 0 -0.430432619 0 0 0 
0 63.618164 -17.9927817 0 0.879997829 0 0 -0.474910456 0 0 0 
0 64.4790475 -18.8379515 0 0.872069192 0 0 -0.489316289 0 0 0 
0 64.5056731 -18.2570642 0 0.854725893 0 0 -0.519014439 0 0 0 
0 64.4569814 -18.7015841 0 0.829456805 0 0 -0.558506454 0 0 0 
0 65.3065079 -18.7301909 0 0.831204412 0 0 -0.555902376 0 0 0 
0 66.0162653 -19.089762 0 0.812782313 0 0 -0.582500274 0 0 0 
0 65.8995392 -19.4866335 0 0.809123609 0 0 -0.58756551 0 0 0 
0 65.8011939 -20.4710049 0 0.804557783 0 0 -0.593801339 0 0 0 
0 65.5489447 -20.4543213 0 0.790981035 0 0 -0.61176724 0 0 0 
0 65.4840112 -20.2975541 0 0.785402287 0 0 -0.618911649 0 0 0 
0 66.1611747 -20.3417382 0 0.791577272 0 0 -0.610995281 0 0 0 
0 66.8831223 -20.0056777 0 0.783795628 0 0 -0.620944696 0 0 0 
0 67.5605097 -19.878036 0 0.774220202 0 0 -0.63284174 0 0 0 
0 67.4178756 -20.4232291 0 0.768719758 0 0 -0.63951105 0 0 0 
0 66.5855965 -21.0059601 0 0.73395821 0 0 -0.679117548 0 0 0 
0 68.0744272 -21.4925446 0 0.720763142 0 0 -0.693102865 0 0 0 
0 68.3220756 -20.6665029 0 0.708298225 0 0 -0.705833032 0 0 0 
0 68.1251904 -20.6342558 0 0.704196522 0 0 -0.709924582 0 0 0 
0 68.8234733 -20.9032977 0 0.681852333 0 0 -0.731406501 0 0 0 
0 69.7765128 -20.9675001 0 0.688981426 0 0 -0.724696272 0 0 0 
0 71.3193964 -19.9845881 0 0.717785737 0 0 -0.696184582 0 0 0 
0 71.5933975 -21.1629791 0 0.745981861 0 0 -0.665889518 0 0 0 
0 71.5050906 -20.4164749 0 0.738084113 0 0 -0.674631265 0 0 0 
0 71.6705483 -20.7692523 0 0.745316699 0 0 -0.666633836 0 0 0 
0 72.4307928 -20.849818 0 0.734866404 0 0 -0.678134205 0 0 0 
0 73.1033024 -20.9097145 0 0.738804777 0 0 -0.673842357 0 0 0 
0 73.5621669 -21.4531048 0 0.733071446 0 0 -0.680074109 0 0 0 
0 73.6336717 -20.8805437 0 0.737489702 0 0 -0.675280509 0 0 0 
0 74.7089753 -20.6546202 0 0.73117622 0 0 -0.682110025 0 0 0 
0 75.2534696 -21.001982 0 0.718974889 0 0 -0.694956221 0 0 0 
0 74.8939702 -20.8048039 0 0.728258829 0 0 -0.685223205 0 0 0 
0 75.2846348 -20.8362771 0 0.727616512 0 0 -0.685905266 0 0 0 
0 75.695981 -20.8726869 0 0.72714195 0 0 -0.686408238 0 0 0 
0 75.3231364 -20.2217911 0 0.711691965 0 0 -0.702411065 0 0 0 
0 75.28529 -20.7437111 0 0.712341501 0 0 -0.701752683 0 0 0 
0 75.673564 -20.7816556 0 0.71121394 0 0 -0.702896947 0 0 0 
0 76.7588263 -20.972295 0 0.70605347 0 0 -0.708079247 0 0 0 
0 78.3470361 -20.816832 0 0.724424324 0 0 -0.68927698 0 0 0 
0 79.0313208 -21.5578049 0 0.741100029 0 0 -0.671318992 0 0 0 
0 79.440676 -21.5826696 0 0.740670601 0 0 -0.671792896 0 0 0 
0 79.7540146 -22.2515523 0 0.741855532 0 0 -0.670484786 0 0 0 
0 80.9144045 -21.8867389 0 0.744933421 0 0 -0.667064121 0 0 0 
0 81.0439867 -22.4305386 0 0.712729766 0 0 -0.701361331 0 0 0 
0 81.4465179 -22.4581396 0 0.712460201 0 0 -0.701635101 0 0 0 
0 82.636537 -22.614932 0 0.726068052 0 0 -0.687546703 0 0 0 
0 82.4725625 -23.3492494 0 0.732332445 0 0 -0.68087143 0 0 0 
0 83.1874412 -24.2876663 0 0.706593876 0 0 -0.707540614 0 0 0 
0 85.2761158 -24.0353098 0 0.718320879 0 0 -0.695634968 0 0 0 
0 85.3041047 -25.1107705 0 0.675090468 0 0 -0.737652887 0 0 0 
0 84.4830011 -24.762545 0 0.702817259 0 0 -0.711291827 0 0 0 
0 85.8066224 -24.8087114 0 0.717037986 0 0 -0.696957006 0 0 0 
0 86.4385732 -24.0912829 0 0.707359259 0 0 -0.706776029 0 0 0 
0 87.1673958 -24.547286 0 0.729418407 0 0 -0.683991639 0 0 0 
0 87.7054781 -23.8863112 0 0.730432562 0 0 -0.682908441 0 0 0 
0 87.6649726 -24.0660864 0 0.724502425 0 0 -0.689195235 0 0 0 
0 88.975633 -24.6387907 0 0.727044839 0 0 -0.686513221 0 0 0 
0 88.9018539 -24.7243296 0 0.7177169 0 0 -0.696257481 0 0 0 
0 88.8754944 -27.0375153 0 0.75909573 0 0 -0.650905004 0 0 0 
0 89.3557324 -27.4304558 0 0.75859878 0 0 -0.651483992 0 0 0 
0 90.2262976 -27.4502634 0 0.770156772 0 0 -0.63778125 0 0 0 
0 90.1968563 -27.608685 0 0.76061005 0 0 -0.649134663 0 0 0 
0 89.58358 -29.0008652 0 0.785470055 0 0 -0.618826772 0 0 0 
0 89.9966353 -29.0199213 0 0.786741742 0 0 -0.617209413 0 0 0 
0 90.2491749 -29.1031 0 0.790897766 0 0 -0.611877402 0 0 0 
0 92.1194423 -30.0035507 0 0.747542743 0 0 -0.664140669 0 0 0 
0 92.5021881 -30.2893483 0 0.746698235 0 0 -0.665089977 0 0 0 
0 92.9178991 -28.3411667 0 0.68769287 0 0 -0.725922804 0 0 0 
0 92.8288509 -28.4421839 0 0.71004935 0 0 -0.704075094 0 0 0 
0 93.2364651 -28.4257739 0 0.712026193 0 0 -0.702079023 0 0 0 
0 93.367185 -27.914242 0 0.724287365 0 0 -0.689427589 0 0 0 
0 93.2427781 -28.9343273 0 0.750310776 0 0 -0.661016052 0 0 0 
0 94.6077389 -28.9036421 0 0.771930204 0 0 -0.635636336 0 0 0 
0 95.2129601 -28.793904 0 0.7768008 0 0 -0.629675609 0 0 0 
0 95.6014455 -28.7945696 0 0.778234347 0 0 -0.627903221 0 0 0 
0 96.3841026 -27.8460719 0 0.790645754 0 0 -0.612203551 0 0 0 
0 96.9103085 -28.4888249 0 0.775090092 0 0 -0.631779267 0 0 0 
0 97.3386408 -28.5006767 0 0.776055889 0 0 -0.630593013 0 0 0 
0 99.2454819 -28.8062306 0 0.819363348 0 0 -0.573204374 0 0 0 
0 100.356937 -29.1115293 0 0.829631142 0 0 -0.558241597 0 0 0 
0 100.227487 -27.8053747 0 0.811709188 0 0 -0.583991893 0 0 0 
0 100.006655 -28.2340352 0 0.795203533 0 0 -0.606271994 0 0 0 
0 99.8140371 -28.9843109 0 0.778645951 0 0 -0.627392403 0 0 0 
0 99.8720567 -29.4448451 0 0.781661868 0 0 -0.623631466 0 0 0 
0 100.423553 -28.832152 0 0.807701405 0 0 -0.589521434 0 0 0 
0 100.294329 -28.9861633 0 0.801825025 0 0 -0.59748869 0 0 0 
0 101.632967 -29.2473213 0 0.810690757 0 0 -0.585403991 0 0 0 
0 102.027271 -28.8735358 0 0.83596394 0 0 -0.548713349 0 0 0 
0 101.903327 -27.8099508 0 0.828228567 0 0 -0.560319807 0 0 0 
0 102.412908 -27.3878996 0 0.837530275 0 0 -0.546320051 0 0 0 
0 103.754889 -28.3660079 0 0.826821013 0 0 -0.562394526 0 0 0 
0 104.51182 -27.5455318 0 0.808585295 0 0 -0.588308601 0 0 0 
0 104.871114 -26.2872818 0 0.785976608 0 0 -0.618185364 0 0 0 
0 104.867292 -25.4783778 0 0.76655801 0 0 -0.642106826 0 0 0 
0 104.77844 -24.5888375 0 0.767962673 0 0 -0.640426232 0 0 0 
0 104.5341 -24.5181963 0 0.771659513 0 0 -0.635963804 0 0 0 
0 104.836798 -24.5183563 0 0.771328111 0 0 -0.636364466 0 0 0 
0 105.110061 -24.5547921 0 0.771068032 0 0 -0.63667939 0 0 0 
0 106.827567 -27.080162 0 0.884773765 0 0 -0.465944289 0 0 0 
0 107.959968 -26.760459 0 0.905274819 0 0 -0.42474619 0 0 0 
0 108.494188 -26.642053 0 0.911687162 0 0 -0.410803406 0 0 0 
0 107.773405 -26.1038978 0 0.907780435 0 0 -0.419364992 0 0 0 
0 108.625864 -26.9412124 0 0.918219286 0 0 -0.395988906 0 0 0 
0 110.7519 -27.5952929 0 0.926283241 0 0 -0.376741767 0 0 0 
0 110.996836 -27.5992507 0 0.925958609 0 0 -0.377538787 0 0 0 
0 112.125093 -26.1814237 0 0.958945954 0 0 -0.283481674 0 0 0 
0 111.703396 -26.5865141 0 0.956905569 0 0 -0.290293328 0 0 0 
0 112.58989 -26.1789722 0 0.958544241 0 0 -0.284837915 0 0 0 
0 111.727748 -27.1388524 0 0.958762064 0 0 -0.284104576 0 0 0 
0 113.038578 -26.4034227 0 0.963347619 0 0 -0.268141727 0 0 0 
0 112.426031 -26.7854691 0 0.958842804 0 0 -0.283828372 0 0 0 
0 115.844506 -24.4998494 0 0.978460733 0 0 -0.206288757 0 0 0 
0 116.050545 -24.5401885 0 0.978115815 0 0 -0.207915376 0 0 0 
0 116.616367 -23.6844584 0 0.984628235 0 0 -0.174491851 0 0 0 
0 117.501791 -23.3265723 0 0.986585425 0 0 -0.163072321 0 0 0 
0 117.816095 -22.0830753 0 0.989458875 0 0 -0.144612483 0 0 0 
0 117.812604 -22.1747367 0 0.990686817 0 0 -0.135944987 0 0 0 
0 119.000014 -22.2108884 0 0.994877294 0 0 -0.100803002 0 0 0 
0 119.211933 -22.2270556 0 0.994761555 0 0 -0.101937234 0 0 0 
0 119.829435 -19.6932629 0 0.989338385 0 0 -0.145442696 0 0 0 
0 126.355882 -17.4401325 0 0.998639073 0 0 0.0516291982 0 0 0 
0 125.326547 -13.0649174 0 0.97518441 0 0 -0.221264274 0 0 0 
0 128.09563 -12.2460097 0 0.951673309 0 0 -0.307013936 0 0 0 
0 125.22969 -12.7168939 0 0.979688363 0 0 -0.200379011 0 0 0 
0 125.406412 -12.7796574 0 0.979616335 0 0 -0.200730847 0 0 0 
0 126.280512 -8.57429176 0 0.949439221 0 0 -0.313851096 0 0 0 
0 125.328677 -8.45580099 0 0.930882437 0 0 -0.365229758 0 0 0 
0 127.720776 -6.92914305 0 0.917583812 0 0 -0.397454209 0 0 0 
0 129.677113 -6.7971539 0 0.889489582 0 0 -0.45687355 0 0 0 
0 129.818548 -6.80443998 0 0.889818956 0 0 -0.456231718 0 0 0 
0 131.495558 -1.32332797 0 0.64977014 0 0 -0.760038464 0 0 0 
0 130.393846 -1.87095208 0 0.65198607 0 0 -0.758138769 0 0 0 
0 133.499868 -2.24816711 0 0.55400411 0 0 -0.832393286 0 0 0 
0 133.029215 -3.54755624 0 0.557943007 0 0 -0.829755816 0 0 0 
0 130.408758 -1.48664077 0 -0.495269204 0 0 0.868690962 0 0 0 
0 129.47442 -1.75176413 0 0.517873066 0 0 -0.855318617 0 0 0 
0 129.579801 -1.73626049 0 0.517912566 0 0 -0.855294205 0 0 0 
0 128.283546 -2.03938799 0 -0.492622757 0 0 0.870196191 0 0 0 
0 127.569332 -2.23198691 0 -0.47915792 0 0 0.877682891 0 0 0 
0 125.904886 -5.35260501 0 0.661835434 0 0 -0.749554951 0 0 0 
0 127.082225 -4.01992443 0 0.553587246 0 0 -0.832669744 0 0 0 
0 127.073281 -1.09614184 0 -0.497094192 0 0 0.867649108 0 0 0 
0 126.375372 -1.42327601 0 -0.497821795 0 0 0.867231972 0 0 0 
0 125.2603 -2.28002959 0 0.52013542 0 0 -0.853949706 0 0 0 
0 124.475914 -2.53824362 0 0.512260294 0 0 -0.858693002 0 0 0 
0 121.369778 -1.00347397 0 -0.466455371 0 0 0.884500499 0 0 0 
0 121.467581 -1.00326774 0 -0.467650433 0 0 0.883869132 0 0 0 
0 120.356214 -1.81615475 0 -0.491122294 0 0 0.871044203 0 0 0 
0 120.450911 -1.82973471 0 -0.492310593 0 0 0.870373163 0 0 0 
0 121.051974 1.24216232 0 -0.39455629 0 0 0.918832226 0 0 0 
0 121.147849 1.25755081 0 -0.393575785 0 0 0.919252571 0 0 0 
0 123.047747 1.06571721 0 -0.358505772 0 0 0.933490697 0 0 0 
0 121.828822 0.192141166 0 -0.380543242 0 0 0.924725332 0 0 0 
0 123.493699 -0.230441579 0 -0.365502925 0 0 0.930773088 0 0 0 
0 123.63473 2.19395565 0 -0.296232453 0 0 0.95508147 0 0 0 
0 122.812663 2.29293372 0 -0.27807372 0 0 0.960525881 0 0 0 
0 123.841528 3.23394687 0 -0.23689308 0 0 0.971503148 0 0 0 
0 123.037646 3.28535401 0 -0.218236515 0 0 0.97586395 0 0 0 
0 122.992369 5.19725226 0 -0.158909559 0 0 0.987262416 0 0 0 
0 123.03727 5.15424933 0 -0.160404893 0 0 0.987020566 0 0 0 
0 122.27533 5.00448621 0 -0.155059392 0 0 0.987874517 0 0 0 
0 123.579426 5.8921125 0 -0.0990140827 0 0 0.995055583 0 0 0 
0 123.87272 8.25368739 0 -0.0236613834 0 0 0.999690014 0 0 0 
0 123.061517 7.83747715 0 -0.020850693 0 0 0.999751848 0 0 0 
0 122.276687 7.49304176 0 -0.0300132842 0 0 0.999518715 0 0 0 
0 122.331798 7.48220587 0 -0.0311380781 0 0 0.999484282 0 0 0 
0 121.655838 6.60359597 0 -0.0476377829 0 0 0.998834076 0 0 0 
0 121.048845 7.15270758 0 -0.0121770343 0 0 0.999895351 0 0 0 
0 120.836783 9.03400183 0 0.0405499512 0 0 0.99914692 0 0 0 
0 122.302213 10.5429612 0 0.14152285 0 0 0.989903528 0 0 0 
0 117.704219 9.96630228 0 -0.153571914 0 0 0.988105867 0 0 0 
0 119.102869 10.8480108 0 -0.0996019635 0 0 0.994996421 0 0 0 
0 119.133541 10.8571921 0 -0.100004361 0 0 0.994956078 0 0 0 
0 118.822933 13.8792689 0 -0.0421236359 0 0 0.999081747 0 0 0 
0 118.844559 13.8923174 0 -0.0419565689 0 0 0.999088821 0 0 0 
0 118.524047 15.8495756 0 0.0088005559 0 0 0.999930583 0 0 0 
0 118.527427 15.8528202 0 0.0087566346 0 0 0.999931029 0 0 0 
0 117.587577 15.7897928 0 0.0234968628 0 0 0.999693323 0 0 0 
0 119.125194 18.5095162 0 0.140752199 0 0 0.990013508 0 0 0 
0 117.919422 17.7969598 0 0.114686075 0 0 0.993370703 0 0 0 
0 117.910226 17.8019569 0 0.116526131 0 0 0.993156482 0 0 0 
0 119.478946 20.5303993 0 0.232312983 0 0 0.972607752 0 0 0 
0 118.526047 20.0850743 0 0.218078573 0 0 0.975897458 0 0 0 
0 118.533974 20.0941961 0 0.218966602 0 0 0.975698574 0 0 0 
0 118.11635 21.7536215 0 0.217350186 0 0 0.976059999 0 0 0 
0 117.261649 21.7803686 0 0.235342343 0 0 0.971878442 0 0 0 
0 117.263319 21.7802982 0 0.235798984 0 0 0.971767621 0 0 0 
0 116.915464 23.7414622 0 0.28536558 0 0 0.958382925 0 0 0 
0 116.194098 23.6247878 0 0.294481813 0 0 0.955620872 0 0 0 
0 116.229015 23.6204385 0 0.293356607 0 0 0.955966991 0 0 0 
0 116.497773 23.6456079 0 0.304871352 0 0 0.952357002 0 0 0 
0 116.437413 23.2202671 0 0.221802691 0 0 0.975057909 0 0 0 
0 116.421943 23.2170114 0 0.221861024 0 0 0.975044639 0 0 0 
0 116.790134 23.3016056 0 0.236480759 0 0 0.971602082 0 0 0 
0 117.511463 25.6921901 0 0.327432249 0 0 0.944837671 0 0 0 
0 117.497027 25.6726655 0 0.32772854 0 0 0.944734954 0 0 0 
0 117.876853 25.742907 0 0.340189896 0 0 0.94031936 0 0 0 
0 118.603658 26.3966727 0 0.372020984 0 0 0.928185403 0 0 0 
0 118.61457 26.3937955 0 0.371909053 0 0 0.928230419 0 0 0 
0 118.605768 26.3909855 0 0.371788035 0 0 0.928278875 0 0 0 
0 118.614429 26.4250979 0 0.37266953 0 0 0.927925296 0 0 0 
0 118.608857 26.4004347 0 0.372132079 0 0 0.928140968 0 0 0 
0 117.810558 26.471107 0 0.390686636 0 0 0.920483435 0 0 0 
0 117.359853 28.2337558 0 0.434925036 0 0 0.900423564 0 0 0 
0 117.054398 28.1103156 0 0.427006536 0 0 0.904205947 0 0 0 
0 117.071288 28.1056686 0 0.426857805 0 0 0.904276093 0 0 0 
0 116.38254 28.0365723 0 0.438831645 0 0 0.89852568 0 0 0 
0 116.657643 28.0884478 0 0.449708972 0 0 0.893130353 0 0 0 
0 116.702586 28.0962023 0 0.449556491 0 0 0.893207142 0 0 0 
0 117.4552 28.7299784 0 0.478815407 0 0 0.877868495 0 0 0 
0 117.136309 30.6695297 0 0.523716503 0 0 0.851755675 0 0 0 
0 116.639584 30.7708782 0 0.550920218 0 0 0.834429252 0 0 0 
