1687940887.25205612 -0.00168015383 0.0119316176 -8.90512151e-313 0.999999993 0 0 -0.000118784306 0 0 0 3.14135508 -3.14159265 3.14159265
1687940887.35290694 -0.00564165691 -0.00850279085 -6.67884113e-313 0.999999964 0 0 -0.00026962059 0 0 0 3.14105341 -3.14159265 3.14159265
1687940887.45378113 0.00832240756 0.00241166114 -7.6329613e-313 1 0 0 5.37702378e-06 0 0 0 1.07540476e-05 -0 0
1687940887.55464268 0.00279073135 6.90246794e-06 -8.90512151e-313 0.999999988 0 0 -0.000151809385 0 0 0 3.14128903 -3.14159265 3.14159265
1687940887.65549183 -0.00999142486 0.00246276564 -6.67884113e-313 0.999999972 0 0 0.000238676817 0 0 0 0.000477353639 -0 0
1687940887.75637603 0.00380699634 -0.00276962918 -7.6329613e-313 0.999999643 0 0 -0.000844531967 0 0 0 3.13990359 -3.14159265 3.14159265
1687940887.85720468 0.00357630092 0.0034515071 -7.6329613e-313 0.999999816 0 0 0.000606239374 0 0 0 0.00121247882 -0 0
1687940887.95807147 -0.00113988803 0.00201876594 -7.6329613e-313 0.999999999 0 0 4.30809015e-05 0 0 0 8.61618029e-05 -0 0
1687940888.05894947 0.000605143739 0.00192052405 -5.93674767e-313 0.999999999 0 0 3.82277583e-05 0 0 0 7.64555166e-05 -0 0
1687940888.15981007 0.00427611458 0.00261312962 -6.67884113e-313 0.999999982 0 0 0.000187999808 0 0 0 0.000375999618 -0 0
1687940888.2606442 0.00744201804 0.0090339341 -8.90512151e-313 0.999999963 0 0 -0.000271089473 0 0 0 3.14105047 -3.14159265 3.14159265
1687940888.36152315 0.0103770419 -0.00110562354 -7.6329613e-313 0.999998945 0 0 0.00145261547 0 0 0 0.00290523196 -0 0
1687940888.46236372 0.00773404372 0.00618887637 -6.67884113e-313 0.999999932 0 0 -0.000367956573 0 0 0 3.14085674 -3.14159265 3.14159265
1687940888.56322455 -0.00256502084 -0.0103504584 -7.6329613e-313 0.999999907 0 0 -0.000432147666 0 0 0 3.14072836 -3.14159265 3.14159265
1687940888.6640811 -0.0104650126 0.00279215707 -7.6329613e-313 0.999999913 0 0 0.000416831227 0 0 0 0.000833662478 -0 0
1687940888.76497078 0.013299636 0.0131080531 -8.90512151e-313 0.999999986 0 0 -0.000165118475 0 0 0 3.14126242 -3.14159265 3.14159265
1687940888.86583352 -0.0112658322 -0.0173179069 -6.67884113e-313 0.999999925 0 0 -0.000388494982 0 0 0 3.14081566 -3.14159265 3.14159265
1687940888.96666098 -1.1467506e-05 0.005438634 -6.67884113e-313 0.99999981 0 0 -0.0006168334 0 0 0 3.14035899 -3.14159265 3.14159265
1687940889.06752348 0.000280979182 0.00786413253 -6.67884113e-313 0.999999716 0 0 0.000753967027 0 0 0 0.0015079342 -0 0
1687940889.1683836 0.00145078306 -0.013608329 -6.67884113e-313 0.999999861 0 0 -0.000526872669 0 0 0 3.14053891 -3.14159265 3.14159265
1687940889.26924062 -0.0104100408 -0.0128711645 -7.6329613e-313 0.999999898 0 0 0.0004509717 0 0 0 0.00090194343 -0 0
1687940889.37011766 0.0230041528 -0.00601425373 -6.67884113e-313 0.999999668 0 0 0.000814441685 0 0 0 0.00162888355 -0 0
1687940889.47097397 -0.0034030203 0.0104388325 -6.67884113e-313 0.999999729 0 0 -0.000736769631 0 0 0 3.14011911 -3.14159265 3.14159265
1687940889.57182789 -0.0122070725 -0.00268750002 -6.67884113e-313 0.999999997 0 0 -7.1962103e-05 0 0 0 3.14144873 -3.14159265 3.14159265
1687940889.67271924 0.0120633279 0.0115902146 -5.93674767e-313 0.999999995 0 0 9.56505842e-05 0 0 0 0.000191301169 -0 0
1687940889.77353859 0.0046281631 -0.0157337529 -5.93674767e-313 0.999999996 0 0 8.94261659e-05 0 0 0 0.000178852332 -0 0
1687940889.87442136 0.00696243657 0.00423074232 -5.93674767e-313 0.999999548 0 0 -0.000950364569 0 0 0 3.13969192 -3.14159265 3.14159265
1687940889.97525644 0.0167931775 0.0102242851 -5.34307291e-313 0.999999728 0 0 0.000736945513 0 0 0 0.00147389116 -0 0
1687940890.07612562 -0.00278095717 -0.00733933613 -5.93674767e-313 0.999999695 0 0 -0.000780692497 0 0 0 3.14003127 -3.14159265 3.14159265
1687940890.17697763 0.00819380563 -0.000558647908 -5.93674767e-313 0.999999791 0 0 0.000646378257 0 0 0 0.0012927566 -0 0
1687940890.27783537 0.0375642111 0.0104787516 -6.67884113e-313 0.99999998 0 0 0.000201026516 0 0 0 0.000402053035 -0 0
1687940890.37869835 0.00761093602 -0.00453111464 -6.67884113e-313 0.999999786 0 0 0.00065490745 0 0 0 0.00130981499 -0 0
1687940890.47956467 0.0111725396 0.00682388612 -5.93674767e-313 0.999999992 0 0 0.000125338521 0 0 0 0.000250677043 -0 0
1687940890.58112121 0.0344003709 -0.018784502 -6.67884113e-313 0.999998926 0 0 -0.00146530587 0 0 0 3.13866204 -3.14159265 3.14159265
1687940890.68127298 0.0489374281 0.0413664037 -6.67884113e-313 0.999999594 0 0 0.00090146221 0 0 0 0.00180292466 -0 0
1687940890.7821312 0.0104791391 -0.0167143757 -6.67884113e-313 0.999999985 0 0 0.000175926316 0 0 0 0.000351852633 -0 0
1687940890.88300562 0.0649614559 0.0112434378 -6.67884113e-313 0.999999997 0 0 8.35124616e-05 0 0 0 0.000167024923 -0 0
1687940890.98386312 0.00951574835 0.0210613607 -5.93674767e-313 0.999999913 0 0 0.000416852505 0 0 0 0.000833705034 -0 0
1687940891.08472419 0.03397932 -0.0166465167 -6.67884113e-313 0.999998956 0 0 -0.0014446479 0 0 0 3.13870336 -3.14159265 3.14159265
1687940891.18557453 0.016494606 -0.0158753143 -7.6329613e-313 0.999999596 0 0 -0.000899144192 0 0 0 3.13979436 -3.14159265 3.14159265
1687940891.28643298 -0.0122660899 -0.0128667921 -6.67884113e-313 0.999998147 0 0 -0.00192506453 0 0 0 3.13774252 -3.14159265 3.14159265
1687940891.38729572 0.0624380426 -0.000153818076 -7.6329613e-313 0.999999904 0 0 0.000437520505 0 0 0 0.000875041037 -0 0
1687940891.48815346 0.051541861 -0.0104400616 -8.90512151e-313 0.999999723 0 0 0.000744652925 0 0 0 0.00148930599 -0 0
1687940891.58900833 -0.00260667069 -0.00502104119 -8.90512151e-313 0.999996779 0 0 -0.00253817667 0 0 0 3.13651629 -3.14159265 3.14159265
1687940891.68988729 0.0150802425 0.0318163224 -7.6329613e-313 0.999999219 0 0 0.00124947205 0 0 0 0.00249894476 -0 0
1687940891.79075623 0.0445966096 -0.00501757567 -7.6329613e-313 0.999998933 0 0 -0.0014609692 0 0 0 3.13867071 -3.14159265 3.14159265
1687940891.89161444 0.0812497518 -0.00791531029 -5.93674767e-313 0.999993519 0 0 0.00360029737 0 0 0 0.0072006103 -0 0
1687940891.99244833 0.0188759508 0.0043356089 -7.6329613e-313 0.999999437 0 0 -0.00106144415 0 0 0 3.13946976 -3.14159265 3.14159265
1687940892.09332085 0.0435239987 0.00637661114 -7.6329613e-313 0.999999024 0 0 -0.00139680799 0 0 0 3.13879904 -3.14159265 3.14159265
1687940892.19418955 0.0349819793 0.025677218 -6.67884113e-313 0.999999862 0 0 0.000525921414 0 0 0 0.00105184288 -0 0
1687940892.29502559 0.0472143275 0.0285621222 -6.67884113e-313 0.999999665 0 0 -0.000818357289 0 0 0 3.13995594 -3.14159265 3.14159265
1687940892.39588785 0.0821152711 -0.00679544722 -7.6329613e-313 0.999999987 0 0 0.000162704476 0 0 0 0.000325408953 -0 0
1687940892.49677563 0.0255929485 -0.0102398033 -7.6329613e-313 0.999999978 0 0 0.000210605033 0 0 0 0.000421210068 -0 0
1687940892.59761691 0.0801377684 -0.00565660669 -8.90512151e-313 0.999999987 0 0 -0.000163120225 0 0 0 3.14126641 -3.14159265 3.14159265
1687940892.69846344 0.0240109505 0.0101862065 -1.06861458e-312 0.99999924 0 0 -0.00123304779 0 0 0 3.13912656 -3.14159265 3.14159265
1687940892.79932547 0.0669433909 0.0155989813 -5.93674767e-313 0.999999989 0 0 -0.00014804881 0 0 0 3.14129656 -3.14159265 3.14159265
1687940892.90021992 0.0464562304 0.0159425877 -5.93674767e-313 0.999998781 0 0 -0.0015614745 0 0 0 3.1384697 -3.14159265 3.14159265
1687940893.0010438 0.0439490385 -0.0124985902 -6.67884113e-313 0.9999999 0 0 -0.000446763179 0 0 0 3.14069913 -3.14159265 3.14159265
1687940893.10190248 0.0305312085 0.00601483326 -6.67884113e-313 0.999997899 0 0 -0.00204977647 0 0 0 3.1374931 -3.14159265 3.14159265
1687940893.20279026 0.0825526005 -0.0101681298 -5.93674767e-313 0.999999858 0 0 0.000533511044 0 0 0 0.00106702214 -0 0
1687940893.30362701 0.0729776608 -0.0167240439 -5.34307291e-313 0.999997768 0 0 -0.00211258504 0 0 0 3.13736748 -3.14159265 3.14159265
1687940893.40452027 0.0429927957 0.0160969907 -6.67884113e-313 0.999999999 0 0 -5.26671658e-05 0 0 0 3.14148732 -3.14159265 3.14159265
1687940893.50534678 0.0528374428 -0.00790885938 -6.67884113e-313 0.999999566 0 0 -0.000931321473 0 0 0 3.13973001 -3.14159265 3.14159265
1687940893.60620022 0.101541465 0.000319289018 -6.67884113e-313 0.999997168 0 0 -0.00237990122 0 0 0 3.13683285 -3.14159265 3.14159265
1687940893.70706534 0.080144532 0.0123608536 -5.93674767e-313 0.999999599 0 0 -0.000895558866 0 0 0 3.13980154 -3.14159265 3.14159265
1687940893.80792475 0.0833070136 -0.014866737 -6.67884113e-313 0.999999026 0 0 -0.00139584629 0 0 0 3.13880096 -3.14159265 3.14159265
1687940893.90948701 0.0747103313 0.00404493257 -6.67884113e-313 0.999999155 0 0 -0.00130028419 0 0 0 3.13899208 -3.14159265 3.14159265
1687940894.00963831 0.0534855509 0.00829411025 -6.67884113e-313 0.999997317 0 0 -0.00231646445 0 0 0 3.13695972 -3.14159265 3.14159265
1687940894.11052537 0.10821011 -0.0225204225 -8.90512151e-313 0.999999245 0 0 0.00122857552 0 0 0 0.00245715166 -0 0
1687940894.21137381 0.0984288981 0.0316219182 -8.90512151e-313 0.999999266 0 0 0.00121167198 0 0 0 0.00242334456 -0 0
1687940894.31224203 0.0416289603 -0.0213107568 -7.6329613e-313 0.999991444 0 0 0.00413655281 0 0 0 0.00827312921 -0 0
1687940894.41307569 0.164092179 0.0147129752 -1.06861458e-312 0.999999956 0 0 -0.000296240423 0 0 0 3.14100017 -3.14159265 3.14159265
1687940894.51395273 0.0450282178 0.0525991997 -6.67884113e-313 0.999993367 0 0 0.00364218754 0 0 0 0.00728439118 -0 0
1687940894.61486268 0.174832272 -0.0118673414 -7.6329613e-313 0.999997262 0 0 0.0023402527 0 0 0 0.00468050966 -0 0
1687940894.71568298 0.0886232126 0.0382130796 -5.34307291e-313 0.999995631 0 0 0.00295589048 0 0 0 0.00591178958 -0 0
1687940894.81651568 0.109517187 -0.0250595336 -8.90512151e-313 0.999991176 0 0 0.00420090668 0 0 0 0.00840183806 -0 0
1687940894.9173913 0.0861231652 0.0290636888 -8.90512151e-313 0.999999575 0 0 0.00092234575 0 0 0 0.00184469176 -0 0
1687940895.0182569 0.13182131 0.000762707616 -8.90512151e-313 0.999996669 0 0 0.00258105644 0 0 0 0.00516211862 -0 0
1687940895.11909866 0.159672925 0.0294314182 -7.6329613e-313 0.999995803 0 0 0.00289712955 0 0 0 0.0057942672 -0 0
1687940895.21999741 0.0836707383 0.0197294661 -5.93674767e-313 0.999998964 0 0 0.00143976172 0 0 0 0.00287952444 -0 0
1687940895.32081604 0.0807036033 0.0245327639 -5.93674767e-313 1 0 0 -2.68346717e-05 0 0 0 3.14153898 -3.14159265 3.14159265
1687940895.4217 0.142004687 0.0206102381 -5.93674767e-313 0.999998005 0 0 0.0019975942 0 0 0 0.00399519107 -0 0
1687940895.522542 0.115457901 0.00791211719 -6.67884113e-313 0.999996727 0 0 0.00255849154 0 0 0 0.00511698867 -0 0
1687940895.62339211 0.166907964 -0.107526267 -5.34307291e-313 0.999998239 0 0 0.00187658251 0 0 0 0.00375316723 -0 0
1687940895.72426605 0.112424738 -0.00661683556 -5.93674767e-313 0.999999518 0 0 0.000981735014 0 0 0 0.00196347034 -0 0
1687940895.82513261 0.217034627 -0.164415994 -7.6329613e-313 0.999996389 0 0 0.00268741559 0 0 0 0.00537483765 -0 0
1687940895.92599297 0.115347468 0.0177502565 -7.6329613e-313 0.999996409 0 0 0.00268009124 0 0 0 0.0053601889 -0 0
1687940896.02682877 0.0955085171 0.0272097288 -7.6329613e-313 0.999999109 0 0 0.0013352191 0 0 0 0.00267043899 -0 0
1687940896.12769103 0.131565526 0.00648070041 -6.67884113e-313 0.999996289 0 0 0.0027244439 0 0 0 0.00544889455 -0 0
1687940896.22855711 0.156781451 0.0531070402 -6.67884113e-313 0.999997861 0 0 0.00206854563 0 0 0 0.00413709421 -0 0
1687940896.32946825 0.0523608727 0.0106963037 -7.6329613e-313 0.99999858 0 0 0.00168508459 0 0 0 0.00337017077 -0 0
1687940896.43027067 0.153940602 -0.014320155 -8.90512151e-313 0.999999544 0 0 -0.000954976131 0 0 0 3.1396827 -3.14159265 3.14159265
1687940896.53112674 0.185378881 -0.00277792021 -7.6329613e-313 0.999998343 0 0 0.00182026145 0 0 0 0.0036405249 -0 0
1687940896.63199615 0.0951563844 0.013066163 -8.90512151e-313 0.999998174 0 0 -0.00191083048 0 0 0 3.13777099 -3.14159265 3.14159265
1687940896.73285341 0.177606531 -0.0499055035 -8.90512151e-313 0.999999992 0 0 -0.000130372775 0 0 0 3.14133191 -3.14159265 3.14159265
1687940896.83400249 0.125273586 -0.0132010726 -6.67884113e-313 0.999999683 0 0 -0.000796618176 0 0 0 3.13999942 -3.14159265 3.14159265
1687940896.93458152 0.135713358 0.0315919954 -7.6329613e-313 0.999999992 0 0 -0.000127563326 0 0 0 3.14133753 -3.14159265 3.14159265
1687940897.03543234 0.0773069535 -0.0160024949 -8.90512151e-313 0.999999504 0 0 -0.000996397385 0 0 0 3.13959986 -3.14159265 3.14159265
1687940897.13629007 0.052681453 0.0095569103 -7.6329613e-313 0.999999063 0 0 -0.00136867754 0 0 0 3.1388553 -3.14159265 3.14159265
1687940897.2371521 0.130938608 0.0145253177 -6.67884113e-313 0.999996877 0 0 0.00249901235 0 0 0 0.0049980299 -0 0
1687940897.33800459 0.106465568 0.0277257502 -6.67884113e-313 0.999991709 0 0 0.00407202863 0 0 0 0.00814407977 -0 0
1687940897.4388864 0.0907315852 0.0082282908 -4.85733901e-313 0.999996632 0 0 0.00259530509 0 0 0 0.00519061602 -0 0
1687940897.53976536 0.0980789194 0.0397215696 -5.34307291e-313 0.999997781 0 0 0.0021066259 0 0 0 0.00421325492 -0 0
1687940897.64059401 0.0774988355 0.0267765663 -4.85733901e-313 0.999998844 0 0 0.0015208167 0 0 0 0.00304163458 -0 0
1687940897.74144483 0.106879624 0.0148238909 -5.34307291e-313 0.999999948 0 0 -0.00032115488 0 0 0 3.14095034 -3.14159265 3.14159265
1687940897.84231997 0.100443552 0.00219023529 -5.34307291e-313 0.999999751 0 0 0.000705037979 0 0 0 0.00141007608 -0 0
1687940897.94319034 0.0959141091 0.0129392917 -4.85733901e-313 0.999999484 0 0 0.00101586343 0 0 0 0.00203172721 -0 0
1687940898.04403877 0.0707987584 0.0101054703 -4.85733901e-313 0.999999992 0 0 -0.000127686145 0 0 0 3.14133728 -3.14159265 3.14159265
1687940898.14490461 0.104076184 -0.00900824268 -5.34307291e-313 0.999999598 0 0 0.000896804793 0 0 0 0.00179360983 -0 0
1687940898.24575806 0.108274707 -0.00667223297 -5.34307291e-313 0.999998913 0 0 0.00147472673 0 0 0 0.00294945453 -0 0
1687940898.3466382 0.0848728959 0.0209501694 -5.34307291e-313 0.999999076 0 0 0.00135944249 0 0 0 0.00271888581 -0 0
1687940898.44747567 0.113848047 -0.00182603579 -5.93674767e-313 0.999997915 0 0 0.00204225384 0 0 0 0.00408451052 -0 0
1687940898.54832006 0.0929326419 0.00631301212 -5.34307291e-313 0.999998096 0 0 0.00195148681 0 0 0 0.00390297609 -0 0
1687940898.64917898 0.121335059 0.0286213651 -5.34307291e-313 0.999998682 0 0 0.00162356905 0 0 0 0.00324713953 -0 0
1687940898.75004387 0.0835287511 0.00435935185 -5.93674767e-313 0.999999994 0 0 0.000111200259 0 0 0 0.000222400518 -0 0
1687940898.85091352 0.111803229 0.0297245802 -5.93674767e-313 0.999998985 0 0 0.00142448779 0 0 0 0.00284897654 -0 0
1687940898.95175743 0.130223628 0.0180916873 -5.93674767e-313 0.999998835 0 0 0.00152634981 0 0 0 0.0030527008 -0 0
1687940899.05264711 0.128593773 0.0233590767 -5.93674767e-313 0.999998004 0 0 0.00199780398 0 0 0 0.00399561062 -0 0
1687940899.15347767 0.126210664 0.0277336066 -6.67884113e-313 0.99999803 0 0 0.00198478398 0 0 0 0.00396957057 -0 0
1687940899.55691576 0.423356174 0.059711447 -5.93674767e-313 0.999977558 0 0 0.00669949971 0 0 0 0.0133990997 -0 0
1687940899.65779209 0.115391212 0.0203737792 -6.67884113e-313 0.999999015 0 0 0.00140350008 0 0 0 0.00280700108 -0 0
1687940899.75863695 0.10384821 -0.0146503236 -8.90512151e-313 0.999999094 0 0 0.00134596931 0 0 0 0.00269193943 -0 0
1687940899.85952497 0.113506584 0.0249671376 -6.67884113e-313 0.999999298 0 0 0.00118466795 0 0 0 0.00236933645 -0 0
1687940899.96035767 0.0916618189 0.00602499656 -6.67884113e-313 0.999999013 0 0 0.00140525839 0 0 0 0.0028105177 -0 0
1687940900.06123352 0.107130414 0.00928239876 -7.6329613e-313 0.999996855 0 0 0.00250782192 0 0 0 0.0050156491 -0 0
1687940900.16209626 0.130846739 0.0176247073 -7.6329613e-313 0.999999116 0 0 0.00133000442 0 0 0 0.00266000962 -0 0
1687940900.26293302 0.138936188 0.0562119902 -6.67884113e-313 0.999998217 0 0 0.00188818104 0 0 0 0.00377636432 -0 0
1687940900.36380768 0.0998162617 0.00389068317 -7.6329613e-313 0.999999307 0 0 0.00117732351 0 0 0 0.00235464757 -0 0
1687940900.46465921 0.156052629 0.0202785131 -7.6329613e-313 0.999999929 0 0 0.000378043873 0 0 0 0.000756087765 -0 0
1687940900.56551766 0.125811611 0.0161362739 -6.67884113e-313 0.999998872 0 0 0.0015022449 0 0 0 0.00300449094 -0 0
1687940900.66638327 0.122839123 -0.00733738648 -6.67884113e-313 0.999999131 0 0 0.00131825731 0 0 0 0.00263651537 -0 0
1687940900.7672472 0.167003004 -0.0224014461 -5.93674767e-313 0.999999924 0 0 -0.000390052181 0 0 0 3.14081255 -3.14159265 3.14159265
1687940900.86810064 0.114650979 -0.0223748181 -5.34307291e-313 0.999998137 0 0 0.00193039048 0 0 0 0.00386078336 -0 0
1687940900.96895885 0.156338358 0.0418310773 -5.93674767e-313 0.999999223 0 0 0.00124690731 0 0 0 0.00249381527 -0 0
1687940901.06980944 0.121927553 0.0121923145 -6.67884113e-313 0.99999998 0 0 0.000198049652 0 0 0 0.000396099307 -0 0
1687940901.17067146 0.126135033 0.00306332585 -5.34307291e-313 0.999999044 0 0 -0.00138257876 0 0 0 3.1388275 -3.14159265 3.14159265
1687940901.2715621 0.135036759 0.000508510051 -6.67884113e-313 0.999999834 0 0 0.000576625709 0 0 0 0.00115325148 -0 0
1687940901.37238884 0.114761643 0.00472793027 -6.67884113e-313 0.99999905 0 0 -0.00137836229 0 0 0 3.13883593 -3.14159265 3.14159265
1687940901.47325563 0.122529056 0.0221475155 -7.6329613e-313 0.999991833 0 0 -0.00404159304 0 0 0 3.13350945 -3.14159265 3.14159265
1687940901.57410979 0.12760748 -0.027724011 -6.67884113e-313 0.999999548 0 0 0.000951161544 0 0 0 0.00190232337 -0 0
1687940901.6749959 0.119185467 -0.00312910194 -6.67884113e-313 0.999999163 0 0 -0.00129410942 0 0 0 3.13900443 -3.14159265 3.14159265
1687940901.77582741 0.149326046 0.0266786516 -1.06861458e-312 0.999997244 0 0 -0.0023476354 0 0 0 3.13689738 -3.14159265 3.14159265
1687940901.87668705 0.137707749 -0.0232649694 -7.6329613e-313 0.999999383 0 0 -0.00111051967 0 0 0 3.13937161 -3.14159265 3.14159265
1687940901.97754574 0.108905808 -0.0317929073 -8.90512151e-313 0.999995823 0 0 -0.00289040967 0 0 0 3.13581183 -3.14159265 3.14159265
1687940902.07842875 0.10328133 -0.0378853854 -8.90512151e-313 0.999999167 0 0 -0.00129042553 0 0 0 3.1390118 -3.14159265 3.14159265
1687940902.17926741 0.178473553 -0.00999136944 -7.6329613e-313 0.999992638 0 0 -0.00383718226 0 0 0 3.13391827 -3.14159265 3.14159265
1687940902.28012371 0.166686041 -0.0131514179 -5.34307291e-313 0.999998984 0 0 -0.00142521835 0 0 0 3.13874222 -3.14159265 3.14159265
1687940902.38098168 0.10451398 -0.0183586356 -5.93674767e-313 0.99999484 0 0 -0.00321240592 0 0 0 3.13516783 -3.14159265 3.14159265
1687940902.48184943 0.139012718 -0.0354672912 -8.90512151e-313 0.999999168 0 0 -0.00129004189 0 0 0 3.13901257 -3.14159265 3.14159265
1687940902.58272696 0.127585142 -0.0284219533 -7.6329613e-313 0.999996047 0 0 -0.00281180354 0 0 0 3.13596904 -3.14159265 3.14159265
1687940902.68358994 0.103253727 0.0134680324 -6.67884113e-313 0.999994724 0 0 -0.00324843458 0 0 0 3.13509577 -3.14159265 3.14159265
1687940902.78443503 0.103776444 -0.0137441166 -1.06861458e-312 0.999998057 0 0 -0.00197153923 0 0 0 3.13764957 -3.14159265 3.14159265
1687940902.88528013 0.151389833 -0.0135916964 -1.06861458e-312 0.999998788 0 0 0.00155675689 0 0 0 0.00311351503 -0 0
1687940902.98616791 0.162730216 0.0187606275 -1.06861458e-312 0.999999885 0 0 -0.000479258056 0 0 0 3.14063414 -3.14159265 3.14159265
1687940903.08699894 0.103044329 0.0418947283 -8.90512151e-313 0.999999304 0 0 -0.0011802511 0 0 0 3.13923215 -3.14159265 3.14159265
1687940903.18787813 0.114621094 0.00311526393 -1.33576823e-312 0.999999846 0 0 -0.000555109286 0 0 0 3.14048243 -3.14159265 3.14159265
1687940903.28873444 0.106265931 0.030353983 -1.33576823e-312 0.999999917 0 0 -0.000408580301 0 0 0 3.14077549 -3.14159265 3.14159265
1687940903.38958502 0.144812771 -0.0172274256 -1.33576823e-312 0.999999756 0 0 0.000697868863 0 0 0 0.00139573784 -0 0
1687940903.49045372 0.0633130194 -0.0265289009 -1.33576823e-312 0.99999972 0 0 0.000748437753 0 0 0 0.00149687565 -0 0
1687940903.59129667 0.157254536 0.000529865392 -1.06861458e-312 0.999999919 0 0 -0.000403009342 0 0 0 3.14078663 -3.14159265 3.14159265
1687940903.69215727 0.104613335 -0.0449416412 -1.06861458e-312 0.999993906 0 0 -0.00349105318 0 0 0 3.13461053 -3.14159265 3.14159265
1687940903.79302454 0.104497028 0.0405460174 -8.90512151e-313 0.999995209 0 0 0.00309563055 0 0 0 0.006191271 -0 0
1687940903.8948617 0.118151683 0.000785061907 -8.90512151e-313 0.99999995 0 0 -0.000317544387 0 0 0 3.14095756 -3.14159265 3.14159265
1687940903.99477601 0.0870995812 0.0116030777 -8.90512151e-313 0.999997272 0 0 0.00233595544 0 0 0 0.00467191513 -0 0
1687940904.09559679 0.090931717 0.00735950741 -8.90512151e-313 0.999999783 0 0 -0.000659203863 0 0 0 3.14027425 -3.14159265 3.14159265
1687940904.19647455 0.08441161 0.00674673516 -7.6329613e-313 0.999999904 0 0 -0.000438699453 0 0 0 3.14071525 -3.14159265 3.14159265
1687940904.2973299 0.0964082258 0.0112468867 -8.90512151e-313 0.999999952 0 0 -0.000310478845 0 0 0 3.1409717 -3.14159265 3.14159265
1687940904.39820528 0.088608174 0.0128101695 -1.06861458e-312 0.999998576 0 0 0.00168774068 0 0 0 0.00337548296 -0 0
1687940904.49905586 0.0817543356 0.0202843325 -8.90512151e-313 0.999998082 0 0 -0.00195866695 0 0 0 3.13767532 -3.14159265 3.14159265
1687940904.59989333 0.0740854686 0.0158221011 -8.90512151e-313 0.999999949 0 0 -0.000319003249 0 0 0 3.14095465 -3.14159265 3.14159265
1687940904.70075798 0.0910335195 0.0430886387 -1.06861458e-312 0.999998033 0 0 -0.00198364263 0 0 0 3.13762537 -3.14159265 3.14159265
1687940904.80161524 0.0874691196 0.00686856635 -1.06861458e-312 0.999995981 0 0 0.00283510182 0 0 0 0.00567021123 -0 0
1687940904.90247202 0.136923339 -0.000726118844 -8.90512151e-313 0.999999991 0 0 0.000132635557 0 0 0 0.000265271116 -0 0
1687940905.00333548 0.166501166 -0.035789204 -8.90512151e-313 0.999994535 0 0 0.00330611683 0 0 0 0.0066122457 -0 0
1687940905.20506859 0.207031403 0.0359073344 -1.06861458e-312 0.999995912 0 0 0.00285951258 0 0 0 0.00571903296 -0 0
1687940905.30591106 0.11422575 0.0159751487 -1.06861458e-312 0.999999992 0 0 0.00012373318 0 0 0 0.00024746636 -0 0
1687940905.40679383 0.0668974415 -0.0522297231 -1.33576823e-312 0.999981275 0 0 0.00611966857 0 0 0 0.0122394135 -0 0
1687940905.50763607 0.0710370255 0.0490643171 -1.33576823e-312 0.999999749 0 0 -0.000707994282 0 0 0 3.14017666 -3.14159265 3.14159265
1687940905.60850453 0.103061558 0.0495260001 -1.33576823e-312 0.999999753 0 0 -0.000703441607 0 0 0 3.14018577 -3.14159265 3.14159265
1687940905.70937252 0.0639665382 -0.00127250688 -1.33576823e-312 0.999996086 0 0 0.00279779777 0 0 0 0.00559560283 -0 0
1687940905.81021214 0.0762141404 -0.026258908 -1.33576823e-312 0.99999826 0 0 0.00186550959 0 0 0 0.00373102135 -0 0
1687940905.91107559 0.135162196 0.0722966098 -1.06861458e-312 0.999999116 0 0 -0.00132929442 0 0 0 3.13893406 -3.14159265 3.14159265
1687940906.11281919 0.26119041 0.0937692137 -1.33576823e-312 0.999994774 0 0 -0.0032328433 0 0 0 3.13512696 -3.14159265 3.14159265
1687940906.61712074 0.502854282 -0.204276464 -1.7810243e-312 0.999962782 0 0 0.00862750892 0 0 0 0.0172552319 -0 0
1687940907.02052379 0.544803973 0.0305533627 -1.7810243e-312 0.999999983 0 0 -0.0001849415 0 0 0 3.14122277 -3.14159265 3.14159265
1687940907.12142491 0.0698032977 0.00527379704 -1.7810243e-312 0.999997231 0 0 0.00235346219 0 0 0 0.00470692872 -0 0
1687940907.2222414 0.167437321 0.0165552005 -1.33576823e-312 0.999999951 0 0 0.000313518643 0 0 0 0.000627037295 -0 0
1687940907.32312059 0.087123964 0.0160286937 -1.33576823e-312 0.999999925 0 0 -0.00038789562 0 0 0 3.14081686 -3.14159265 3.14159265
1687940907.42397332 0.163946477 -0.0421032498 -1.33576823e-312 0.999999958 0 0 -0.000290007688 0 0 0 3.14101264 -3.14159265 3.14159265
1687940907.52486753 0.10053544 0.0174061481 -1.33576823e-312 0.999999506 0 0 -0.000994229751 0 0 0 3.13960419 -3.14159265 3.14159265
1687940907.62569451 0.105982853 -0.0342803548 -1.06861458e-312 0.999999999 0 0 4.93086212e-05 0 0 0 9.86172425e-05 -0 0
1687940907.72654057 0.123880824 -0.00645040932 -8.90512151e-313 0.99999371 0 0 -0.00354669604 0 0 0 3.13449925 -3.14159265 3.14159265
1687940907.82739925 0.105122198 -0.0487082388 -1.06861458e-312 0.999999269 0 0 -0.0012087472 0 0 0 3.13917516 -3.14159265 3.14159265
1687940907.92830491 0.0796078953 -0.00388728336 -8.90512151e-313 0.999994144 0 0 -0.00342227396 0 0 0 3.13474809 -3.14159265 3.14159265
1687940908.02913523 0.15088469 -0.0249729855 -1.06861458e-312 0.99999874 0 0 -0.00158770918 0 0 0 3.13841723 -3.14159265 3.14159265
1687940908.12997794 0.136236706 -0.0415427197 -7.6329613e-313 0.999999348 0 0 -0.00114194977 0 0 0 3.13930875 -3.14159265 3.14159265
1687940908.23083639 0.143535243 0.00534095874 -7.6329613e-313 0.99999895 0 0 -0.00144933926 0 0 0 3.13869397 -3.14159265 3.14159265
1687940908.33171797 0.132078586 -0.0228330018 -7.6329613e-313 0.999997805 0 0 -0.00209521014 0 0 0 3.13740223 -3.14159265 3.14159265
1687940908.4325614 0.130456649 0.00972113724 -7.6329613e-313 0.999998965 0 0 -0.00143847009 0 0 0 3.13871571 -3.14159265 3.14159265
1687940908.53341556 0.131089434 -0.0486313325 -8.90512151e-313 0.999997973 0 0 -0.00201343209 0 0 0 3.13756579 -3.14159265 3.14159265
1687940908.63430643 0.133027483 -0.0325949521 -6.67884113e-313 0.999996077 0 0 -0.00280107046 0 0 0 3.13599051 -3.14159265 3.14159265
1687940908.73513937 0.0641155268 0.11503715 -6.67884113e-313 0.999999983 0 0 0.000186295744 0 0 0 0.000372591489 -0 0
1687940908.83600855 0.111140052 -0.0480627135 -7.6329613e-313 0.999994798 0 0 -0.0032254978 0 0 0 3.13514165 -3.14159265 3.14159265
1687940908.93686199 0.163355314 -0.0258390911 -5.93674767e-313 0.999998628 0 0 -0.001656343 0 0 0 3.13827997 -3.14159265 3.14159265
1687940909.03771448 0.137239566 -0.0256512653 -5.93674767e-313 0.999998795 0 0 -0.00155267094 0 0 0 3.13848731 -3.14159265 3.14159265
1687940909.13857746 0.126622697 -0.0127082743 -6.67884113e-313 0.999997518 0 0 -0.00222801113 0 0 0 3.13713663 -3.14159265 3.14159265
1687940909.23943806 0.155037129 -0.035937982 -7.6329613e-313 0.999999782 0 0 -0.000660533198 0 0 0 3.14027159 -3.14159265 3.14159265
1687940909.34032488 0.105383463 0.00140914957 -5.93674767e-313 0.999999616 0 0 -0.000876395262 0 0 0 3.13983986 -3.14159265 3.14159265
1687940909.44115257 0.101042064 -0.0222592589 -7.6329613e-313 0.999995853 0 0 -0.00288000156 0 0 0 3.13583264 -3.14159265 3.14159265
1687940909.54201698 0.0939772605 0.129074688 -7.6329613e-313 0.999999577 0 0 0.000919295332 0 0 0 0.00183859092 -0 0
1687940909.64290166 0.130977432 -0.039301534 -6.67884113e-313 0.999999241 0 0 -0.00123216124 0 0 0 3.13912833 -3.14159265 3.14159265
1687940909.74375701 0.133944663 -0.0306280665 -7.6329613e-313 0.999996982 0 0 -0.00245676163 0 0 0 3.13667913 -3.14159265 3.14159265
1687940909.84459257 0.136815404 -0.0299996274 -8.90512151e-313 0.999996074 0 0 -0.00280210386 0 0 0 3.13598844 -3.14159265 3.14159265
1687940909.9454608 0.125698424 -0.0239456397 -6.67884113e-313 0.999996154 0 0 -0.00277343224 0 0 0 3.13604578 -3.14159265 3.14159265
1687940910.04632568 0.140445054 -0.0478415388 -5.93674767e-313 0.99999869 0 0 -0.00161849139 0 0 0 3.13835567 -3.14159265 3.14159265
1687940910.14720082 0.117967646 -0.00578339072 -5.93674767e-313 0.999997886 0 0 -0.00205640373 0 0 0 3.13747984 -3.14159265 3.14159265
1687940910.24803019 0.150162886 0.0594889112 -5.34307291e-313 0.999999948 0 0 0.000321182101 0 0 0 0.000642364214 -0 0
1687940910.34890079 0.117834998 -0.0097643938 -5.34307291e-313 0.999997386 0 0 -0.00228628423 0 0 0 3.13702008 -3.14159265 3.14159265
1687940910.44976568 0.100110917 -0.0181007197 -5.34307291e-313 0.999998331 0 0 -0.00182701652 0 0 0 3.13793862 -3.14159265 3.14159265
1687940910.55063725 0.128176287 -0.00672065924 -5.34307291e-313 0.999998148 0 0 -0.00192436739 0 0 0 3.13774392 -3.14159265 3.14159265
1687940910.65149117 0.14956914 -0.0325853831 -5.34307291e-313 0.999999969 0 0 -0.000249218013 0 0 0 3.14109422 -3.14159265 3.14159265
1687940910.75235319 0.139559305 -0.00532368568 -4.45256076e-313 0.999997692 0 0 -0.00214859126 0 0 0 3.13729547 -3.14159265 3.14159265
1687940910.85318971 0.134837689 -0.0148328833 -5.93674767e-313 0.999999814 0 0 -0.000610254459 0 0 0 3.14037214 -3.14159265 3.14159265
1687940910.95407414 0.123452228 -0.00946307538 -6.67884113e-313 0.999994336 0 0 -0.00336574874 0 0 0 3.13486114 -3.14159265 3.14159265
1687940911.0549264 0.125785435 0.0640573673 -5.93674767e-313 0.999999074 0 0 0.00136058644 0 0 0 0.00272117373 -0 0
1687940911.15580559 0.154307854 -0.0259515154 -5.34307291e-313 0.999998017 0 0 -0.00199149452 0 0 0 3.13760966 -3.14159265 3.14159265
1687940911.25662422 0.140710057 -0.0176085552 -5.34307291e-313 0.999996876 0 0 -0.00249974985 0 0 0 3.13659315 -3.14159265 3.14159265
1687940911.35748434 0.147947256 -0.00934157135 -4.85733901e-313 0.999996392 0 0 -0.00268637883 0 0 0 3.13621989 -3.14159265 3.14159265
1687940911.45834851 0.123983552 -0.0197643448 -4.85733901e-313 0.999997589 0 0 -0.00219611072 0 0 0 3.13720043 -3.14159265 3.14159265
1687940911.55920792 0.157013168 -0.0155211667 -4.85733901e-313 0.999995648 0 0 -0.00295011567 0 0 0 3.13569241 -3.14159265 3.14159265
1687940911.66010976 0.163031027 -0.0523625373 -5.34307291e-313 0.999999999 0 0 -4.64347963e-05 0 0 0 3.14149978 -3.14159265 3.14159265
1687940911.76092196 0.12961352 -0.0341127743 -5.34307291e-313 0.999999193 0 0 -0.00127009224 0 0 0 3.13905247 -3.14159265 3.14159265
1687940911.8617816 0.168159471 0.00487987401 -5.34307291e-313 0.999998287 0 0 -0.00185092823 0 0 0 3.1378908 -3.14159265 3.14159265
1687940911.96264195 0.144677636 -0.0248298656 -5.34307291e-313 0.999999905 0 0 0.000435934363 0 0 0 0.000871868753 -0 0
1687940912.06350851 0.10474177 0.0135368749 -5.93674767e-313 0.999999975 0 0 0.000222064824 0 0 0 0.000444129651 -0 0
1687940912.16436338 0.137926144 0.0226793523 -7.6329613e-313 0.99999987 0 0 0.000510079941 0 0 0 0.00102015993 -0 0
1687940912.26521826 0.170995926 -0.00238793398 -5.93674767e-313 0.999998524 0 0 0.00171812935 0 0 0 0.0034362604 -0 0
1687940912.36608028 0.116252956 0.0907599839 -4.45256076e-313 0.999997331 0 0 0.00231051385 0 0 0 0.00462103182 -0 0
1687940912.46694803 0.115226642 0.039518628 -7.6329613e-313 0.999999904 0 0 0.000437264937 0 0 0 0.000874529901 -0 0
1687940912.5678885 0.148560196 0.0061460406 -7.6329613e-313 0.999998429 0 0 0.00177264399 0 0 0 0.00354528983 -0 0
1687940912.66865778 0.152627565 0.028225533 -5.93674767e-313 0.999999763 0 0 0.000688924275 0 0 0 0.00137784866 -0 0
1687940912.76952672 0.146994559 -0.0233969334 -5.34307291e-313 0.999998629 0 0 0.00165592758 0 0 0 0.00331185667 -0 0
1687940912.87038827 0.12181339 0.0290798234 -4.85733901e-313 0.999999508 0 0 -0.000992357785 0 0 0 3.13960794 -3.14159265 3.14159265
1687940912.97124195 0.145824861 0.0419238882 -5.34307291e-313 0.999974654 0 0 0.00711983269 0 0 0 0.0142397857 -0 0
1687940913.07209516 0.13063875 -0.0175211941 -6.67884113e-313 0.999997934 0 0 0.00203291727 0 0 0 0.00406583733 -0 0
1687940913.17296934 0.140822065 -0.00643304414 -5.93674767e-313 0.999998826 0 0 0.00153231357 0 0 0 0.00306462834 -0 0
1687940913.27385521 0.122998845 0.0753593131 -5.34307291e-313 0.999973296 0 0 0.00730804838 0 0 0 0.0146162269 -0 0
1687940913.37469769 0.144171029 0.0184855443 -5.34307291e-313 0.999999998 0 0 -6.09975612e-05 0 0 0 3.14147066 -3.14159265 3.14159265
1687940913.47553635 0.142573661 -0.00606067274 -5.93674767e-313 0.999999532 0 0 0.000967946354 0 0 0 0.00193589301 -0 0
1687940913.57640958 0.131344096 0.023090255 -5.93674767e-313 0.999998847 0 0 -0.00151885118 0 0 0 3.13855495 -3.14159265 3.14159265
1687940913.67726183 0.156059633 -0.0115982531 -5.34307291e-313 0.999999971 0 0 -0.00024222314 0 0 0 3.14110821 -3.14159265 3.14159265
1687940913.77812219 0.143928047 0.0520891215 -5.34307291e-313 0.99999025 0 0 0.00441578233 0 0 0 0.00883159336 -0 0
1687940913.87900972 0.133504065 0.0192239753 -5.34307291e-313 0.999999831 0 0 -0.000580776688 0 0 0 3.1404311 -3.14159265 3.14159265
1687940913.9798317 0.105680472 0.191605216 -5.34307291e-313 0.999998048 0 0 0.00197605067 0 0 0 0.00395210391 -0 0
1687940914.08071351 0.144174592 0.00185248093 -7.6329613e-313 0.999999814 0 0 -0.0006094184 0 0 0 3.14037382 -3.14159265 3.14159265
1687940914.18155575 0.113200698 -0.0364995018 -5.34307291e-313 0.999999997 0 0 8.35109497e-05 0 0 0 0.0001670219 -0 0
1687940914.28241253 0.0719962831 0.128412368 -5.34307291e-313 0.999994593 0 0 -0.00328839112 0 0 0 3.13501586 -3.14159265 3.14159265
1687940914.38329959 0.143633591 -0.010784984 -6.67884113e-313 0.999999753 0 0 -0.000703112723 0 0 0 3.14018643 -3.14159265 3.14159265
1687940914.48417377 0.128970159 0.0145355185 -5.93674767e-313 0.999999946 0 0 0.000329032939 0 0 0 0.00065806589 -0 0
1687940914.68585157 0.209923889 0.119629752 -5.34307291e-313 0.999999084 0 0 -0.00135342917 0 0 0 3.13888579 -3.14159265 3.14159265
1687940914.78671241 0.126119975 0.00973007083 -5.93674767e-313 0.999999308 0 0 -0.00117671755 0 0 0 3.13923922 -3.14159265 3.14159265
1687940914.88758993 0.139476442 0.0765117882 -4.85733901e-313 0.999990007 0 0 0.00447051047 0 0 0 0.00894105072 -0 0
1687940914.98845387 0.115538893 -0.0181970882 -4.85733901e-313 0.999995523 0 0 -0.00299225274 0 0 0 3.13560814 -3.14159265 3.14159265
1687940915.08930254 0.128178086 -0.0167567554 -4.85733901e-313 0.999995459 0 0 -0.00301360898 0 0 0 3.13556543 -3.14159265 3.14159265
1687940915.19016171 0.127271444 -0.0391096997 -4.85733901e-313 0.999995118 0 0 -0.00312470833 0 0 0 3.13534323 -3.14159265 3.14159265
1687940915.29100657 0.116095264 -0.0334707434 -4.85733901e-313 0.999998725 0 0 -0.00159656061 0 0 0 3.13839953 -3.14159265 3.14159265
1687940915.39189458 0.0981587649 0.101178295 -5.34307291e-313 0.999998181 0 0 -0.00190714908 0 0 0 3.13777835 -3.14159265 3.14159265
1687940915.49274278 0.107746831 -0.0236778268 -6.67884113e-313 0.999997989 0 0 -0.00200561777 0 0 0 3.13758142 -3.14159265 3.14159265
1687940915.59358501 0.149419468 -0.0201515838 -6.67884113e-313 0.999998977 0 0 -0.0014301883 0 0 0 3.13873228 -3.14159265 3.14159265
1687940915.69446039 0.0953738837 -0.00165830108 -5.34307291e-313 0.999999991 0 0 -0.000132142159 0 0 0 3.14132837 -3.14159265 3.14159265
1687940915.79530835 0.143941766 0.0554520815 -5.34307291e-313 0.999991218 0 0 0.00419081647 0 0 0 0.00838165748 -0 0
1687940915.89619064 0.0735025703 0.143654663 -5.93674767e-313 0.999998365 0 0 -0.00180854222 0 0 0 3.13797557 -3.14159265 3.14159265
1687940915.99704051 0.12493559 -0.000867074659 -6.67884113e-313 0.999999821 0 0 -0.000598097496 0 0 0 3.14039646 -3.14159265 3.14159265
1687940916.09790754 0.135660766 0.0190455242 -5.93674767e-313 0.999999575 0 0 -0.000922024746 0 0 0 3.1397486 -3.14159265 3.14159265
1687940916.19875431 0.0870416034 0.0963914869 -5.34307291e-313 0.999999448 0 0 0.0010506193 0 0 0 0.00210123899 -0 0
1687940916.29961252 0.120648165 -0.00500024738 -5.34307291e-313 0.999999997 0 0 7.67056373e-05 0 0 0 0.000153411275 -0 0
1687940916.40046263 0.153741341 0.00815684248 -5.34307291e-313 0.999999978 0 0 -0.000211578166 0 0 0 3.1411695 -3.14159265 3.14159265
1687940916.50132084 0.1488904 0.0109738054 -5.93674767e-313 0.999999988 0 0 -0.000157002828 0 0 0 3.14127865 -3.14159265 3.14159265
1687940916.60218811 0.114713887 -0.00359212146 -5.34307291e-313 0.99999883 0 0 0.00152945753 0 0 0 0.00305891626 -0 0
1687940916.70304894 0.119956738 -0.0155630445 -5.34307291e-313 0.999998128 0 0 0.00193519399 0 0 0 0.00387039039 -0 0
1687940916.80391598 0.148122311 0.014064645 -5.34307291e-313 0.9999995 0 0 0.000999758927 0 0 0 0.00199951819 -0 0
1687940916.90476012 0.0800166111 0.109968074 -5.34307291e-313 0.999998573 0 0 0.0016894136 0 0 0 0.0033788288 -0 0
1687940917.00562477 0.135834975 -0.019683324 -5.93674767e-313 0.999999996 0 0 8.80596112e-05 0 0 0 0.000176119223 -0 0
1687940917.1064868 0.102959201 0.0800442887 -4.85733901e-313 0.999999681 0 0 0.000798347675 0 0 0 0.00159669552 -0 0
1687940917.20735455 0.166124015 -0.0128890616 -5.34307291e-313 0.99999873 0 0 -0.00159364378 0 0 0 3.13840536 -3.14159265 3.14159265
1687940917.30819774 0.138002056 -0.0239173842 -5.93674767e-313 0.999999878 0 0 -0.000493393155 0 0 0 3.14060587 -3.14159265 3.14159265
1687940917.4090867 0.121888809 0.0137989174 -5.93674767e-313 0.999999959 0 0 -0.000286013793 0 0 0 3.14102063 -3.14159265 3.14159265
1687940917.50993013 0.242544907 -0.0884907314 -5.34307291e-313 0.999999067 0 0 0.00136637091 0 0 0 0.00273274267 -0 0
1687940917.61077738 -0.0615297505 -0.0420207524 -5.93674767e-313 0.999951917 0 0 0.00980633073 0 0 0 0.0196129758 -0 0
1687940917.71163607 0.1713727 0.0346212556 -7.6329613e-313 0.999999629 0 0 0.000861221491 0 0 0 0.00172244319 -0 0
1687940917.81252027 0.171207629 0.0280071615 -6.67884113e-313 0.99999648 0 0 0.00265329569 0 0 0 0.0053065976 -0 0
1687940918.01424217 0.250740485 0.0441275635 -6.67884113e-313 0.999992609 0 0 0.00384480452 0 0 0 0.00768962799 -0 0
1687940918.11510611 0.0777521836 0.111023145 -4.85733901e-313 0.999994664 0 0 0.00326683867 0 0 0 0.00653368896 -0 0
1687940918.21594596 0.134012859 -0.0171591465 -5.93674767e-313 0.999994619 0 0 0.00328052419 0 0 0 0.00656106015 -0 0
1687940918.31682396 0.121006797 0.0170888311 -5.34307291e-313 0.999999808 0 0 0.000619823552 0 0 0 0.00123964718 -0 0
1687940918.41766715 0.10612933 0.00789510429 -5.34307291e-313 0.999998907 0 0 0.00147864899 0 0 0 0.00295729907 -0 0
1687940918.51851511 0.0890723835 0.0120074738 -5.93674767e-313 0.999998225 0 0 0.00188410874 0 0 0 0.0037682197 -0 0
1687940918.61937881 0.147410248 0.0185586609 -7.6329613e-313 0.999997475 0 0 0.00224722897 0 0 0 0.00449446171 -0 0
1687940918.72026491 0.169902739 -0.0042652651 -7.6329613e-313 0.999994012 0 0 0.00346051188 0 0 0 0.00692103758 -0 0
1687940918.8211062 0.116567847 0.0469586821 -6.67884113e-313 0.999999957 0 0 -0.000293405742 0 0 0 3.14100584 -3.14159265 3.14159265
1687940918.92198467 0.168000042 0.0439083639 -5.93674767e-313 0.999998266 0 0 0.00186205407 0 0 0 0.00372411028 -0 0
1687940919.02281237 0.119061495 0.000744122341 -5.93674767e-313 0.999996674 0 0 0.002579089 0 0 0 0.00515818373 -0 0
1687940919.12367702 0.131457695 0.0321759751 -5.93674767e-313 0.999998418 0 0 0.00177877913 0 0 0 0.00355756014 -0 0
1687940919.22454405 0.113475456 0.0207757564 -5.93674767e-313 0.999998195 0 0 0.00190003509 0 0 0 0.00380007246 -0 0
1687940919.32542419 0.0854582941 0.0393001042 -6.67884113e-313 0.999999587 0 0 0.000908549719 0 0 0 0.00181709969 -0 0
1687940919.42625356 0.131458707 0.0257416959 -6.67884113e-313 0.999998467 0 0 0.00175077014 0 0 0 0.00350154208 -0 0
1687940919.52711487 0.148126918 0.00874026977 -6.67884113e-313 0.999991006 0 0 0.00424115715 0 0 0 0.00848233972 -0 0
1687940919.62797737 0.0437984636 0.118801713 -5.93674767e-313 0.999997154 0 0 0.0023859742 0 0 0 0.00477195292 -0 0
1687940919.7288444 0.148377546 0.00812634375 -6.67884113e-313 0.999996421 0 0 0.0026753599 0 0 0 0.00535072618 -0 0
1687940919.82969952 0.114817587 -0.00116005331 -6.67884113e-313 0.999999969 0 0 0.000249038949 0 0 0 0.000498077902 -0 0
1687940919.93056583 0.0914845418 -0.00187820456 -4.85733901e-313 0.999999134 0 0 -0.00131619201 0 0 0 3.13896027 -3.14159265 3.14159265
1687940920.03145027 0.0707797219 -0.0166705054 -4.45256076e-313 0.999999712 0 0 -0.000759484363 0 0 0 3.14007368 -3.14159265 3.14159265
1687940920.13226819 0.093034331 -0.021786941 -4.45256076e-313 0.999999932 0 0 0.00036894197 0 0 0 0.000737883957 -0 0
1687940920.23316431 0.123108116 -0.00202367901 -4.11005608e-313 0.999999974 0 0 -0.000226534223 0 0 0 3.14113959 -3.14159265 3.14159265
1687940920.33400893 0.104038699 -0.00974256309 -3.81648065e-313 0.999999936 0 0 -0.00035842748 0 0 0 3.1408758 -3.14159265 3.14159265
1687940920.43486118 0.126184015 -0.0234942767 -4.45256076e-313 0.99999999 0 0 -0.000141061363 0 0 0 3.14131053 -3.14159265 3.14159265
1687940920.53570652 0.0776053254 0.0118645312 -4.85733901e-313 0.999998547 0 0 -0.00170455062 0 0 0 3.13818355 -3.14159265 3.14159265
1687940920.63656521 0.121951904 -0.0287092404 -4.45256076e-313 0.999999965 0 0 0.000263272864 0 0 0 0.000526545734 -0 0
1687940920.73746252 0.0784642414 -0.00196245155 -4.45256076e-313 0.999999632 0 0 -0.000858231818 0 0 0 3.13987619 -3.14159265 3.14159265
1687940920.83829641 0.113528742 -0.0226964891 -5.34307291e-313 0.999999633 0 0 0.000856599941 0 0 0 0.00171320009 -0 0
1687940920.93915892 0.0837137568 -0.00346723318 -5.34307291e-313 0.999999472 0 0 0.00102729128 0 0 0 0.00205458292 -0 0
1687940921.04000139 0.102534535 -0.0104203721 -4.11005608e-313 0.999999829 0 0 0.000584400707 0 0 0 0.00116880148 -0 0
1687940921.14089227 0.0854586311 -0.00473092533 -5.34307291e-313 0.999999535 0 0 0.000964601392 0 0 0 0.00192920308 -0 0
1687940921.24175024 0.0712101114 0.0673730358 -4.85733901e-313 0.999995845 0 0 0.00288279919 0 0 0 0.00576560636 -0 0
1687940921.34260941 0.0863848538 -0.0105911088 -4.85733901e-313 0.999999638 0 0 0.000851162902 0 0 0 0.00170232601 -0 0
1687940921.44344616 0.0986496395 -0.0213527756 -4.11005608e-313 0.999999838 0 0 -0.000569649794 0 0 0 3.14045335 -3.14159265 3.14159265
1687940921.54432511 0.0999894288 -0.00489031624 -4.45256076e-313 0.999999723 0 0 -0.000744514979 0 0 0 3.14010362 -3.14159265 3.14159265
1687940921.64518785 0.0946644805 0.0104683485 -4.45256076e-313 0.999999684 0 0 -0.000794733077 0 0 0 3.14000319 -3.14159265 3.14159265
1687940921.74603653 0.0994131453 -0.0127343956 -4.85733901e-313 0.999999912 0 0 -0.000420393881 0 0 0 3.14075187 -3.14159265 3.14159265
1687940921.84689474 0.100931138 -0.00996782735 -4.85733901e-313 0.999999986 0 0 -0.000167353732 0 0 0 3.14125795 -3.14159265 3.14159265
1687940921.94774103 0.0976266043 -0.00890285053 -4.85733901e-313 0.999999861 0 0 -0.000526810226 0 0 0 3.14053903 -3.14159265 3.14159265
1687940922.04861879 0.0888438513 0.0786841314 -4.85733901e-313 0.999991577 0 0 0.0041044935 0 0 0 0.00820901004 -0 0
1687940922.14945698 0.103192768 -0.00910933288 -5.34307291e-313 0.99999996 0 0 -0.000282247819 0 0 0 3.14102816 -3.14159265 3.14159265
1687940922.25031805 0.0983873432 -0.00871515949 -4.85733901e-313 0.99999996 0 0 -0.000283291275 0 0 0 3.14102607 -3.14159265 3.14159265
1687940922.35118008 0.110684386 -0.0134415297 -4.85733901e-313 0.999999996 0 0 -8.67888148e-05 0 0 0 3.14141908 -3.14159265 3.14159265
1687940922.45205212 0.0583684121 -0.00218970181 -5.34307291e-313 0.999999456 0 0 -0.00104350121 0 0 0 3.13950565 -3.14159265 3.14159265
1687940922.55484915 0.120984617 -0.0100609857 -4.45256076e-313 0.999998615 0 0 -0.0016643766 0 0 0 3.1382639 -3.14159265 3.14159265
1687940922.65375662 0.119623615 -0.0266298489 -5.34307291e-313 0.999999485 0 0 -0.00101471473 0 0 0 3.13956322 -3.14159265 3.14159265
1687940922.75463438 0.100906132 -0.0138248164 -5.34307291e-313 0.99999794 0 0 -0.00202953808 0 0 0 3.13753357 -3.14159265 3.14159265
1687940922.85549903 0.108372648 -0.0213109413 -5.34307291e-313 0.999998786 0 0 -0.00155793889 0 0 0 3.13847677 -3.14159265 3.14159265
1687940922.95634747 0.108851916 -0.0264862445 -5.93674767e-313 0.999997594 0 0 -0.00219368922 0 0 0 3.13720527 -3.14159265 3.14159265
1687940923.05719805 0.0811228699 -0.00859760811 -5.93674767e-313 0.999995597 0 0 -0.00296757233 0 0 0 3.1356575 -3.14159265 3.14159265
1687940923.15808296 0.128966451 -0.0382057107 -5.93674767e-313 0.999998103 0 0 -0.00194781602 0 0 0 3.13769702 -3.14159265 3.14159265
1687940923.25891829 0.10487277 -0.0273475505 -6.67884113e-313 0.999993707 0 0 -0.00354779756 0 0 0 3.13449704 -3.14159265 3.14159265
1687940923.3597908 0.119992586 -0.0291179212 -5.93674767e-313 0.999999166 0 0 -0.00129124109 0 0 0 3.13901017 -3.14159265 3.14159265
1687940923.46063185 0.106433501 -0.0239192255 -6.67884113e-313 0.999995975 0 0 -0.0028374082 0 0 0 3.13591783 -3.14159265 3.14159265
1687940923.56151485 0.107377402 -0.0135239149 -6.67884113e-313 0.999998922 0 0 -0.00146818292 0 0 0 3.13865629 -3.14159265 3.14159265
1687940923.66236115 0.130710808 -0.0296954577 -5.34307291e-313 0.999999682 0 0 -0.000798052475 0 0 0 3.13999655 -3.14159265 3.14159265
1687940923.76322484 0.0898085796 -0.0185167959 -5.93674767e-313 0.999999814 0 0 -0.000609823621 0 0 0 3.14037301 -3.14159265 3.14159265
1687940923.86410093 0.119174988 -0.0142047316 -5.93674767e-313 0.999999995 0 0 -9.62557878e-05 0 0 0 3.14140014 -3.14159265 3.14159265
1687940923.9649334 0.142271491 -0.0113421773 -5.34307291e-313 0.999999986 0 0 -0.000170281101 0 0 0 3.14125209 -3.14159265 3.14159265
1687940924.0658164 0.124362901 -0.0022584305 -5.34307291e-313 0.999999669 0 0 -0.000813851892 0 0 0 3.13996495 -3.14159265 3.14159265
1687940924.16666269 0.0890268448 -0.0139987523 -5.34307291e-313 0.999999945 0 0 0.000330419865 0 0 0 0.000660839743 -0 0
1687940924.26750898 0.115250956 0.00819154462 -5.34307291e-313 0.999999561 0 0 -0.000937018724 0 0 0 3.13971862 -3.14159265 3.14159265
1687940924.36837149 0.112815214 -0.012630494 -5.93674767e-313 0.999999286 0 0 0.0011952051 0 0 0 0.00239041077 -0 0
1687940924.46926737 0.144025343 0.0122029407 -6.67884113e-313 0.999999578 0 0 -0.000918501906 0 0 0 3.13975565 -3.14159265 3.14159265
1687940924.57010937 0.10763064 0.00601087833 -8.90512151e-313 0.999999107 0 0 0.00133645974 0 0 0 0.00267292027 -0 0
1687940924.67095089 0.143720264 0.0184757881 -7.6329613e-313 0.999999921 0 0 0.000397238271 0 0 0 0.000794476564 -0 0
1687940924.77180719 0.157601259 0.0116991607 -7.6329613e-313 0.999999764 0 0 0.000687382722 0 0 0 0.00137476555 -0 0
1687940924.87269068 0.131837332 0.00652786826 -8.90512151e-313 0.999999254 0 0 0.00122110125 0 0 0 0.0024422031 -0 0
1687940924.97353101 0.121704257 0.0231906497 -6.67884113e-313 0.99999994 0 0 -0.000347232704 0 0 0 3.14089819 -3.14159265 3.14159265
1687940925.07439995 0.101802952 0.00273162127 -7.6329613e-313 0.999999859 0 0 -0.000531044861 0 0 0 3.14053056 -3.14159265 3.14159265
1687940925.17524576 0.128117712 0.0061055952 -6.67884113e-313 0.999999968 0 0 0.00025296629 0 0 0 0.000505932585 -0 0
1687940925.27615404 0.114703751 0.00995292334 -5.34307291e-313 0.999998946 0 0 0.00145208317 0 0 0 0.00290416737 -0 0
1687940925.37697124 0.132022748 0.0120072772 -8.90512151e-313 0.999998589 0 0 0.00167986193 0 0 0 0.00335972543 -0 0
1687940925.47782397 0.1309453 0.00659580018 -8.90512151e-313 0.999997096 0 0 0.00241008631 0 0 0 0.00482017728 -0 0
1687940925.57868242 0.126218125 0.0279702131 -7.6329613e-313 0.999999595 0 0 0.000899677175 0 0 0 0.00179935459 -0 0
1687940925.67955303 0.129471498 0.0372933191 -6.67884113e-313 0.999996337 0 0 0.00270660723 0 0 0 0.00541322106 -0 0
1687940925.78041887 0.12568745 0.0224397728 -5.93674767e-313 0.999994534 0 0 0.00330642614 0 0 0 0.00661286433 -0 0
1687940925.88128066 0.132061355 0.0257615423 -6.67884113e-313 0.999991761 0 0 0.00405927298 0 0 0 0.00811856826 -0 0
1687940925.98215437 0.161107681 0.0214640361 -5.34307291e-313 0.999990606 0 0 0.00433444989 0 0 0 0.00866892692 -0 0
1687940926.08298802 0.0693414379 -0.0762836528 -4.85733901e-313 0.999997023 0 0 0.00244005114 0 0 0 0.00488010712 -0 0
1687940926.18387127 0.16259709 0.0291467805 -6.67884113e-313 0.999998609 0 0 0.00166795347 0 0 0 0.00333590849 -0 0
1687940926.28470755 0.249012213 0.0764758366 -5.34307291e-313 0.999997807 0 0 0.00209415813 0 0 0 0.00418831933 -0 0
1687940926.38556004 -0.000575541554 -0.0570893673 -5.34307291e-313 0.999999324 0 0 -0.00116297887 0 0 0 3.1392667 -3.14159265 3.14159265
1687940926.48642659 0.111035939 0.0318285246 -5.93674767e-313 0.999999857 0 0 -0.000533933953 0 0 0 3.14052479 -3.14159265 3.14159265
1687940926.5872879 0.145306152 0.012532884 -8.90512151e-313 0.999999554 0 0 0.000943981922 0 0 0 0.00188796412 -0 0
1687940926.68814135 0.138135465 -0.0138802266 -6.67884113e-313 0.999998919 0 0 0.00147019765 0 0 0 0.00294039637 -0 0
1687940926.78900433 0.121693933 -0.00734918986 -5.93674767e-313 0.999999386 0 0 0.00110859403 0 0 0 0.00221718852 -0 0
1687940926.88988304 0.167382776 0.0219728851 -5.34307291e-313 0.999997813 0 0 -0.00209128739 0 0 0 3.13741008 -3.14159265 3.14159265
1687940926.99072504 0.130174034 -0.0263835869 -5.93674767e-313 0.999999515 0 0 -0.00098462893 0 0 0 3.1396234 -3.14159265 3.14159265
1687940927.09159088 0.129348593 0.00142148599 -6.67884113e-313 0.999999349 0 0 -0.00114134601 0 0 0 3.13930996 -3.14159265 3.14159265
1687940927.19245172 0.149152745 -0.012321966 -5.93674767e-313 0.999999956 0 0 -0.000295785796 0 0 0 3.14100108 -3.14159265 3.14159265
1687940927.29329395 0.0895306251 -0.0100383725 -5.93674767e-313 0.99999998 0 0 -0.000199051343 0 0 0 3.14119455 -3.14159265 3.14159265
1687940927.39416695 0.138530475 -0.0154572499 -6.67884113e-313 0.999999894 0 0 0.000459896522 0 0 0 0.000919793077 -0 0
1687940927.49502587 0.137928899 0.000130646743 -6.67884113e-313 0.99999993 0 0 -0.000374605584 0 0 0 3.14084344 -3.14159265 3.14159265
1687940927.59588766 0.135121559 0.00740865695 -6.67884113e-313 1 0 0 -7.68399642e-06 0 0 0 3.14157729 -3.14159265 3.14159265
1687940927.69676328 0.10479437 -0.00285712386 -5.93674767e-313 0.999999582 0 0 -0.000914364829 0 0 0 3.13976392 -3.14159265 3.14159265
1687940927.79762435 0.166417169 -0.0371714222 -8.90512151e-313 0.999999999 0 0 5.35641863e-05 0 0 0 0.000107128373 -0 0
1687940927.898458 0.109086067 -0.00467915766 -8.90512151e-313 0.999999686 0 0 -0.00079261515 0 0 0 3.14000742 -3.14159265 3.14159265
1687940927.99931192 0.128207466 0.00546008534 -8.90512151e-313 0.999999263 0 0 -0.0012142919 0 0 0 3.13916407 -3.14159265 3.14159265
1687940928.10020781 0.35022491 -0.0933652938 -8.90512151e-313 0.999987661 0 0 0.00496767838 0 0 0 0.00993539762 -0 0
1687940928.20105219 0.126692608 0.0178232684 -8.90512151e-313 0.999982687 0 0 -0.00588443983 0 0 0 3.12982371 -3.14159265 3.14159265
1687940928.30189848 0.133585256 -0.0263144819 -1.06861458e-312 0.999987102 0 0 -0.00507902526 0 0 0 3.13143456 -3.14159265 3.14159265
1687940928.40276814 0.142863082 -0.0842164057 -1.33576823e-312 0.999991666 0 0 -0.0040826812 0 0 0 3.13342727 -3.14159265 3.14159265
1687940928.50361109 0.108129512 -0.0301500152 -8.90512151e-313 0.999952881 0 0 -0.00970754363 0 0 0 3.12217726 -3.14159265 3.14159265
1687940928.60486054 0.274362595 -0.117672458 -5.93674767e-313 0.999981182 0 0 -0.00613479389 0 0 0 3.12932299 -3.14159265 3.14159265
1687940928.70533991 0.12257703 -0.0714593384 -5.34307291e-313 0.999982316 0 0 -0.00594700315 0 0 0 3.12969858 -3.14159265 3.14159265
1687940928.80618978 0.119046893 -0.0623980005 -7.6329613e-313 0.999988508 0 0 -0.00479405274 0 0 0 3.13200451 -3.14159265 3.14159265
1687940928.90708494 0.132288528 -0.0576117181 -8.90512151e-313 0.999984003 0 0 -0.00565631142 0 0 0 3.13027997 -3.14159265 3.14159265
1687940929.00792789 0.130807447 -0.0480668901 -8.90512151e-313 0.999986497 0 0 -0.00519672083 0 0 0 3.13119917 -3.14159265 3.14159265
1687940929.10876799 0.224840376 -0.112885665 -5.93674767e-313 0.999994518 0 0 -0.00331125975 0 0 0 3.13497012 -3.14159265 3.14159265
1687940929.2096262 0.125360344 -0.0524595042 -6.67884113e-313 0.999990787 0 0 -0.00429259347 0 0 0 3.13300744 -3.14159265 3.14159265
1687940929.31051493 0.107344982 -0.0353173533 -5.34307291e-313 0.999982928 0 0 -0.00584320987 0 0 0 3.12990617 -3.14159265 3.14159265
1687940929.41136432 0.135535124 -0.0208676619 -5.93674767e-313 0.999986509 0 0 -0.00519430976 0 0 0 3.13120399 -3.14159265 3.14159265
1687940929.51221275 0.134625266 -0.0697056326 -5.93674767e-313 0.999990511 0 0 -0.00435634593 0 0 0 3.13287993 -3.14159265 3.14159265
1687940929.61309767 0.126864051 -0.0328834255 -7.6329613e-313 0.99999482 0 0 -0.00321879282 0 0 0 3.13515506 -3.14159265 3.14159265
1687940929.71392345 0.109005242 -0.0310349974 -1.06861458e-312 0.999999278 0 0 -0.0012013184 0 0 0 3.13919002 -3.14159265 3.14159265
1687940929.81481242 0.148917165 -0.0248195457 -8.90512151e-313 0.999999986 0 0 0.000169782582 0 0 0 0.000339565166 -0 0
1687940929.91564631 0.103332333 -0.0104939818 -8.90512151e-313 0.99999946 0 0 0.00103970911 0 0 0 0.00207941859 -0 0
1687940930.01650643 0.133523111 0.0108543823 -1.06861458e-312 0.999998892 0 0 0.00148840009 0 0 0 0.00297680129 -0 0
1687940930.11736441 0.123218573 -0.00580760894 -8.90512151e-313 0.999991306 0 0 0.00416976595 0 0 0 0.00833955607 -0 0
1687940930.21822691 0.138906343 0.0108195917 -7.6329613e-313 0.999997702 0 0 0.00214386716 0 0 0 0.0042877376 -0 0
1687940930.31910491 0.136612239 0.00895933661 -6.67884113e-313 0.999998177 0 0 0.00190951321 0 0 0 0.00381902874 -0 0
1687940930.41995502 0.139185143 0.029705795 -6.67884113e-313 0.999999758 0 0 0.000695738912 0 0 0 0.00139147794 -0 0
1687940930.52083111 0.148535164 0.00888411388 -6.67884113e-313 0.999999116 0 0 0.00133002465 0 0 0 0.00266005009 -0 0
1687940930.6216712 0.132394749 0.0149079992 -5.93674767e-313 0.999999949 0 0 0.000318258883 0 0 0 0.000636517776 -0 0
1687940930.72254443 0.127214449 -0.0355596635 -7.6329613e-313 0.999998666 0 0 0.00163311326 0 0 0 0.00326622797 -0 0
1687940930.82340717 0.14201806 -0.00907176613 -8.90512151e-313 0.999999989 0 0 0.000150364114 0 0 0 0.000300728228 -0 0
1687940930.92426896 0.135567988 -0.0409251127 -6.67884113e-313 0.999998834 0 0 0.00152681422 0 0 0 0.00305362962 -0 0
1687940931.02509785 0.156238567 0.0234706418 -6.67884113e-313 0.999999915 0 0 0.000412429952 0 0 0 0.000824859927 -0 0
1687940931.1259706 0.133228347 -0.00317837606 -6.67884113e-313 0.999998786 0 0 0.00155813775 0 0 0 0.00311627676 -0 0
1687940931.22776556 0.127497699 -0.00289828499 -6.67884113e-313 0.999997097 0 0 0.00240944204 0 0 0 0.00481888875 -0 0
1687940931.32767963 0.147940801 0.00648822871 -5.93674767e-313 0.999997529 0 0 0.00222306887 0 0 0 0.00444614141 -0 0
1687940931.42856073 0.116020217 0.0157057521 -5.93674767e-313 0.999998249 0 0 0.00187134944 0 0 0 0.00374270106 -0 0
1687940931.52942991 0.0966813006 0.0376148496 -5.93674767e-313 0.999999941 0 0 0.000343737442 0 0 0 0.000687474897 -0 0
1687940931.63026714 0.131381463 0.00037922671 -5.93674767e-313 0.999999743 0 0 0.000716661699 0 0 0 0.00143332352 -0 0
1687940931.73111677 0.121008929 -0.00701461111 -6.67884113e-313 0.999999694 0 0 -0.000782417211 0 0 0 3.14002782 -3.14159265 3.14159265
1687940931.83199072 0.144768883 -0.00584394956 -6.67884113e-313 0.999999934 0 0 -0.000363771558 0 0 0 3.14086511 -3.14159265 3.14159265
1687940931.93286419 0.124885911 -0.00119304068 -7.6329613e-313 0.999999613 0 0 -0.000879806791 0 0 0 3.13983304 -3.14159265 3.14159265
1687940932.03373361 0.141417895 0.00709097176 -6.67884113e-313 0.999999854 0 0 -0.000540564473 0 0 0 3.14051152 -3.14159265 3.14159265
1687940932.13455629 0.137213787 0.0196562018 -6.67884113e-313 0.999999819 0 0 0.000601017476 0 0 0 0.00120203502 -0 0
1687940932.23541594 0.123854228 0.0430917332 -8.90512151e-313 0.999999893 0 0 0.000462051801 0 0 0 0.000924103634 -0 0
1687940932.33629656 0.141307307 0.0242620623 -1.06861458e-312 0.999999594 0 0 0.000900626084 0 0 0 0.00180125241 -0 0
1687940932.43714285 0.128946171 0.0338625397 -1.06861458e-312 0.99999986 0 0 0.000529847519 0 0 0 0.00105969509 -0 0
1687940932.53800583 0.125368542 0.0175607785 -8.90512151e-313 0.999999506 0 0 0.000994453373 0 0 0 0.00198890707 -0 0
1687940932.63885736 0.131737047 -0.00179514893 -7.6329613e-313 0.999999008 0 0 0.00140822651 0 0 0 0.00281645396 -0 0
1687940932.73973703 0.15423162 0.00913025381 -1.06861458e-312 0.999998753 0 0 0.00157903806 0 0 0 0.00315807743 -0 0
1687940932.84058595 0.123778639 0.0182636352 -8.90512151e-313 0.999997371 0 0 0.00229290259 0 0 0 0.0045858092 -0 0
1687940932.94143152 0.144155722 0.0227136367 -6.67884113e-313 0.999996299 0 0 0.00272074259 0 0 0 0.00544149189 -0 0
1687940933.04232454 0.100837674 0.0125169171 -1.33576823e-312 0.999984104 0 0 0.00563835088 0 0 0 0.0112767615 -0 0
1687940933.14318609 0.161962123 0.109713947 -1.33576823e-312 0.999999987 0 0 0.000161273843 0 0 0 0.000322547688 -0 0
1687940933.24401665 0.140339681 0.0345646192 -1.33576823e-312 0.999995236 0 0 0.00308685436 0 0 0 0.00617371852 -0 0
1687940933.34491062 0.128596066 0.0386546661 -1.06861458e-312 0.999996138 0 0 0.00277919848 0 0 0 0.00555840411 -0 0
1687940933.44574356 0.0910365739 0.0679642079 -8.90512151e-313 0.999996266 0 0 0.00273278237 0 0 0 0.00546557154 -0 0
1687940933.54660463 0.0649184022 0.0630344567 -7.6329613e-313 0.999990701 0 0 0.00431261562 0 0 0 0.00862525798 -0 0
1687940933.64746284 0.220479628 0.0657903595 -1.33576823e-312 0.999994666 0 0 0.00326633696 0 0 0 0.00653268555 -0 0
1687940933.74830818 0.1287901 0.0380107918 -1.06861458e-312 0.999983767 0 0 0.00569790244 0 0 0 0.0113958665 -0 0
1687940933.84919572 0.130322461 0.0328575209 -1.06861458e-312 0.999984926 0 0 0.00549068864 0 0 0 0.0109814325 -0 0
1687940933.9500525 0.156729836 0.121953796 -8.90512151e-313 0.999997349 0 0 0.00230250228 0 0 0 0.00460500863 -0 0
1687940934.05089521 0.112033769 0.0254555531 -8.90512151e-313 0.999985774 0 0 0.00533399252 0 0 0 0.0106680356 -0 0
1687940934.15174747 0.118230085 0.0646222668 -8.90512151e-313 0.999997704 0 0 0.00214278504 0 0 0 0.00428557335 -0 0
1687940934.25260639 0.131331405 0.0106026025 -1.06861458e-312 0.999998498 0 0 0.00173318626 0 0 0 0.00346637426 -0 0
1687940934.35347009 0.110210428 -0.0345470242 -1.06861458e-312 0.999997798 0 0 0.00209867114 0 0 0 0.00419734536 -0 0
1687940934.45435834 0.117947686 0.0106385107 -8.90512151e-313 0.999999462 0 0 -0.00103703453 0 0 0 3.13951858 -3.14159265 3.14159265
1687940934.55519819 0.166459477 -0.0390339853 -8.90512151e-313 0.999998994 0 0 0.00141862842 0 0 0 0.00283725778 -0 0
1687940934.65604544 0.143214364 -0.0236457891 -1.06861458e-312 0.999999445 0 0 0.00105325034 0 0 0 0.00210650108 -0 0
1687940934.75691056 0.125065199 -0.00884214905 -7.6329613e-313 0.999998066 0 0 0.00196667356 0 0 0 0.00393334966 -0 0
1687940934.85777187 0.128207122 0.0141627885 -8.90512151e-313 0.999999996 0 0 9.17683805e-05 0 0 0 0.000183536761 -0 0
1687940934.95963192 0.139021305 -0.020892029 -8.90512151e-313 0.999999664 0 0 0.000820073756 0 0 0 0.0016401477 -0 0
1687940935.05951118 0.136075589 0.0032075694 -7.6329613e-313 0.999999633 0 0 -0.000857155995 0 0 0 3.13987834 -3.14159265 3.14159265
1687940935.16034484 0.18376975 -0.0188960907 -7.6329613e-313 0.999999991 0 0 -0.000131963852 0 0 0 3.14132873 -3.14159265 3.14159265
1687940935.2612114 0.113436998 -0.0159921412 -6.67884113e-313 0.999999649 0 0 -0.00083771041 0 0 0 3.13991723 -3.14159265 3.14159265
1687940935.36217403 0.122758948 -0.013119774 -6.67884113e-313 0.999998567 0 0 -0.00169292821 0 0 0 3.1382068 -3.14159265 3.14159265
1687940935.46293688 0.141513035 -2.81326557e-05 -6.67884113e-313 0.999999152 0 0 -0.00130196321 0 0 0 3.13898873 -3.14159265 3.14159265
1687940935.56381178 0.129264628 -0.0138280033 -7.6329613e-313 0.999998934 0 0 -0.00146032028 0 0 0 3.13867201 -3.14159265 3.14159265
1687940935.66466141 0.159955322 -0.0201982617 -8.90512151e-313 0.999998986 0 0 -0.00142414188 0 0 0 3.13874437 -3.14159265 3.14159265
1687940935.76550627 0.0827741317 -0.0153050415 -8.90512151e-313 0.999998573 0 0 -0.0016891152 0 0 0 3.13821442 -3.14159265 3.14159265
1687940935.86638165 0.108765729 -0.0159459532 -8.90512151e-313 0.99999763 0 0 -0.00217718517 0 0 0 3.13723828 -3.14159265 3.14159265
1687940935.96721816 0.119209246 -0.168766693 -1.33576823e-312 0.999998267 0 0 0.00186183079 0 0 0 0.00372366374 -0 0
1687940936.06810093 0.147961044 -0.0699586475 -1.33576823e-312 0.999997383 0 0 -0.0022876227 0 0 0 3.1370174 -3.14159265 3.14159265
1687940936.16895008 0.0954927786 -0.0932514521 -1.06861458e-312 0.999998306 0 0 -0.00184050221 0 0 0 3.13791165 -3.14159265 3.14159265
1687940936.26981783 0.111273792 -0.0321499696 -1.33576823e-312 0.999998586 0 0 -0.0016818719 0 0 0 3.13822891 -3.14159265 3.14159265
1687940936.37068796 0.126898511 -0.0516964794 -1.06861458e-312 0.999999532 0 0 -0.000967236634 0 0 0 3.13965818 -3.14159265 3.14159265
1687940936.47153664 0.150361844 -0.0323853627 -1.06861458e-312 0.999996626 0 0 -0.00259766323 0 0 0 3.13639732 -3.14159265 3.14159265
1687940936.57238626 0.112195972 -0.0165861248 -8.90512151e-313 0.999995522 0 0 -0.00299268672 0 0 0 3.13560727 -3.14159265 3.14159265
1687940936.67325163 0.0574421208 -0.0221481416 -7.6329613e-313 1 0 0 2.35056991e-05 0 0 0 4.70113981e-05 -0 0
1687940936.77409601 0.12615748 -0.0518181809 -5.93674767e-313 0.99999994 0 0 -0.00034723299 0 0 0 3.14089819 -3.14159265 3.14159265
1687940936.87497258 0.184845563 -0.0582244175 -6.67884113e-313 0.999996713 0 0 -0.00256416858 0 0 0 3.13646431 -3.14159265 3.14159265
1687940936.97583151 0.118594268 -0.00935769491 -8.90512151e-313 0.999999912 0 0 -0.000419539641 0 0 0 3.14075357 -3.14159265 3.14159265
1687940937.07667542 0.133791954 -0.00615882194 -8.90512151e-313 0.99999992 0 0 0.000399359811 0 0 0 0.000798719643 -0 0
1687940937.17753363 0.125706734 -0.0141295192 -5.34307291e-313 0.999999967 0 0 0.000257146969 0 0 0 0.000514293944 -0 0
1687940937.27841496 0.110767242 0.0179419166 -4.85733901e-313 0.99999965 0 0 0.000837065194 0 0 0 0.00167413058 -0 0
1687940937.37925506 0.161740814 -0.0201049897 -5.34307291e-313 0.999999927 0 0 -0.00038313665 0 0 0 3.14082638 -3.14159265 3.14159265
1687940937.48011303 0.0926699696 -0.0161203598 -6.67884113e-313 0.999999422 0 0 -0.00107558768 0 0 0 3.13944148 -3.14159265 3.14159265
1687940937.58097076 0.138751246 -0.021530798 -6.67884113e-313 0.999999828 0 0 -0.000587047679 0 0 0 3.14041856 -3.14159265 3.14159265
1687940937.68185377 0.0891461178 0.0408142807 -6.67884113e-313 0.999999997 0 0 -8.01188049e-05 0 0 0 3.14143242 -3.14159265 3.14159265
1687940937.78271985 0.102596345 -0.00672308483 -5.93674767e-313 0.999999971 0 0 0.00023914603 0 0 0 0.000478292064 -0 0
1687940937.88359332 0.0907348577 -0.0105327623 -6.67884113e-313 0.999999439 0 0 0.00105942126 0 0 0 0.00211884291 -0 0
1687940937.98442483 0.12915644 0.0209178498 -6.67884113e-313 0.999999958 0 0 -0.000288679218 0 0 0 3.1410153 -3.14159265 3.14159265
1687940938.08528733 0.101596375 0.015238318 -5.93674767e-313 0.999999966 0 0 -0.000259794918 0 0 0 3.14107306 -3.14159265 3.14159265
1687940938.18613911 0.110777967 0.0153081178 -7.6329613e-313 0.99999918 0 0 -0.00128043871 0 0 0 3.13903178 -3.14159265 3.14159265
1687940938.28699374 0.108565866 -0.00730757877 -7.6329613e-313 0.999997934 0 0 -0.00203279792 0 0 0 3.13752705 -3.14159265 3.14159265
1687940938.38786912 0.135498863 -0.0427316924 -7.6329613e-313 0.999998902 0 0 -0.00148169755 0 0 0 3.13862926 -3.14159265 3.14159265
1687940938.48871374 0.0763813826 -0.0108725171 -6.67884113e-313 0.999996213 0 0 -0.00275196805 0 0 0 3.13608871 -3.14159265 3.14159265
1687940938.58962202 0.11924117 -0.0270378871 -7.6329613e-313 0.999999046 0 0 -0.00138113522 0 0 0 3.13883038 -3.14159265 3.14159265
1687940938.6904428 0.124867418 -0.0437962677 -6.67884113e-313 0.999999498 0 0 0.00100179416 0 0 0 0.00200358866 -0 0
1687940938.7912879 0.103039896 0.0184748748 -5.93674767e-313 0.999999968 0 0 -0.000254714176 0 0 0 3.14108323 -3.14159265 3.14159265
1687940938.89215541 0.112472492 -0.00582864706 -5.93674767e-313 0.999999721 0 0 0.000746675973 0 0 0 0.00149335209 -0 0
1687940938.99311781 0.136387674 -0.000423946735 -5.34307291e-313 0.999999799 0 0 -0.000633953654 0 0 0 3.14032475 -3.14159265 3.14159265
1687940939.09389019 0.0982456408 0.0250573145 -4.85733901e-313 0.999998332 0 0 -0.00182660885 0 0 0 3.13793943 -3.14159265 3.14159265
1687940939.19473648 0.139709588 -0.000545951401 -4.85733901e-313 0.999999614 0 0 -0.000878278922 0 0 0 3.1398361 -3.14159265 3.14159265
1687940939.29558778 0.130743737 0.00132173833 -4.11005608e-313 0.999999988 0 0 0.000157947334 0 0 0 0.000315894669 -0 0
1687940939.3964591 0.117047577 -0.0213150009 -4.45256076e-313 0.999998062 0 0 -0.00196858004 0 0 0 3.13765549 -3.14159265 3.14159265
1687940939.49730635 0.106068323 0.0168662562 -4.85733901e-313 0.99999988 0 0 0.000490438841 0 0 0 0.000980877721 -0 0
1687940939.59816504 0.100101092 0.00499274604 -4.45256076e-313 0.99999961 0 0 -0.00088269829 0 0 0 3.13982726 -3.14159265 3.14159265
1687940939.69902277 0.100752457 0.00609043944 -4.11005608e-313 0.999999766 0 0 0.000684009241 0 0 0 0.00136801859 -0 0
1687940939.79988956 0.093695004 0.00133141872 -4.85733901e-313 0.999999992 0 0 -0.000129626418 0 0 0 3.1413334 -3.14159265 3.14159265
1687940939.90098333 0.116769417 -0.0311526848 -4.11005608e-313 0.999999872 0 0 0.000506223027 0 0 0 0.0010124461 -0 0
1687940940.00162745 0.096895506 0.00893598692 -4.45256076e-313 0.999999546 0 0 0.000952496055 0 0 0 0.0019049924 -0 0
1687940940.10246086 0.117232263 0.0198620979 -4.85733901e-313 0.999998731 0 0 0.00159293415 0 0 0 0.00318586964 -0 0
1687940940.20333624 0.110616428 0.0347310263 -4.85733901e-313 0.999998261 0 0 0.00186467267 0 0 0 0.0037293475 -0 0
1687940940.30421305 0.102886724 0.0373951871 -5.34307291e-313 0.999998384 0 0 0.00179796931 0 0 0 0.00359594056 -0 0
1687940940.40507078 0.145362822 0.0246268197 -5.93674767e-313 0.999996644 0 0 0.0025907956 0 0 0 0.005181597 -0 0
1687940940.50590014 0.137273995 0.030315314 -5.93674767e-313 0.999999568 0 0 0.000929648798 0 0 0 0.00185929786 -0 0
1687940940.6067791 0.149025978 0.0174388368 -6.67884113e-313 0.999998006 0 0 0.00199679495 0 0 0 0.00399359256 -0 0
1687940940.70763087 0.152335379 -0.00587827961 -6.67884113e-313 0.999998372 0 0 0.00180455029 0 0 0 0.00360910253 -0 0
1687940940.80847788 0.109708254 0.00638152339 -6.67884113e-313 0.999999913 0 0 0.000417821076 0 0 0 0.000835642177 -0 0
1687940940.90933895 0.140811972 -0.000298492309 -6.67884113e-313 0.9999986 0 0 0.00167313783 0 0 0 0.00334627721 -0 0
1687940941.01020908 0.113437462 0.0189562753 -7.6329613e-313 0.999997442 0 0 0.0022616659 0 0 0 0.00452333565 -0 0
1687940941.11106682 0.105219201 -0.00376875085 -6.67884113e-313 0.999996521 0 0 0.00263772635 0 0 0 0.00527545881 -0 0
1687940941.2119379 0.133927448 0.0268820284 -6.67884113e-313 0.999998684 0 0 0.00162253023 0 0 0 0.00324506188 -0 0
1687940941.31278944 0.111851356 0.0461765591 -6.67884113e-313 0.99999932 0 0 0.0011664942 0 0 0 0.00233298894 -0 0
1687940941.41364813 0.114780316 0.0188844521 -5.93674767e-313 0.99999477 0 0 0.00323426764 0 0 0 0.00646854656 -0 0
1687940941.51450109 0.12097768 0.025203709 -5.93674767e-313 0.999995157 0 0 0.00311222996 0 0 0 0.00622446997 -0 0
1687940941.61537123 0.118140343 0.032736302 -6.67884113e-313 0.999998073 0 0 0.00196291798 0 0 0 0.00392583847 -0 0
1687940941.7162149 0.0160587785 0.208131986 -4.85733901e-313 0.999952955 0 0 -0.00969993138 0 0 0 3.12219249 -3.14159265 3.14159265
1687940941.81708121 0.103714808 -0.00491997502 -4.85733901e-313 0.999999755 0 0 0.000699927935 0 0 0 0.00139985598 -0 0
1687940941.91793299 0.123921585 -0.0132162579 -4.45256076e-313 0.999999586 0 0 -0.000909712425 0 0 0 3.13977323 -3.14159265 3.14159265
1687940942.01879358 0.135692073 -0.0158573601 -4.85733901e-313 0.999999983 0 0 0.000186658801 0 0 0 0.000373317605 -0 0
1687940942.11965322 0.11436615 0.138314328 -3.81648065e-313 0.999998092 0 0 -0.00195340329 0 0 0 3.13768584 -3.14159265 3.14159265
1687940942.22053432 0.158430202 0.0259296325 -5.34307291e-313 0.999996884 0 0 0.00249638673 0 0 0 0.00499277865 -0 0
1687940942.32139349 0.185357006 0.0417174168 -4.85733901e-313 0.99999657 0 0 0.00261910011 0 0 0 0.00523820621 -0 0
1687940942.42223263 0.0834113795 0.0492412502 -4.85733901e-313 0.999996991 0 0 0.00245327075 0 0 0 0.00490654643 -0 0
1687940942.52309036 0.138509864 0.023282882 -5.93674767e-313 0.999997169 0 0 0.00237941467 0 0 0 0.00475883383 -0 0
1687940942.62398195 0.110648836 0.0323346857 -5.93674767e-313 0.999998543 0 0 0.00170713009 0 0 0 0.00341426184 -0 0
1687940942.72482991 0.118968254 -0.00543958121 -5.34307291e-313 0.999998583 0 0 0.00168372879 0 0 0 0.00336745917 -0 0
1687940942.82566977 0.135795899 -0.0155668044 -4.85733901e-313 0.999999994 0 0 0.000108482918 0 0 0 0.000216965837 -0 0
1687940942.92653441 0.126496339 -0.0119004016 -5.34307291e-313 0.999999881 0 0 -0.00048743881 0 0 0 3.14061778 -3.14159265 3.14159265
1687940943.02739406 0.104476065 -0.023779595 -5.34307291e-313 0.99999993 0 0 0.000373235717 0 0 0 0.000746471451 -0 0
1687940943.12829399 0.137599756 -0.00683664134 -5.34307291e-313 0.999999549 0 0 0.000950203074 0 0 0 0.00190040643 -0 0
1687940943.22913742 0.110215411 -0.0186425548 -4.85733901e-313 0.999997904 0 0 0.0020476513 0 0 0 0.00409530547 -0 0
1687940943.32997513 0.120473458 0.0188025196 -4.11005608e-313 0.99999794 0 0 0.0020299511 0 0 0 0.00405990498 -0 0
1687940943.4308598 0.0920446838 0.00616574186 -4.11005608e-313 0.99999989 0 0 0.000468821981 0 0 0 0.000937643997 -0 0
1687940943.53171921 0.114657044 0.00755410264 -4.45256076e-313 0.9999996 0 0 -0.000894567504 0 0 0 3.13980352 -3.14159265 3.14159265
1687940943.63257551 0.142611712 -0.000556744155 -4.45256076e-313 0.999999916 0 0 -0.000409380422 0 0 0 3.14077389 -3.14159265 3.14159265
1687940943.7334044 0.119245313 0.00371527205 -4.45256076e-313 0.99999981 0 0 -0.000616560582 0 0 0 3.14035953 -3.14159265 3.14159265
1687940943.83429241 0.14543484 -0.0127557568 -4.45256076e-313 0.999999991 0 0 0.000130514332 0 0 0 0.000261028665 -0 0
1687940943.93514848 0.109783042 0.00283538331 -4.45256076e-313 1 0 0 -2.78750009e-05 0 0 0 3.1415369 -3.14159265 3.14159265
1687940944.03599691 0.154072062 -0.00861023109 -4.85733901e-313 0.999999678 0 0 -0.000802302589 0 0 0 3.13998805 -3.14159265 3.14159265
1687940944.13684297 0.126474487 -0.016108195 -4.45256076e-313 0.999999353 0 0 -0.00113757334 0 0 0 3.13931751 -3.14159265 3.14159265
1687940944.2377069 0.121414248 0.00141800825 -5.34307291e-313 0.999998948 0 0 -0.00145034784 0 0 0 3.13869196 -3.14159265 3.14159265
1687940944.33857679 0.142730441 0.00262789784 -5.34307291e-313 0.99999843 0 0 -0.00177214243 0 0 0 3.13804837 -3.14159265 3.14159265
1687940944.43942976 0.055328541 0.138051585 -4.45256076e-313 0.999979612 0 0 -0.00638552237 0 0 0 3.12882152 -3.14159265 3.14159265
1687940944.54029012 0.12024062 -0.0119065827 -4.85733901e-313 0.999999292 0 0 -0.00119029068 0 0 0 3.13921207 -3.14159265 3.14159265
1687940944.64114475 0.143810364 -0.02456684 -4.85733901e-313 0.999997773 0 0 -0.00211039416 0 0 0 3.13737186 -3.14159265 3.14159265
1687940944.74202347 0.127123272 -0.0224635499 -3.81648065e-313 0.999999638 0 0 -0.00085031559 0 0 0 3.13989202 -3.14159265 3.14159265
1687940944.84289742 0.0908157887 0.0944513654 -3.81648065e-313 0.9999936 0 0 -0.00357779549 0 0 0 3.13443705 -3.14159265 3.14159265
1687940944.94375324 0.0308894949 0.154831705 -4.85733901e-313 0.999981372 0 0 -0.00610370978 0 0 0 3.12938516 -3.14159265 3.14159265
1687940945.04462171 0.161402632 0.0107268451 -4.45256076e-313 0.99999761 0 0 -0.00218627453 0 0 0 3.1372201 -3.14159265 3.14159265
1687940945.14546347 0.127410593 -0.0346668808 -5.93674767e-313 0.999999623 0 0 -0.000868585251 0 0 0 3.13985548 -3.14159265 3.14159265
1687940945.24630642 0.0315954279 0.157912617 -5.34307291e-313 0.999945674 0 0 -0.0104234619 0 0 0 3.12074535 -3.14159265 3.14159265
1687940945.34716558 0.145414437 -0.0259805555 -5.93674767e-313 0.99999934 0 0 -0.00114881785 0 0 0 3.13929502 -3.14159265 3.14159265
1687940945.44803381 0.144090289 -0.015551912 -4.85733901e-313 0.99999865 0 0 -0.00164337124 0 0 0 3.13830591 -3.14159265 3.14159265
1687940945.54891157 0.151233745 -0.0051177848 -4.45256076e-313 0.999998763 0 0 -0.00157309474 0 0 0 3.13844646 -3.14159265 3.14159265
1687940945.64975595 0.0798178951 -0.0312806831 -4.45256076e-313 0.999999146 0 0 -0.00130696268 0 0 0 3.13897873 -3.14159265 3.14159265
1687940945.75059867 0.142896631 -0.00867316992 -5.34307291e-313 0.999998351 0 0 -0.00181594886 0 0 0 3.13796075 -3.14159265 3.14159265
1687940945.85146117 0.113484888 -0.0188113192 -5.93674767e-313 0.999998579 0 0 -0.00168576167 0 0 0 3.13822113 -3.14159265 3.14159265
1687940945.95233679 0.14315296 -0.0263833949 -5.93674767e-313 0.999997664 0 0 -0.00216132844 0 0 0 3.13726999 -3.14159265 3.14159265
1687940946.05317974 0.134989752 -0.0206591017 -5.93674767e-313 0.999998712 0 0 -0.00160506843 0 0 0 3.13838252 -3.14159265 3.14159265
1687940946.15405035 0.118313988 -0.015126858 -5.93674767e-313 0.999999596 0 0 -0.000898375989 0 0 0 3.1397959 -3.14159265 3.14159265
1687940946.2549088 0.138929753 -0.0220442114 -5.93674767e-313 0.999999763 0 0 -0.000688570361 0 0 0 3.14021551 -3.14159265 3.14159265
1687940946.35578012 0.131529018 -0.0286958628 -5.34307291e-313 0.999999942 0 0 -0.000339560262 0 0 0 3.14091353 -3.14159265 3.14159265
1687940946.4566288 0.121866293 -0.00864595753 -5.34307291e-313 0.99999545 0 0 -0.00301658078 0 0 0 3.13555948 -3.14159265 3.14159265
1687940946.55749035 0.130181849 -0.0278414339 -5.34307291e-313 0.999997475 0 0 -0.00224707957 0 0 0 3.13709849 -3.14159265 3.14159265
1687940946.65833473 0.14586156 -0.0369036759 -4.45256076e-313 0.999995034 0 0 -0.00315157333 0 0 0 3.1352895 -3.14159265 3.14159265
1687940946.75920272 0.147592076 -0.0349140921 -4.11005608e-313 0.999995027 0 0 -0.00315381886 0 0 0 3.13528501 -3.14159265 3.14159265
1687940946.86005592 0.155949667 -0.112489246 -4.11005608e-313 0.999999909 0 0 -0.000427523121 0 0 0 3.14073761 -3.14159265 3.14159265
1687940946.96091127 0.140917101 -0.020978762 -4.45256076e-313 0.999996686 0 0 -0.0025743312 0 0 0 3.13644399 -3.14159265 3.14159265
1687940947.0617981 0.150216893 -0.0352399869 -4.11005608e-313 0.99999669 0 0 -0.00257308462 0 0 0 3.13644648 -3.14159265 3.14159265
1687940947.1626327 0.158834885 -0.0762066816 -4.45256076e-313 0.999998284 0 0 0.00185273287 0 0 0 0.00370546786 -0 0
1687940947.26352859 0.137036649 -0.0304199789 -5.34307291e-313 0.999996845 0 0 -0.00251181521 0 0 0 3.13656902 -3.14159265 3.14159265
1687940947.36436605 0.139754326 -0.00685186519 -5.93674767e-313 0.999993847 0 0 -0.00350798256 0 0 0 3.13457667 -3.14159265 3.14159265
1687940947.46521425 0.163276017 -0.0124903229 -4.45256076e-313 0.99999442 0 0 -0.00334065946 0 0 0 3.13491132 -3.14159265 3.14159265
1687940947.56607056 0.134905693 -0.0194641878 -4.11005608e-313 0.999994249 0 0 -0.00339139626 0 0 0 3.13480985 -3.14159265 3.14159265
1687940947.66695213 0.129051959 -0.0344974304 -3.81648065e-313 0.999990575 0 0 -0.00434157152 0 0 0 3.13290948 -3.14159265 3.14159265
1687940947.76779032 0.121338733 -0.0468246978 -4.45256076e-313 0.99999392 0 0 -0.00348698715 0 0 0 3.13461867 -3.14159265 3.14159265
1687940947.86864758 0.124581824 -0.0335795816 -4.45256076e-313 0.999994189 0 0 -0.00340897167 0 0 0 3.1347747 -3.14159265 3.14159265
1687940948.0703783 0.291519821 -0.102431568 -4.85733901e-313 0.999999421 0 0 -0.00107584813 0 0 0 3.13944096 -3.14159265 3.14159265
1687940948.17125082 0.142821632 -0.00543463001 -5.34307291e-313 0.999997028 0 0 -0.00243806877 0 0 0 3.13671651 -3.14159265 3.14159265
1687940948.27210379 0.0992299571 0.00539534551 -7.6329613e-313 0.999999907 0 0 -0.000431453105 0 0 0 3.14072975 -3.14159265 3.14159265
1687940948.37295461 0.138559116 0.00267864249 -7.6329613e-313 0.999999526 0 0 0.000973898842 0 0 0 0.00194779799 -0 0
1687940948.47383261 0.135532515 0.0121018027 -6.67884113e-313 0.999999776 0 0 -0.000669719933 0 0 0 3.14025321 -3.14159265 3.14159265
1687940948.57467818 0.209669883 0.0115623852 -5.34307291e-313 0.999999442 0 0 0.00105618662 0 0 0 0.00211237362 -0 0
1687940948.67552853 0.0637176541 0.00906831202 -4.85733901e-313 0.99999997 0 0 0.000244120825 0 0 0 0.000488241655 -0 0
1687940948.77639866 0.122876688 0.0266395778 -4.85733901e-313 0.999999803 0 0 -0.000627376875 0 0 0 3.1403379 -3.14159265 3.14159265
1687940948.87726164 0.138330392 0.021168304 -5.93674767e-313 0.999998874 0 0 0.00150065594 0 0 0 0.00300131301 -0 0
1687940948.97813988 0.129077565 -0.0207222703 -5.93674767e-313 0.99999844 0 0 -0.00176628858 0 0 0 3.13806007 -3.14159265 3.14159265
1687940949.07896471 0.101750733 0.0142424736 -7.6329613e-313 0.999998323 0 0 -0.00183155744 0 0 0 3.13792954 -3.14159265 3.14159265
1687940949.17986608 0.100251171 -0.00456343501 -5.34307291e-313 0.999998682 0 0 0.00162345555 0 0 0 0.00324691254 -0 0
1687940949.28070736 0.0740041715 0.00473400643 -6.67884113e-313 0.999997496 0 0 0.00223766964 0 0 0 0.00447534301 -0 0
1687940949.38154984 0.134174921 -0.00139876125 -5.93674767e-313 0.99998938 0 0 0.00460873066 0 0 0 0.00921749396 -0 0
1687940949.48241758 0.0596099438 0.0547510817 -5.93674767e-313 0.999999327 0 0 0.00115978908 0 0 0 0.00231957868 -0 0
1687940949.58326054 0.10781801 0.0512645747 -5.93674767e-313 0.999987596 0 0 0.00498077238 0 0 0 0.00996158596 -0 0
1687940949.68412542 0.0836972067 0.0137923171 -6.67884113e-313 0.999983435 0 0 0.00575577941 0 0 0 0.0115116224 -0 0
1687940949.78500795 0.135606577 0.0740323695 -6.67884113e-313 0.999996572 0 0 0.0026183363 0 0 0 0.00523667859 -0 0
1687940949.88584256 0.0971027052 -0.00464228889 -6.67884113e-313 0.999999779 0 0 0.000665096444 0 0 0 0.00133019299 -0 0
1687940949.98670602 0.0998428029 0.0113686554 -8.90512151e-313 0.999999775 0 0 0.000671275073 0 0 0 0.00134255025 -0 0
1687940950.08760309 0.105811881 -0.0154221056 -8.90512151e-313 0.999997252 0 0 -0.00234414535 0 0 0 3.13690436 -3.14159265 3.14159265
1687940950.18842268 0.094031331 0.0104794258 -7.6329613e-313 0.999999832 0 0 0.000579145109 0 0 0 0.00115829028 -0 0
1687940950.28931713 0.102144073 -0.00328207092 -8.90512151e-313 0.999997856 0 0 0.00207087337 0 0 0 0.00414174971 -0 0
1687940950.39013767 0.131971254 -0.0162424687 -8.90512151e-313 0.999999078 0 0 -0.00135809331 0 0 0 3.13887647 -3.14159265 3.14159265
1687940950.4910264 0.0564835942 0.0448113435 -8.90512151e-313 0.999993688 0 0 0.00355315096 0 0 0 0.00710631687 -0 0
1687940950.591887 0.110150587 0.0199899602 -6.67884113e-313 0.999998183 0 0 -0.00190647611 0 0 0 3.1377797 -3.14159265 3.14159265
1687940950.69271612 0.121436619 0.0321461545 -7.6329613e-313 0.99999992 0 0 0.00040114384 0 0 0 0.000802287702 -0 0
1687940950.79359102 0.0901274766 0.0167078382 -6.67884113e-313 0.999999564 0 0 0.000934068459 0 0 0 0.00186813719 -0 0
1687940950.89446449 0.072162104 0.00673327787 -7.6329613e-313 0.99999952 0 0 -0.000979713557 0 0 0 3.13963323 -3.14159265 3.14159265
1687940950.99531078 0.101478655 -0.0101615741 -7.6329613e-313 0.999999916 0 0 -0.000409284129 0 0 0 3.14077409 -3.14159265 3.14159265
1687940951.09615707 0.0681826996 -0.00467264608 -7.6329613e-313 0.99999994 0 0 0.000345854696 0 0 0 0.000691709405 -0 0
1687940951.19703054 0.0944349184 -0.00503958566 -8.90512151e-313 0.999999984 0 0 -0.000178398787 0 0 0 3.14123586 -3.14159265 3.14159265
1687940951.2979095 0.0896483197 -0.00792099967 -1.06861458e-312 0.999999999 0 0 -5.40533124e-05 0 0 0 3.14148455 -3.14159265 3.14159265
1687940951.39875484 0.125624397 -0.0266765208 -7.6329613e-313 0.99999898 0 0 0.00142803601 0 0 0 0.00285607299 -0 0
1687940951.4995966 0.101406275 -0.00518992639 -6.67884113e-313 0.999999528 0 0 0.000971606605 0 0 0 0.00194321352 -0 0
1687940951.60047483 0.134072304 -0.00485987898 -6.67884113e-313 0.999999753 0 0 0.000703268477 0 0 0 0.00140653707 -0 0
1687940951.70133066 0.0752501795 0.0146765151 -6.67884113e-313 0.999999685 0 0 -0.00079367615 0 0 0 3.1400053 -3.14159265 3.14159265
1687940951.80218983 0.0959771323 0.00133164293 -5.93674767e-313 0.999999595 0 0 -0.000899877524 0 0 0 3.1397929 -3.14159265 3.14159265
1687940951.90306902 0.131583855 -0.00868738755 -6.67884113e-313 0.999999963 0 0 -0.000273728364 0 0 0 3.1410452 -3.14159265 3.14159265
1687940952.00389338 0.0843534243 -0.0125445483 -7.6329613e-313 0.999999904 0 0 -0.000437151211 0 0 0 3.14071835 -3.14159265 3.14159265
1687940952.10475755 0.11945729 0.00802591171 -6.67884113e-313 0.999998127 0 0 -0.00193521907 0 0 0 3.13772221 -3.14159265 3.14159265
1687940952.20561647 0.127657899 0.00110190645 -6.67884113e-313 0.999997982 0 0 -0.00200874109 0 0 0 3.13757517 -3.14159265 3.14159265
1687940952.30648828 0.102265337 -0.00343473743 -6.67884113e-313 0.999999927 0 0 -0.000381712422 0 0 0 3.14082923 -3.14159265 3.14159265
1687940952.40733123 0.105650713 0.0162215078 -7.6329613e-313 0.999999982 0 0 0.000192084665 0 0 0 0.000384169332 -0 0
1687940952.50819254 0.12363549 0.0073144491 -7.6329613e-313 0.999999974 0 0 0.000229516194 0 0 0 0.000459032393 -0 0
1687940952.60905576 0.0721109254 0.0122345361 -7.6329613e-313 0.999999921 0 0 0.000398290804 0 0 0 0.000796581629 -0 0
1687940952.70991659 0.112113185 -0.00074369236 -7.6329613e-313 0.99999999 0 0 -0.000140474582 0 0 0 3.1413117 -3.14159265 3.14159265
1687940952.81077766 0.0959080999 -0.0159659685 -6.67884113e-313 0.999999973 0 0 -0.000233683621 0 0 0 3.14112529 -3.14159265 3.14159265
1687940952.91163731 0.0769986896 -0.00492551476 -5.34307291e-313 0.999998473 0 0 -0.00174728313 0 0 0 3.13809809 -3.14159265 3.14159265
1687940953.0124898 0.114877886 0.00170466192 -4.85733901e-313 0.999999941 0 0 -0.000342482226 0 0 0 3.14090769 -3.14159265 3.14159265
1687940953.1133666 0.104079426 -0.0175265547 -5.34307291e-313 0.999999548 0 0 -0.000950821536 0 0 0 3.13969101 -3.14159265 3.14159265
1687940953.21420622 0.0807150913 -0.00458700982 -6.67884113e-313 0.999999946 0 0 0.000330057682 0 0 0 0.000660115376 -0 0
1687940953.31506658 0.0935149629 -0.00510738772 -6.67884113e-313 0.999999981 0 0 -0.000196070904 0 0 0 3.14120051 -3.14159265 3.14159265
1687940953.41593552 0.122727208 0.0157683634 -6.67884113e-313 0.99999973 0 0 -0.000734373392 0 0 0 3.14012391 -3.14159265 3.14159265
1687940953.51679254 0.123257387 0.0036803102 -6.67884113e-313 0.999999979 0 0 -0.000205602621 0 0 0 3.14118145 -3.14159265 3.14159265
1687940953.61766243 0.0640898148 -0.0033134177 -5.93674767e-313 0.999999762 0 0 -0.000690383439 0 0 0 3.14021189 -3.14159265 3.14159265
1687940953.71852493 0.104566848 0.00177527183 -5.34307291e-313 0.999999407 0 0 0.00108942293 0 0 0 0.00217884628 -0 0
1687940953.81937885 0.0971094883 0.0117648583 -5.93674767e-313 0.999998229 0 0 0.00188178435 0 0 0 0.00376357092 -0 0
1687940953.92027164 0.0906838995 0.000536051916 -5.93674767e-313 0.999999784 0 0 -0.000656689549 0 0 0 3.14027927 -3.14159265 3.14159265
1687940954.02108479 0.106889899 0.00116202904 -5.34307291e-313 0.999999706 0 0 0.000766190245 0 0 0 0.00153238064 -0 0
1687940954.1219759 0.141188093 0.0226873249 -5.93674767e-313 0.999994415 0 0 -0.00334224861 0 0 0 3.13490814 -3.14159265 3.14159265
1687940954.2228179 0.091842896 -0.0136430093 -5.93674767e-313 0.999999127 0 0 0.00132140518 0 0 0 0.00264281113 -0 0
1687940954.32367182 0.108327316 -0.0213803588 -5.93674767e-313 0.999998883 0 0 0.00149439974 0 0 0 0.00298880059 -0 0
1687940954.42452288 0.0888547867 0.0186685344 -5.93674767e-313 0.999997377 0 0 -0.00229051417 0 0 0 3.13701162 -3.14159265 3.14159265
1687940954.52538204 0.0905711592 0.0090638742 -5.34307291e-313 0.999999987 0 0 0.000160418421 0 0 0 0.000320836844 -0 0
1687940954.62625456 0.138152575 -0.0184584192 -5.93674767e-313 0.999997709 0 0 0.00214071798 0 0 0 0.00428143923 -0 0
1687940954.72710133 0.0914709104 0.00270375025 -7.6329613e-313 0.999999989 0 0 -0.000150087255 0 0 0 3.14129248 -3.14159265 3.14159265
1687940954.82795906 0.0950952421 0.00375568706 -4.85733901e-313 0.99999994 0 0 0.00034518511 0 0 0 0.000690370234 -0 0
1687940954.92881775 0.0764512324 0.000754687725 -6.67884113e-313 0.999999989 0 0 -0.000151089142 0 0 0 3.14129048 -3.14159265 3.14159265
1687940955.02970529 0.0670149999 0.0168210315 -8.90512151e-313 0.999999956 0 0 0.0002953336 0 0 0 0.000590667209 -0 0
1687940955.13054657 0.10563015 0.00564318235 -7.6329613e-313 0.999999996 0 0 -9.21835192e-05 0 0 0 3.14140829 -3.14159265 3.14159265
1687940955.23139811 0.0846226138 -0.0190236642 -8.90512151e-313 0.999999999 0 0 4.83926752e-05 0 0 0 9.67853504e-05 -0 0
1687940955.33228636 0.0726100182 -0.000305381535 -7.6329613e-313 0.999999644 0 0 0.000843865866 0 0 0 0.00168773193 -0 0
1687940955.4331193 0.0774677673 0.00575765822 -7.6329613e-313 0.99999998 0 0 -0.000198105592 0 0 0 3.14119644 -3.14159265 3.14159265
1687940955.53398728 0.0937679368 0.00768538151 -6.67884113e-313 0.999999855 0 0 -0.00053836213 0 0 0 3.14051593 -3.14159265 3.14159265
1687940955.63558722 0.0593201128 -0.00963696768 -5.93674767e-313 1 0 0 1.50042025e-05 0 0 0 3.0008405e-05 -0 0
1687940955.73569822 0.104913957 -0.079647447 -5.93674767e-313 0.999999829 0 0 0.00058470761 0 0 0 0.00116941529 -0 0
1687940955.836555 0.0824735828 -0.0139000296 -5.34307291e-313 0.999999875 0 0 -0.000499818852 0 0 0 3.14059302 -3.14159265 3.14159265
1687940955.9374249 0.065482507 -0.000987482919 -6.67884113e-313 0.999999945 0 0 -0.000331406051 0 0 0 3.14092984 -3.14159265 3.14159265
1687940956.03829098 0.0491986219 -0.011846261 -8.90512151e-313 0.999999757 0 0 0.000696720093 0 0 0 0.0013934403 -0 0
1687940956.13913703 0.0903195057 -0.0258195251 -8.90512151e-313 0.99999995 0 0 -0.000314830933 0 0 0 3.14096299 -3.14159265 3.14159265
1687940956.23999262 0.0359472852 0.000734169536 -1.33576823e-312 1 0 0 2.19179675e-05 0 0 0 4.3835935e-05 -0 0
1687940956.34085846 0.064800466 -0.0242380764 -1.06861458e-312 0.999999921 0 0 -0.00039702362 0 0 0 3.14079861 -3.14159265 3.14159265
1687940956.44172025 0.0818001205 0.0122062643 -7.6329613e-313 0.999999893 0 0 0.000462831843 0 0 0 0.000925663719 -0 0
1687940956.54257298 0.0574055186 -0.00615197801 -6.67884113e-313 0.999998406 0 0 -0.00178557863 0 0 0 3.13802149 -3.14159265 3.14159265
1687940956.64347029 0.0371376081 -0.0118364649 -7.6329613e-313 0.999999996 0 0 9.11041129e-05 0 0 0 0.000182208226 -0 0
1687940956.7443285 0.0785299162 0.0016981764 -7.6329613e-313 0.999999999 0 0 4.34559823e-05 0 0 0 8.69119647e-05 -0 0
1687940956.84518027 0.0405963079 -0.00283750336 -5.93674767e-313 0.999999989 0 0 -0.000147666719 0 0 0 3.14129732 -3.14159265 3.14159265
1687940956.9460392 0.0718154491 -0.0361688907 -4.45256076e-313 0.999999877 0 0 -0.000495962139 0 0 0 3.14060073 -3.14159265 3.14159265
1687940957.04690051 0.0613353157 0.00212285905 -4.85733901e-313 0.999999632 0 0 0.000857901691 0 0 0 0.00171580359 -0 0
1687940957.14773989 0.0544515129 0.00122329052 -5.93674767e-313 0.99999981 0 0 0.00061629501 0 0 0 0.0012325901 -0 0
1687940957.24861813 0.0531172759 0.00723545034 -5.34307291e-313 0.999999998 0 0 5.9324555e-05 0 0 0 0.00011864911 -0 0
1687940957.34946299 0.0714817331 -0.00760325649 -5.34307291e-313 0.999999921 0 0 0.000397015295 0 0 0 0.00079403061 -0 0
1687940957.45030689 0.0597627508 3.0942843e-05 -5.34307291e-313 0.999999688 0 0 -0.000790114969 0 0 0 3.14001242 -3.14159265 3.14159265
1687940957.55119181 0.0417631934 -0.00726545946 -4.45256076e-313 0.999999985 0 0 -0.000175455117 0 0 0 3.14124174 -3.14159265 3.14159265
1687940957.65204024 0.0346071858 0.00437745318 -4.85733901e-313 0.999999947 0 0 0.000325797255 0 0 0 0.000651594522 -0 0
1687940957.75288773 0.0263959744 0.00146968455 -4.85733901e-313 0.999999866 0 0 0.000518634227 0 0 0 0.0010372685 -0 0
1687940957.8537457 0.0493762027 -0.0077256184 -4.85733901e-313 0.999999843 0 0 0.000559705627 0 0 0 0.00111941131 -0 0
1687940957.95463872 0.0490152238 0.0048539778 -4.85733901e-313 0.999999942 0 0 0.000339254067 0 0 0 0.000678508146 -0 0
1687940958.05547237 0.0365783899 -0.00285634163 -5.34307291e-313 0.999999559 0 0 0.000939656137 0 0 0 0.00187931255 -0 0
1687940958.15634203 0.0494327009 -0.0186895277 -4.85733901e-313 0.999999884 0 0 -0.000480923156 0 0 0 3.14063081 -3.14159265 3.14159265
1687940958.25718522 0.0343297325 0.00178049769 -4.45256076e-313 0.999999975 0 0 -0.000222093921 0 0 0 3.14114847 -3.14159265 3.14159265
1687940958.35806227 0.0431096892 -0.00145037172 -4.11005608e-313 0.999999896 0 0 -0.000456349798 0 0 0 3.14067995 -3.14159265 3.14159265
1687940958.45892477 0.0163974899 -0.00446199702 -4.11005608e-313 0.999999961 0 0 -0.000277791263 0 0 0 3.14103707 -3.14159265 3.14159265
1687940958.55978155 0.0269380105 0.000638501465 -3.81648065e-313 1 0 0 -1.50568876e-05 0 0 0 3.14156254 -3.14159265 3.14159265
1687940958.66062355 0.0156030908 0.00349946815 -5.34307291e-313 0.999999797 0 0 0.000636894667 0 0 0 0.00127378942 -0 0
