1.41239225 -6.00564431 0.25548929 1674207936.67163754 0 0 
12.4599614 -6.73355563 0.344558924 1674207936.67163754 1 0 
2.79919703 8.00081242 0.195223525 1674207936.67163754 2 0 
8.66660579 -10.5541814 0.256859928 1674207936.67163754 3 0 
-4.40029928 -11.7297917 0.273735881 1674207936.67163754 4 0 
14.2676744 4.43344056 0.194674835 1674207936.67163754 5 0 
9.13783672 4.49490811 0.129762873 1674207936.67163754 6 0 
4.98131155 5.264784 0.0977458134 1674207936.67163754 7 0 
8.40979636 15.4461755 0.317023605 1674207936.67163754 8 0 
-7.77175764 6.66951778 0.203901038 1674207936.67163754 9 0 
-6.62468196 10.950106 0.200504392 1674207936.67163754 10 0 
-3.05205366 14.7460585 0.222892091 1674207936.67163754 11 0 
4.37698797 -14.3034165 0.166470304 1674207936.67163754 12 0 
11.7805334 11.7407166 0.259389192 1674207936.67163754 13 0 
8.44603018 9.79269582 0.16916351 1674207936.67163754 14 0 
1.45207804 -5.97786432 0.242300525 1674207938.28543925 0 0 
12.4389448 -6.74722633 0.330850184 1674207938.28543925 1 0 
8.65272798 -10.5506066 0.248449564 1674207938.28543925 2 0 
2.82279362 8.01569437 0.172357127 1674207938.28543925 3 0 
9.10778935 4.49812438 0.145357504 1674207938.28543925 4 0 
14.2415089 4.423609 0.186115608 1674207938.28543925 5 0 
-4.3819044 -11.7156952 0.256326616 1674207938.28543925 6 0 
4.95295001 5.27916495 0.086649619 1674207938.28543925 7 0 
-7.72522876 6.63185508 0.205734551 1674207938.28543925 8 0 
-2.6055839 -17.7167424 0.328907698 1674207938.28543925 9 0 
-6.63966504 10.9442944 0.21722874 1674207938.28543925 10 0 
4.35935515 -14.3645426 0.190872952 1674207938.28543925 11 0 
11.8181398 11.775056 0.238765031 1674207938.28543925 12 0 
-3.06577898 14.7619282 0.242163554 1674207938.28543925 13 0 
22.373138 10.4139644 0.268102586 1674207938.28543925 14 0 
19.9304291 15.8891804 0.244723469 1674207938.28543925 15 0 
-1.16647958 22.7137969 0.292030424 1674207938.28543925 16 0 
12.3631167 -6.74961098 0.346702844 1674207939.59658194 0 0 
1.47824276 -5.95992713 0.241693109 1674207939.59658194 1 0 
8.6771087 -10.5598441 0.237145796 1674207939.59658194 2 0 
9.04453415 4.47698898 0.140388191 1674207939.59658194 3 0 
14.2322035 4.44093929 0.205950931 1674207939.59658194 4 0 
4.94604226 5.33425151 0.122728027 1674207939.59658194 5 0 
-4.3567807 -11.6840906 0.261238366 1674207939.59658194 6 0 
2.82271977 8.02893242 0.16608201 1674207939.59658194 7 0 
8.40254023 15.3909435 0.288238645 1674207939.59658194 8 0 
11.7918536 11.7386786 0.225871578 1674207939.59658194 9 0 
-3.05895239 14.6870213 0.235666454 1674207939.59658194 10 0 
-6.59604864 10.9359733 0.202056363 1674207939.59658194 11 0 
4.35650238 -14.3200691 0.193840623 1674207939.59658194 12 0 
12.4193361 -23.5093527 0.275210708 1674207939.59658194 13 0 
18.1724987 5.33853773 0.213895097 1674207939.59658194 14 0 
-2.55079102 -17.6868271 0.282021016 1674207939.59658194 15 0 
-7.73603258 6.6650973 0.188698649 1674207939.59658194 16 0 
19.9507302 15.8610722 0.22394748 1674207939.59658194 17 0 
12.30582 -6.83989326 0.34550783 1674207940.70605707 0 0 
1.47839363 -6.02511947 0.228198931 1674207940.70605707 1 0 
8.50140713 -10.61874 0.243293211 1674207940.70605707 2 0 
17.6325901 -9.7656404 0.303769678 1674207940.70605707 3 0 
-1.73084395 4.18056657 0.153258547 1674207940.70605707 4 0 
9.10134516 4.41913457 0.14338626 1674207940.70605707 5 0 
14.2172411 4.34948259 0.199058652 1674207940.70605707 6 0 
8.43835897 15.3142007 0.290403962 1674207940.70605707 7 0 
-4.33312331 -11.7602986 0.243345171 1674207940.70605707 8 0 
18.331157 5.32442645 0.194180205 1674207940.70605707 9 0 
5.04258226 5.23973764 0.123883091 1674207940.70605707 10 0 
3.12587376 4.71995968 0.0982254744 1674207940.70605707 11 0 
12.1072657 -23.5664696 0.220242515 1674207940.70605707 12 0 
-6.58535994 10.8693243 0.216671452 1674207940.70605707 13 0 
11.8029645 11.6521127 0.238810539 1674207940.70605707 14 0 
29.1103145 -10.2965783 0.310032338 1674207940.70605707 15 0 
22.3542724 10.2805945 0.267353505 1674207940.70605707 16 0 
-7.7207796 6.58455411 0.183699042 1674207940.70605707 17 0 
19.9492755 15.7463013 0.232041389 1674207940.70605707 18 0 
-3.01307369 14.6233088 0.25736475 1674207940.70605707 19 0 
14.2653714 6.12581501 0.11566399 1674207940.70605707 20 0 
29.8671339 2.08305432 0.256498367 1674207940.70605707 21 0 
-1.13109151 22.5875771 0.279915035 1674207940.70605707 22 0 
2.94404731 7.82882677 0.130544111 1674207940.70605707 23 0 
12.397088 -6.86494207 0.327009708 1674207941.61376572 0 0 
1.57075042 -6.1313537 0.234245315 1674207941.61376572 1 0 
8.62216064 -10.670365 0.247666225 1674207941.61376572 2 0 
17.7905737 -9.72954516 0.303034872 1674207941.61376572 3 0 
14.2558387 4.34614731 0.19723551 1674207941.61376572 4 0 
11.8117596 11.6120692 0.231912911 1674207941.61376572 5 0 
-2.46972199 -17.9019045 0.303699553 1674207941.61376572 6 0 
18.3778288 5.33876062 0.193496093 1674207941.61376572 7 0 
2.85335003 7.85954533 0.17293261 1674207941.61376572 8 0 
5.04736662 5.19164526 0.120514013 1674207941.61376572 9 0 
-4.22098153 -11.9840472 0.269315124 1674207941.61376572 10 0 
8.45129549 15.2882174 0.305628926 1674207941.61376572 11 0 
-1.66344188 4.06998668 0.164450839 1674207941.61376572 12 0 
9.03989281 4.46126434 0.116430826 1674207941.61376572 13 0 
3.15837012 4.69254294 0.112112239 1674207941.61376572 14 0 
29.8529657 2.07889311 0.276661128 1674207941.61376572 15 0 
14.3744496 6.11903377 0.126731247 1674207941.61376572 16 0 
19.9246709 15.7785097 0.233567834 1674207941.61376572 17 0 
22.4258588 10.3125581 0.253650486 1674207941.61376572 18 0 
4.46527868 -14.3489562 0.178924426 1674207941.61376572 19 0 
-6.58098995 10.7204203 0.253085583 1674207941.61376572 20 0 
13.2896211 -9.99395965 0.139837012 1674207941.61376572 21 0 
11.4196843 -22.2092017 0.177260667 1674207941.61376572 22 0 
15.7017272 22.3256913 0.222529858 1674207941.61376572 23 0 
9.81899745 -6.60805222 0.326082259 1674207942.72327328 0 0 
11.6245244 4.61066335 0.193166301 1674207942.72327328 1 0 
15.1461462 -9.41873318 0.313225865 1674207942.72327328 2 0 
-1.20875158 -5.88512333 0.222872823 1674207942.72327328 3 0 
15.7293678 5.59698399 0.198451757 1674207942.72327328 4 0 
6.13184496 -10.4517717 0.247651339 1674207942.72327328 5 0 
6.58073579 4.68513304 0.163978934 1674207942.72327328 6 0 
0.187697429 8.0551335 0.183830574 1674207942.72327328 7 0 
9.17363357 11.8720713 0.231380552 1674207942.72327328 8 0 
2.38732931 5.41716834 0.144211769 1674207942.72327328 9 0 
0.551243494 4.8253241 0.0955155492 1674207942.72327328 10 0 
9.83989438 -23.4686901 0.305522382 1674207942.72327328 11 0 
26.7477101 -9.85245316 0.328464299 1674207942.72327328 12 0 
-6.95391649 -11.7793002 0.247495234 1674207942.72327328 13 0 
27.2342522 2.38533627 0.257983357 1674207942.72327328 14 0 
10.7308464 -9.63215937 0.143617839 1674207942.72327328 15 0 
11.7856427 6.472482 0.132279232 1674207942.72327328 16 0 
17.2502717 16.0855263 0.23782371 1674207942.72327328 17 0 
19.7445516 10.6229693 0.254498392 1674207942.72327328 18 0 
-5.18552558 -17.7928802 0.322144538 1674207942.72327328 19 0 
34.2193005 2.57368151 0.261266142 1674207942.72327328 20 0 
1.89323749 -14.2268167 0.168061465 1674207942.72327328 21 0 
-4.24916289 4.21898057 0.147538304 1674207942.72327328 22 0 
12.8983749 22.6352921 0.263094813 1674207942.72327328 23 0 
9.79210811 -6.5774232 0.321446449 1674207943.42928696 0 0 
11.6199687 4.6596395 0.206206292 1674207943.42928696 1 0 
15.1398278 -9.33293754 0.30397594 1674207943.42928696 2 0 
15.6951609 5.61892051 0.21560058 1674207943.42928696 3 0 
6.56392427 4.71240513 0.141834646 1674207943.42928696 4 0 
6.117373 -10.4392269 0.265902877 1674207943.42928696 5 0 
-1.16861374 -5.76371227 0.227092668 1674207943.42928696 6 0 
26.7983351 -9.82434138 0.326627791 1674207943.42928696 7 0 
9.16565384 11.9142048 0.242698282 1674207943.42928696 8 0 
19.7554184 10.6694169 0.260967523 1674207943.42928696 9 0 
27.2121235 2.38037602 0.262232393 1674207943.42928696 10 0 
5.73123703 15.5514001 0.310714483 1674207943.42928696 11 0 
11.7486968 6.46544681 0.116068557 1674207943.42928696 12 0 
2.37877274 5.46935868 0.115882516 1674207943.42928696 13 0 
0.645277958 4.74377356 0.175693169 1674207943.42928696 14 0 
20.5577957 -13.1917444 0.188660264 1674207943.42928696 15 0 
24.1550083 -9.72101182 0.198912188 1674207943.42928696 16 0 
-5.1498361 -17.7110044 0.307201892 1674207943.42928696 17 0 
34.2176868 2.60820611 0.267071992 1674207943.42928696 18 0 
1.8803342 -14.215423 0.180518836 1674207943.42928696 19 0 
27.0433017 10.4272441 0.228454977 1674207943.42928696 20 0 
9.81761593 -6.53711985 0.315496057 1674207944.03445649 0 0 
15.1345302 -9.33230208 0.320816249 1674207944.03445649 1 0 
11.5926108 4.69364217 0.187816367 1674207944.03445649 2 0 
15.6657595 5.65848835 0.201295227 1674207944.03445649 3 0 
6.10025227 -10.3938275 0.264711827 1674207944.03445649 4 0 
26.7993623 -9.75100881 0.333436012 1674207944.03445649 5 0 
6.54049615 4.77577854 0.135910556 1674207944.03445649 6 0 
19.7499097 10.7212747 0.257389635 1674207944.03445649 7 0 
27.2031593 2.41933787 0.261029392 1674207944.03445649 8 0 
-1.14890293 -5.75592827 0.222463012 1674207944.03445649 9 0 
9.16674048 11.9725261 0.247082204 1674207944.03445649 10 0 
11.7685467 6.51508972 0.0867316201 1674207944.03445649 11 0 
2.46233805 5.45616836 0.106922351 1674207944.03445649 12 0 
5.72047207 15.5855966 0.301537961 1674207944.03445649 13 0 
20.5196688 -13.1176783 0.169240266 1674207944.03445649 14 0 
27.0512409 10.4644812 0.24553068 1674207944.03445649 15 0 
34.202405 2.66482558 0.258936107 1674207944.03445649 16 0 
0.224492074 8.10030549 0.155737355 1674207944.03445649 17 0 
-5.22370957 -17.6946582 0.307828277 1674207944.03445649 18 0 
17.0331113 -18.8581569 0.164363861 1674207944.03445649 19 0 
1.86079476 -14.1902582 0.180560067 1674207944.03445649 20 0 
-6.93790455 -11.6435183 0.262718618 1674207944.03445649 21 0 
21.1635487 5.07088093 0.109653883 1674207944.03445649 22 0 
24.3081013 -9.85498589 0.166211247 1674207944.03445649 23 0 
29.9839591 14.060265 0.247455597 1674207944.03445649 24 0 
-3.9860472 22.7017581 0.288789958 1674207944.03445649 25 0 
9.79837262 -6.53196017 0.329742968 1674207944.74046421 0 0 
15.1465417 -9.32192841 0.32337746 1674207944.74046421 1 0 
15.6814806 5.71514518 0.237347752 1674207944.74046421 2 0 
11.653771 4.74499003 0.212795734 1674207944.74046421 3 0 
26.7884898 -9.74991068 0.337172776 1674207944.74046421 4 0 
6.08240585 -10.3667434 0.268158615 1674207944.74046421 5 0 
27.2103907 2.44723083 0.254285127 1674207944.74046421 6 0 
6.51482664 4.815758 0.145779446 1674207944.74046421 7 0 
9.14889331 11.9961429 0.263204753 1674207944.74046421 8 0 
17.125496 -18.7883365 0.18960081 1674207944.74046421 9 0 
20.4814068 -13.0600643 0.19756934 1674207944.74046421 10 0 
5.72255041 15.6190788 0.310596108 1674207944.74046421 11 0 
21.1572392 5.11127337 0.145532981 1674207944.74046421 12 0 
34.2141417 2.68029501 0.263645768 1674207944.74046421 13 0 
-1.12465235 -5.72120993 0.215801761 1674207944.74046421 14 0 
24.2316147 -9.72394892 0.144591838 1674207944.74046421 15 0 
27.0615765 10.4993678 0.27600649 1674207944.74046421 16 0 
17.2222378 16.2321317 0.252512515 1674207944.74046421 17 0 
0.250670568 8.13844344 0.165674657 1674207944.74046421 18 0 
29.9369915 14.0372723 0.22895056 1674207944.74046421 19 0 
1.86376278 -14.1820256 0.205883607 1674207944.74046421 20 0 
19.7492359 10.7813281 0.274194121 1674207944.74046421 21 0 
-6.92318912 -11.5892103 0.246612921 1674207944.74046421 22 0 
-3.95702553 22.7256813 0.302115649 1674207944.74046421 23 0 
12.58648 -9.22852284 0.308515012 1674207945.64816666 0 0 
13.163229 5.83809577 0.244018883 1674207945.64816666 1 0 
9.1535522 4.90856095 0.225733206 1674207945.64816666 2 0 
24.1976537 -9.6842054 0.334372163 1674207945.64816666 3 0 
24.6852954 2.47675352 0.255252302 1674207945.64816666 4 0 
17.3188271 10.8507865 0.255642891 1674207945.64816666 5 0 
3.47343307 -10.1480405 0.24769479 1674207945.64816666 6 0 
17.9138225 -12.987333 0.175406292 1674207945.64816666 7 0 
21.6900317 -9.72709069 0.159579024 1674207945.64816666 8 0 
31.7158553 2.6935697 0.262530804 1674207945.64816666 9 0 
18.6700475 5.2381535 0.136414915 1674207945.64816666 10 0 
24.6089223 10.5530082 0.267953664 1674207945.64816666 11 0 
3.79699009 4.9498398 0.135603875 1674207945.64816666 12 0 
14.8256526 16.333416 0.25490129 1674207945.64816666 13 0 
27.5349954 14.0777731 0.278719604 1674207945.64816666 14 0 
-0.763193167 -13.9863808 0.2007121 1674207945.64816666 15 0 
3.33997323 15.7589844 0.296235949 1674207945.64816666 16 0 
-2.47588283 8.33092874 0.161614388 1674207945.64816666 17 0 
39.1726176 3.19001617 0.233509898 1674207945.64816666 18 0 
6.75137054 5.1206241 0.218173921 1674207946.35422206 0 0 
22.1580415 -9.48652847 0.337998241 1674207946.35422206 1 0 
22.6229895 2.6675665 0.252828896 1674207946.35422206 2 0 
11.1942451 6.05670473 0.212793037 1674207946.35422206 3 0 
15.2670876 11.0619626 0.257054567 1674207946.35422206 4 0 
26.9367112 -6.94478936 0.273307115 1674207946.35422206 5 0 
15.905249 -12.7993988 0.171976924 1674207946.35422206 6 0 
29.6610783 2.91059125 0.261099905 1674207946.35422206 7 0 
19.6317956 -9.49052716 0.174753726 1674207946.35422206 8 0 
16.5829813 5.40318606 0.111645602 1674207946.35422206 9 0 
12.7615202 16.5306254 0.237037972 1674207946.35422206 10 0 
1.0255691 15.9481009 0.282836229 1674207946.35422206 11 0 
6.19585946 -9.24524569 0.123202734 1674207946.35422206 12 0 
6.98530561 6.89277186 0.100433812 1674207946.35422206 13 0 
4.36017193 12.3748984 0.274081588 1674207946.35422206 14 0 
37.0933495 3.43666951 0.225254431 1674207946.35422206 15 0 
8.5408049 23.0454637 0.242793322 1674207946.35422206 16 0 
22.1360216 -9.47684894 0.350375146 1674207946.95936966 0 0 
5.21223118 -6.11662301 0.313679248 1674207946.95936966 1 0 
22.6548576 2.66599006 0.238817126 1674207946.95936966 2 0 
27.0430191 -6.88579517 0.312463939 1674207946.95936966 3 0 
10.9398545 6.13866567 0.237564951 1674207946.95936966 4 0 
6.84466827 5.1633179 0.216735333 1674207946.95936966 5 0 
19.6555339 -9.51708518 0.170046091 1674207946.95936966 6 0 
15.8692927 -12.7552357 0.167505488 1674207946.95936966 7 0 
29.7219777 2.91417308 0.251194954 1674207946.95936966 8 0 
1.47116314 -9.90640111 0.248427868 1674207946.95936966 9 0 
22.650849 10.7896369 0.267991364 1674207946.95936966 10 0 
16.6569369 5.40971294 0.107665263 1674207946.95936966 11 0 
4.43671736 12.4434956 0.290048987 1674207946.95936966 12 0 
6.09414557 -9.21340099 0.156196728 1674207946.95936966 13 0 
37.2009296 3.41376729 0.231453627 1674207946.95936966 14 0 
7.04392022 6.93085133 0.139552891 1674207946.95936966 15 0 
8.33536926 23.1007215 0.231571615 1674207946.95936966 16 0 
19.5196681 -9.54846863 0.346520722 1674207947.76625919 0 0 
20.2794406 2.57775099 0.23709774 1674207947.76625919 1 0 
8.01056355 -8.86580283 0.253951758 1674207947.76625919 2 0 
24.6195082 -7.05448911 0.315686584 1674207947.76625919 3 0 
8.56109314 6.19347212 0.225385487 1674207947.76625919 4 0 
23.242968 14.2661977 0.288252562 1674207947.76625919 5 0 
2.74197119 -5.88754715 0.313234508 1674207947.76625919 6 0 
27.3618025 2.70225084 0.262105882 1674207947.76625919 7 0 
17.0334119 -9.49990437 0.197756276 1674207947.76625919 8 0 
12.8862927 11.1580217 0.261757553 1674207947.76625919 9 0 
22.9540127 -12.0834505 0.185404643 1674207947.76625919 10 0 
14.1465437 5.49135708 0.127008736 1674207947.76625919 11 0 
34.8008198 3.10747014 0.240219057 1674207947.76625919 12 0 
4.61419552 5.32742007 0.178283691 1674207947.76625919 13 0 
13.3921605 -12.7896992 0.182333663 1674207947.76625919 14 0 
2.29923236 12.6785556 0.289531827 1674207947.76625919 15 0 
10.4803969 16.713074 0.259084105 1674207947.76625919 16 0 
-1.11743132 -9.60198217 0.238311887 1674207947.76625919 17 0 
3.56910115 -8.97188814 0.120076023 1674207947.76625919 18 0 
18.0052804 2.56693731 0.18102175 1674207948.4722271 0 0 
17.3125564 -9.46360359 0.343526453 1674207948.4722271 1 0 
22.2345237 -6.9911766 0.270907849 1674207948.4722271 2 0 
5.69257351 -8.68079073 0.270568252 1674207948.4722271 3 0 
25.1622986 2.71390609 0.266697764 1674207948.4722271 4 0 
17.988629 10.7444652 0.282723218 1674207948.4722271 5 0 
14.8291763 -9.48963281 0.19118008 1674207948.4722271 6 0 
6.47768041 6.36694264 0.229328468 1674207948.4722271 7 0 
20.7103557 -12.0005188 0.183565289 1674207948.4722271 8 0 
32.6121688 3.09657856 0.238915056 1674207948.4722271 9 0 
0.506365954 -5.68566794 0.299821734 1674207948.4722271 10 0 
21.0638073 14.2628595 0.244502246 1674207948.4722271 11 0 
10.7699979 11.302288 0.254445314 1674207948.4722271 12 0 
12.024324 5.65409198 0.121541776 1674207948.4722271 13 0 
16.6315341 4.38043579 0.127416864 1674207948.4722271 14 0 
11.1287615 -12.6434597 0.158856466 1674207948.4722271 15 0 
0.251123443 12.8473088 0.271410733 1674207948.4722271 16 0 
24.8532689 2.67904972 0.225993976 1674207948.97656536 0 0 
17.3107692 -9.4373088 0.331894189 1674207948.97656536 1 0 
22.3622604 -7.03376519 0.296663851 1674207948.97656536 2 0 
5.75533839 -8.65676006 0.244317457 1674207948.97656536 3 0 
18.0127192 10.8189525 0.269131243 1674207948.97656536 4 0 
20.7178917 -12.0267321 0.179596737 1674207948.97656536 5 0 
32.6549074 3.12213643 0.238176644 1674207948.97656536 6 0 
14.8460862 -9.41767052 0.203695551 1674207948.97656536 7 0 
16.64839 4.345277 0.136681467 1674207948.97656536 8 0 
6.54604546 6.38412896 0.199226066 1674207948.97656536 9 0 
10.7631068 11.3445727 0.261382222 1674207948.97656536 10 0 
11.0928724 -12.5980373 0.153569877 1674207948.97656536 11 0 
7.6011787 -18.2186893 0.200711221 1674207948.97656536 12 0 
22.9069663 -20.0199827 0.220230192 1674207948.97656536 13 0 
38.0331685 14.668518 0.262486428 1674207948.97656536 14 0 
-3.17947896 -9.38215803 0.210770473 1674207948.97656536 15 0 
20.2677862 -6.96206721 0.266957372 1674207949.58171701 0 0 
15.3100436 -9.39119155 0.333013922 1674207949.58171701 1 0 
22.8153105 2.75702505 0.261378944 1674207949.58171701 2 0 
30.2544293 3.1679251 0.239979312 1674207949.58171701 3 0 
3.68968511 -8.61853596 0.279973209 1674207949.58171701 4 0 
18.6764891 -11.95548 0.162313923 1674207949.58171701 5 0 
8.73903917 11.4228224 0.293969631 1674207949.58171701 6 0 
34.8941472 -9.10977231 0.298566222 1674207949.58171701 7 0 
10.0549186 5.6945926 0.166124821 1674207949.58171701 8 0 
19.0284696 14.3022489 0.247851908 1674207949.58171701 9 0 
9.03298672 -12.5534192 0.160810322 1674207949.58171701 10 0 
16.0109813 10.7636968 0.230132475 1674207949.58171701 11 0 
5.54036602 -18.2431822 0.248513341 1674207949.58171701 12 0 
4.59310681 6.44445069 0.194860443 1674207949.58171701 13 0 
14.7011876 4.37648103 0.101460211 1674207949.58171701 14 0 
36.0572336 14.6194499 0.238381281 1674207949.58171701 15 0 
30.1211783 -10.3913891 0.157051295 1674207949.58171701 16 0 
17.915673 -6.88563961 0.303765118 1674207950.2877357 0 0 
20.4657403 2.90227458 0.264708996 1674207950.2877357 1 0 
12.8996633 -9.20124249 0.299366474 1674207950.2877357 2 0 
32.2348028 -8.89502534 0.2578578 1674207950.2877357 3 0 
27.8930968 3.32657875 0.246804804 1674207950.2877357 4 0 
16.3141008 -11.8229714 0.168094382 1674207950.2877357 5 0 
13.6732881 10.9991662 0.253747821 1674207950.2877357 6 0 
6.39411023 11.5773388 0.294001937 1674207950.2877357 7 0 
10.3992693 -9.2411752 0.188528925 1674207950.2877357 8 0 
18.457223 -19.825125 0.232892364 1674207950.2877357 9 0 
6.62119245 -12.3826756 0.171744511 1674207950.2877357 10 0 
16.6987835 14.4568573 0.223199308 1674207950.2877357 11 0 
27.7622374 -10.2355747 0.154662535 1674207950.2877357 12 0 
7.71988697 5.86858158 0.114501275 1674207950.2877357 13 0 
33.6905329 14.7781304 0.231175601 1674207950.2877357 14 0 
25.2449072 2.4414622 0.249609441 1674207951.19553375 0 0 
9.85259542 -9.61408693 0.300004303 1674207951.19553375 1 0 
29.0322418 -9.95389323 0.283984095 1674207951.19553375 2 0 
28.871781 -19.5130317 0.214076072 1674207951.19553375 3 0 
11.2787244 10.5416245 0.26436615 1674207951.19553375 4 0 
7.41965365 -9.58412064 0.193575665 1674207951.19553375 5 0 
24.3985827 -11.1152501 0.140117183 1674207951.19553375 6 0 
13.2736528 -12.3717181 0.187142119 1674207951.19553375 7 0 
3.47142682 -12.5930286 0.170060471 1674207951.19553375 8 0 
14.4245169 13.9332062 0.246175885 1674207951.19553375 9 0 
31.4284668 13.7330893 0.244158193 1674207951.19553375 10 0 
26.5882467 -10.8199113 0.17610316 1674207951.19553375 11 0 
16.7852158 -11.1405036 0.113348693 1674207951.19553375 12 0 
24.2895519 4.24735783 0.0938723907 1674207951.19553375 13 0 
32.2904786 -17.4347226 0.201055661 1674207951.19553375 14 0 
36.6863898 -26.9527481 0.225175351 1674207951.19553375 15 0 
22.6206848 2.65940957 0.250221431 1674207952.00238085 0 0 
7.13478927 -9.35747311 0.317492694 1674207952.00238085 1 0 
8.26904817 2.65162263 0.257905513 1674207952.00238085 2 0 
26.3734756 -9.73493517 0.27790305 1674207952.00238085 3 0 
21.7261483 -10.8792615 0.120399751 1674207952.00238085 4 0 
8.68421627 10.7630768 0.249149725 1674207952.00238085 5 0 
27.8274622 4.33682556 0.179760233 1674207952.00238085 6 0 
4.73029628 -9.33675875 0.145019919 1674207952.00238085 7 0 
21.7050912 4.50701133 0.084554702 1674207952.00238085 8 0 
11.8350165 14.1355151 0.22107248 1674207952.00238085 9 0 
28.8364566 13.9426715 0.239492267 1674207952.00238085 10 0 
23.8860167 -10.5731509 0.136409491 1674207952.00238085 11 0 
26.1221608 -19.382265 0.170632541 1674207952.00238085 12 0 
12.5718561 -20.2591504 0.223650977 1674207952.00238085 13 0 
20.2936386 17.2713701 0.264301389 1674207952.00238085 14 0 
10.0404821 -7.29572087 0.311673939 1674207952.60751104 0 0 
20.7973697 2.19551922 0.25494203 1674207952.60751104 1 0 
4.88117421 -9.22128603 0.306980848 1674207952.60751104 2 0 
24.030842 -10.4061903 0.323154241 1674207952.60751104 3 0 
6.482675 2.75739598 0.277899414 1674207952.60751104 4 0 
19.3630871 -11.3280635 0.135244668 1674207952.60751104 5 0 
26.0295705 3.67026643 0.156441778 1674207952.60751104 6 0 
11.1153218 -26.4450818 0.319618642 1674207952.60751104 7 0 
21.5776615 -11.1326738 0.134510472 1674207952.60751104 8 0 
19.9700415 4.08371871 0.0827516094 1674207952.60751104 9 0 
23.3561351 -19.9654287 0.171068728 1674207952.60751104 10 0 
21.6024616 4.48819471 0.149415016 1674207952.60751104 11 0 
7.23392642 10.8330223 0.222673595 1674207952.60751104 12 0 
8.15635798 -12.0438552 0.142812774 1674207952.60751104 13 0 
27.74117 19.8329568 0.239207149 1674207952.60751104 14 0 
9.94613561 -20.3251633 0.217378944 1674207952.60751104 15 0 
34.9468325 1.96856417 0.220724255 1674207952.60751104 16 0 
27.4017022 13.3009169 0.265404075 1674207952.60751104 17 0 
17.1231657 21.8885552 0.219980404 1674207952.60751104 18 0 
8.16280959 -8.73591963 0.288282216 1674207953.41441202 0 0 
22.3396572 -10.3757956 0.29010123 1674207953.41441202 1 0 
3.26791333 -11.2146521 0.301319718 1674207953.41441202 2 0 
22.8588454 3.83954776 0.156637758 1674207953.41441202 3 0 
17.7797254 -11.7978111 0.131783739 1674207953.41441202 4 0 
37.3950813 3.95407813 0.316469252 1674207953.41441202 5 0 
19.9032782 -11.3740693 0.143078104 1674207953.41441202 6 0 
16.8213153 3.58972847 0.0961468667 1674207953.41441202 7 0 
38.9810696 -12.547932 0.281374782 1674207953.41441202 8 0 
18.3930028 4.1292091 0.0803979114 1674207953.41441202 9 0 
6.68484756 -13.7355037 0.132261455 1674207953.41441202 10 0 
32.0285453 3.02619497 0.214427859 1674207953.41441202 11 0 
6.33360916 12.5263564 0.213539004 1674207953.41441202 12 0 
22.7011017 -19.9773802 0.185541406 1674207953.41441202 13 0 
8.99129781 -21.7371398 0.253352851 1674207953.41441202 14 0 
23.2392145 13.5231889 0.231087655 1674207953.41441202 15 0 
-3.82314493 9.30477242 0.295085251 1674207953.41441202 16 0 
36.7066057 9.2971037 0.203261063 1674207953.41441202 17 0 
31.8342999 20.1984338 0.245160177 1674207953.41441202 18 0 
10.4739591 1.05219803 0.317973405 1674207953.91868305 0 0 
22.3520226 -10.447063 0.288515419 1674207953.91868305 1 0 
8.1295402 -8.81627852 0.309324682 1674207953.91868305 2 0 
22.8667741 3.75431844 0.150893509 1674207953.91868305 3 0 
37.2797096 3.84103016 0.334157586 1674207953.91868305 4 0 
31.9985724 2.96257711 0.207077742 1674207953.91868305 5 0 
23.2613278 13.4449158 0.244312763 1674207953.91868305 6 0 
19.9121178 -11.5088243 0.15006347 1674207953.91868305 7 0 
6.62909271 -13.8322367 0.139572293 1674207953.91868305 8 0 
17.8261127 -11.9016672 0.138424724 1674207953.91868305 9 0 
6.29918994 12.5034829 0.248064786 1674207953.91868305 10 0 
22.8131197 -20.0491944 0.178587005 1674207953.91868305 11 0 
36.7685297 9.24690103 0.213873059 1674207953.91868305 12 0 
3.41595951 8.91161905 0.253522694 1674207953.91868305 13 0 
16.8506504 3.55472666 0.104888476 1674207953.91868305 14 0 
8.93078458 -21.7279465 0.184327558 1674207953.91868305 15 0 
31.8053975 20.1440714 0.235107422 1674207953.91868305 16 0 
19.2715699 -10.608647 0.317590982 1674207954.72554564 0 0 
5.22932111 -8.65382869 0.270129025 1674207954.72554564 1 0 
20.0863451 3.66270807 0.144147918 1674207954.72554564 2 0 
34.633275 3.57973751 0.314700335 1674207954.72554564 3 0 
7.75118324 1.1659997 0.279779285 1674207954.72554564 4 0 
35.8683713 -12.8512676 0.316716164 1674207954.72554564 5 0 
29.2065547 2.77710515 0.236602396 1674207954.72554564 6 0 
20.6353868 13.3818383 0.24371244 1674207954.72554564 7 0 
15.1151698 1.76389995 0.259161681 1674207954.72554564 8 0 
34.0259647 8.96803381 0.207464844 1674207954.72554564 9 0 
14.7940961 -11.8877655 0.12439958 1674207954.72554564 10 0 
7.51688961 -27.619784 0.305444121 1674207954.72554564 11 0 
0.79303563 9.10067445 0.247718111 1674207954.72554564 12 0 
3.69003596 12.6702348 0.229473427 1674207954.72554564 13 0 
5.75474191 -21.6156837 0.225222036 1674207954.72554564 14 0 
14.1104171 3.55317798 0.0731377602 1674207954.72554564 15 0 
16.9348345 -11.5039692 0.105100401 1674207954.72554564 16 0 
15.6708932 4.07912844 0.112251662 1674207954.72554564 17 0 
20.309799 19.9921821 0.232722238 1674207954.72554564 18 0 
12.5985871 1.74613736 0.262336135 1674207955.4315443 0 0 
26.6973104 2.50170921 0.22500746 1674207955.4315443 1 0 
32.1765099 3.24316547 0.306825161 1674207955.4315443 2 0 
32.9958919 -13.1595953 0.314580053 1674207955.4315443 3 0 
20.0140999 -18.0020914 0.205045566 1674207955.4315443 4 0 
17.7081758 3.63329232 0.172324225 1674207955.4315443 5 0 
31.6665191 8.62240956 0.206105709 1674207955.4315443 6 0 
18.3776488 13.3061576 0.244803324 1674207955.4315443 7 0 
5.30675289 1.32694126 0.238340944 1674207955.4315443 8 0 
24.9404516 -27.3872865 0.249785721 1674207955.4315443 9 0 
27.0290715 19.7131109 0.230717734 1674207955.4315443 10 0 
11.972534 -11.9059084 0.161388844 1674207955.4315443 11 0 
2.77340622 -21.4358498 0.214797065 1674207955.4315443 12 0 
13.2243245 4.05794203 0.0838267654 1674207955.4315443 13 0 
9.69457573 16.3805594 0.297088891 1674207955.4315443 14 0 
18.1260531 19.8706783 0.220234007 1674207955.4315443 15 0 
-1.61819728 9.42769455 0.254811615 1674207955.4315443 16 0 
34.7765537 21.111794 0.260493338 1674207955.4315443 17 0 
22.2441435 17.0384198 0.166357785 1674207955.4315443 18 0 
10.4602994 1.82026886 0.272463709 1674207956.03670454 0 0 
30.0331174 2.89317715 0.336372733 1674207956.03670454 1 0 
24.5531545 2.29604319 0.207105711 1674207956.03670454 2 0 
30.5886518 -13.5620421 0.285866141 1674207956.03670454 3 0 
29.6301952 8.32113057 0.207454637 1674207956.03670454 4 0 
15.5594197 3.5710324 0.132314324 1674207956.03670454 5 0 
16.4293399 13.2657134 0.235833317 1674207956.03670454 6 0 
17.5075066 -18.0515259 0.189489156 1674207956.03670454 7 0 
22.2024824 -27.5163212 0.241371825 1674207956.03670454 8 0 
9.48671685 -11.7756732 0.0993705913 1674207956.03670454 9 0 
38.7178239 -14.2283479 0.283732563 1674207956.03670454 10 0 
7.76648284 16.5406593 0.316241354 1674207956.03670454 11 0 
25.242786 19.5326154 0.236535132 1674207956.03670454 12 0 
32.9770303 20.7758008 0.259069592 1674207956.03670454 13 0 
11.5081238 -10.574824 0.283125848 1674207956.74275351 0 0 
22.0095173 2.15463097 0.196907327 1674207956.74275351 1 0 
27.4879435 2.68031685 0.293257296 1674207956.74275351 2 0 
27.8999247 -13.7132121 0.294077635 1674207956.74275351 3 0 
7.60480867 1.85430293 0.259519786 1674207956.74275351 4 0 
12.9843768 3.53071363 0.125438452 1674207956.74275351 5 0 
27.1678388 8.12636262 0.202284351 1674207956.74275351 6 0 
14.0257227 13.2163753 0.248373076 1674207956.74275351 7 0 
22.97881 -22.6408251 0.284430802 1674207956.74275351 8 0 
14.8091202 -18.0731838 0.178354308 1674207956.74275351 9 0 
36.0443166 -14.5167298 0.259461701 1674207956.74275351 10 0 
22.9209097 19.3694606 0.23112765 1674207956.74275351 11 0 
19.4013921 -27.6684462 0.263867021 1674207956.74275351 12 0 
6.82947374 -11.7648593 0.150256246 1674207956.74275351 13 0 
30.6619765 20.5180928 0.243102267 1674207956.74275351 14 0 
19.7955078 2.20495813 0.192773923 1674207957.3479321 0 0 
25.6535539 -13.6169832 0.297041595 1674207957.3479321 1 0 
25.2738737 2.73759772 0.291927189 1674207957.3479321 2 0 
9.25312913 -10.5536126 0.259631783 1674207957.3479321 3 0 
24.9365448 8.16022152 0.216583088 1674207957.3479321 4 0 
10.3831883 3.6250258 0.144315839 1674207957.3479321 5 0 
33.5498869 -14.4382778 0.249695122 1674207957.3479321 6 0 
11.8668968 13.3423591 0.256957412 1674207957.3479321 7 0 
5.38288808 1.93107139 0.259035766 1674207957.3479321 8 0 
12.453296 -18.0669425 0.227495387 1674207957.3479321 9 0 
39.8309899 3.97626575 0.2166899 1674207957.3479321 10 0 
11.9100224 20.0110911 0.248650119 1674207957.3479321 11 0 
20.7822478 19.4729994 0.22975044 1674207957.3479321 12 0 
28.5438732 20.6051891 0.264975518 1674207957.3479321 13 0 
23.6454551 -29.3880108 0.237181485 1674207957.3479321 14 0 
25.2911444 2.61908291 0.284500211 1674207957.85219646 0 0 
19.8254601 2.12392945 0.187726483 1674207957.85219646 1 0 
25.6251128 -13.7098042 0.300262213 1674207957.85219646 2 0 
24.9987454 8.08216256 0.220797494 1674207957.85219646 3 0 
33.5974643 -14.5604311 0.278544366 1674207957.85219646 4 0 
39.7979072 3.81023713 0.237977579 1674207957.85219646 5 0 
35.2541643 6.05222459 0.229863301 1674207957.85219646 6 0 
11.5598912 13.2593803 0.249872148 1674207957.85219646 7 0 
12.4355679 -18.1070778 0.190979019 1674207957.85219646 8 0 
10.4869624 3.57226959 0.131728217 1674207957.85219646 9 0 
36.9456982 -23.010767 0.250912398 1674207957.85219646 10 0 
20.8171405 19.3675927 0.241667718 1674207957.85219646 11 0 
28.6069405 20.4808918 0.237394571 1674207957.85219646 12 0 
3.00082133 16.6521649 0.30385071 1674207957.85219646 13 0 
23.7019638 -29.4200714 0.204333693 1674207957.85219646 14 0 
17.0334446 -27.586043 0.206734508 1674207957.85219646 15 0 
23.3861572 2.56383912 0.275422543 1674207958.35653877 0 0 
23.609222 -13.8208458 0.321726084 1674207958.35653877 1 0 
17.5477912 2.11512813 0.170995876 1674207958.35653877 2 0 
23.0937471 8.04928474 0.237758905 1674207958.35653877 3 0 
31.4936313 -14.6568707 0.275014311 1674207958.35653877 4 0 
37.8777723 3.67134211 0.253109246 1674207958.35653877 5 0 
17.9650729 2.14165421 0.162233606 1674207958.35653877 6 0 
9.68023433 13.3118639 0.250296116 1674207958.35653877 7 0 
33.2980509 5.940914 0.224050775 1674207958.35653877 8 0 
10.3901583 -17.9971592 0.204464808 1674207958.35653877 9 0 
34.8679261 -23.131244 0.263223797 1674207958.35653877 10 0 
18.9671296 19.362564 0.240730137 1674207958.35653877 11 0 
26.7607611 20.4244951 0.254021943 1674207958.35653877 12 0 
8.54566895 3.64851103 0.171057954 1674207958.35653877 13 0 
31.1271631 21.9648476 0.25134787 1674207958.35653877 14 0 
6.93440788 -20.0766553 0.16740334 1674207958.35653877 15 0 
23.455166 2.47371432 0.294081628 1674207958.86079144 0 0 
23.6086895 -13.9475368 0.33292526 1674207958.86079144 1 0 
17.5813545 2.03811515 0.181069478 1674207958.86079144 2 0 
31.4495102 -14.7533349 0.292316109 1674207958.86079144 3 0 
37.954261 3.56619771 0.248460948 1674207958.86079144 4 0 
33.3544205 5.70994742 0.23902528 1674207958.86079144 5 0 
34.8997171 -23.2206022 0.241368562 1674207958.86079144 6 0 
10.3329827 -18.1624582 0.201093152 1674207958.86079144 7 0 
9.74554668 13.2484151 0.272897482 1674207958.86079144 8 0 
18.6974559 19.2768906 0.246997416 1674207958.86079144 9 0 
25.9217859 14.5913749 0.190357104 1674207958.86079144 10 0 
9.75582776 19.8516318 0.288392127 1674207958.86079144 11 0 
26.8274966 20.3468539 0.290692568 1674207958.86079144 12 0 
6.93903665 -20.1668799 0.192987919 1674207958.86079144 13 0 
20.7188107 2.41860007 0.287995666 1674207959.46601748 0 0 
21.2733349 -13.7706092 0.265560359 1674207959.46601748 1 0 
15.190763 1.95053044 0.183575779 1674207959.46601748 2 0 
29.0839501 -14.8507981 0.265350282 1674207959.46601748 3 0 
35.5528276 3.42181861 0.259223193 1674207959.46601748 4 0 
31.1841026 5.46598895 0.270011157 1674207959.46601748 5 0 
32.3576351 -23.387982 0.247578204 1674207959.46601748 6 0 
7.83952397 -18.2198057 0.197869733 1674207959.46601748 7 0 
16.3607585 19.164009 0.244319722 1674207959.46601748 8 0 
43.0848014 10.8160739 0.227078274 1674207959.46601748 9 0 
7.4282309 13.1435468 0.248823777 1674207959.46601748 10 0 
17.9629461 2.40744829 0.305370361 1674207960.17195559 0 0 
28.0189591 5.33722369 0.219851345 1674207960.17195559 1 0 
26.2507546 -14.8616482 0.256166488 1674207960.17195559 2 0 
18.5185651 -13.9568494 0.255386472 1674207960.17195559 3 0 
32.7841616 3.38983059 0.264079839 1674207960.17195559 4 0 
12.4011077 1.93590371 0.223481625 1674207960.17195559 5 0 
37.6345167 -9.4781397 0.320445448 1674207960.17195559 6 0 
17.6631855 7.87434751 0.256500363 1674207960.17195559 7 0 
41.398173 5.89462504 0.256107658 1674207960.17195559 8 0 
29.6028616 -23.4223537 0.249440596 1674207960.17195559 9 0 
31.9103057 8.50146986 0.261980653 1674207960.17195559 10 0 
40.7259031 -15.1276309 0.305008918 1674207960.17195559 11 0 
40.3132033 10.7750485 0.236159325 1674207960.17195559 12 0 
9.67714097 -27.8103432 0.213277265 1674207960.17195559 13 0 
20.440592 14.5354169 0.177675396 1674207960.17195559 14 0 
15.5846058 2.34617276 0.286020547 1674207960.77711153 0 0 
30.0056265 3.29123114 0.267248392 1674207960.77711153 1 0 
23.7249873 -14.8405037 0.240255013 1674207960.77711153 2 0 
25.6887995 5.19925108 0.24170129 1674207960.77711153 3 0 
34.9460843 -9.54358188 0.285405993 1674207960.77711153 4 0 
29.5139248 8.47702669 0.272495508 1674207960.77711153 5 0 
46.386249 6.2451282 0.29657799 1674207960.77711153 6 0 
15.3269507 7.85112566 0.248690844 1674207960.77711153 7 0 
38.6363337 5.77240724 0.276057631 1674207960.77711153 8 0 
38.2327552 -15.1990795 0.286433041 1674207960.77711153 9 0 
10.1040296 1.90624795 0.224119529 1674207960.77711153 10 0 
37.6300103 10.653785 0.242978245 1674207960.77711153 11 0 
26.9661396 -23.5157774 0.247896582 1674207960.77711153 12 0 
11.3435912 19.1723775 0.257733375 1674207960.77711153 13 0 
2.3936245 13.2004409 0.264925689 1674207960.77711153 14 0 
2.60091589 -18.2181928 0.235691965 1674207960.77711153 15 0 
27.8617873 3.23909161 0.26405549 1674207961.28143883 0 0 
23.6172228 5.24453634 0.245997399 1674207961.28143883 1 0 
13.8296004 -14.0933563 0.294220895 1674207961.28143883 2 0 
13.5000703 2.32696 0.279014587 1674207961.28143883 3 0 
27.4126591 8.39215409 0.23898004 1674207961.28143883 4 0 
36.5146904 5.67291329 0.248092562 1674207961.28143883 5 0 
13.2105685 7.81905235 0.253269434 1674207961.28143883 6 0 
36.0573752 -15.3243706 0.301514655 1674207961.28143883 7 0 
21.6754479 -14.9478475 0.241834715 1674207961.28143883 8 0 
24.8550078 -23.5539345 0.238181204 1674207961.28143883 9 0 
9.2279974 19.1292619 0.249857068 1674207961.28143883 10 0 
42.5293264 10.8766744 0.285028577 1674207961.28143883 11 0 
0.489976095 -18.188181 0.214439467 1674207961.28143883 12 0 
25.6074505 3.20337556 0.280768692 1674207961.78577876 0 0 
30.6319159 -9.75839099 0.290722221 1674207961.78577876 1 0 
34.2259647 5.72530993 0.273869455 1674207961.78577876 2 0 
21.3601089 5.18457122 0.219731972 1674207961.78577876 3 0 
25.0735053 8.40342902 0.26259166 1674207961.78577876 4 0 
11.5740982 -14.0467207 0.282134652 1674207961.78577876 5 0 
33.8899206 -15.4133043 0.308599025 1674207961.78577876 6 0 
11.2820273 2.24366675 0.277504742 1674207961.78577876 7 0 
19.4596274 -14.9573141 0.225938216 1674207961.78577876 8 0 
27.8359946 -14.1338507 0.211843342 1674207961.78577876 9 0 
10.9704588 7.7152638 0.244393691 1674207961.78577876 10 0 
33.1399766 10.5045969 0.228527382 1674207961.78577876 11 0 
41.7654608 6.12414522 0.196183905 1674207961.78577876 12 0 
22.7646576 -23.6341451 0.230166882 1674207961.78577876 13 0 
22.8160184 3.21003625 0.284916371 1674207962.39089727 0 0 
31.4834633 5.7174323 0.296215922 1674207962.39089727 1 0 
31.1649278 -15.4041819 0.3283104 1674207962.39089727 2 0 
37.4316436 -10.1937136 0.301680148 1674207962.39089727 3 0 
18.5903811 5.12703121 0.219519049 1674207962.39089727 4 0 
22.3495729 8.40254037 0.277442366 1674207962.39089727 5 0 
8.8986242 -14.1830561 0.278339058 1674207962.39089727 6 0 
8.48782 2.19271873 0.269019246 1674207962.39089727 7 0 
30.3201281 10.5238749 0.237622678 1674207962.39089727 8 0 
16.65286 -15.0950042 0.221265271 1674207962.39089727 9 0 
25.080334 -14.1181634 0.186047882 1674207962.39089727 10 0 
38.9949105 6.19513857 0.205862761 1674207962.39089727 11 0 
42.9725497 7.02682041 0.316255689 1674207962.39089727 12 0 
8.16930687 7.68482517 0.256787032 1674207962.39089727 13 0 
19.1791947 3.18097499 0.274491698 1674207963.19789791 0 0 
27.8327418 5.66966426 0.314765662 1674207963.19789791 1 0 
33.675879 -10.3054598 0.317733943 1674207963.19789791 2 0 
14.9411414 5.02752058 0.240574032 1674207963.19789791 3 0 
12.8289673 -15.0423971 0.230605036 1674207963.19789791 4 0 
26.665375 10.4949737 0.242173105 1674207963.19789791 5 0 
39.2505909 6.92741183 0.280659795 1674207963.19789791 6 0 
35.2809809 6.09138488 0.243800282 1674207963.19789791 7 0 
35.323583 -21.6592167 0.302084267 1674207963.19789791 8 0 
33.6303509 -21.1438264 0.237782061 1674207963.19789791 9 0 
33.764753 10.7963204 0.267582774 1674207963.19789791 10 0 
25.6581133 -16.0466835 0.183585495 1674207963.19789791 11 0 
19.1861651 18.0464381 0.259240091 1674207963.19789791 12 0 
53.3178353 5.00939388 0.262467533 1674207963.19789791 13 0 
24.2863203 -15.3980979 0.286047369 1674207963.80294418 0 0 
25.2327738 5.76297843 0.324501723 1674207963.80294418 1 0 
16.5003377 3.19960237 0.29435572 1674207963.80294418 2 0 
21.5796922 -9.75316094 0.302172273 1674207963.80294418 3 0 
36.5823739 6.96671581 0.285864234 1674207963.80294418 4 0 
32.6828201 6.12686681 0.197901011 1674207963.80294418 5 0 
12.3375662 4.99033296 0.211064056 1674207963.80294418 6 0 
23.9674846 10.5198241 0.247153059 1674207963.80294418 7 0 
32.6213965 -21.642679 0.306407005 1674207963.80294418 8 0 
15.972495 8.41530298 0.287852824 1674207963.80294418 9 0 
31.0743217 10.8289501 0.260293603 1674207963.80294418 10 0 
18.7647482 -14.2014862 0.151148319 1674207963.80294418 11 0 
10.2067554 -15.0912636 0.248593569 1674207963.80294418 12 0 
39.3827168 -9.86893917 0.225222617 1674207963.80294418 13 0 
24.6734565 -18.7322246 0.198338479 1674207963.80294418 14 0 
43.7443795 5.2743431 0.201703101 1674207963.80294418 15 0 
46.9625967 8.73894298 0.2687428 1674207963.80294418 16 0 
28.2873034 -10.2786123 0.272625983 1674207964.40810108 0 0 
22.5282631 5.69098305 0.300397754 1674207964.40810108 1 0 
13.8531496 3.17014347 0.282409757 1674207964.40810108 2 0 
21.5358561 -15.5610435 0.340853512 1674207964.40810108 3 0 
33.9720269 6.88905579 0.29892987 1674207964.40810108 4 0 
29.9264658 5.99555094 0.192392349 1674207964.40810108 5 0 
29.8442987 -21.7347479 0.30506146 1674207964.40810108 6 0 
13.3041451 8.39522295 0.282679677 1674207964.40810108 7 0 
28.4275473 10.7384213 0.252363473 1674207964.40810108 8 0 
21.3483377 10.489418 0.252698123 1674207964.40810108 9 0 
9.5996513 5.05083256 0.237902537 1674207964.40810108 10 0 
36.7005347 -9.99228823 0.222803622 1674207964.40810108 11 0 
41.0885753 5.13582246 0.212291777 1674207964.40810108 12 0 
28.157658 -21.1722613 0.174731448 1674207964.40810108 13 0 
19.1677917 -25.8883648 0.283302337 1674207964.40810108 14 0 
20.2342423 -15.8926634 0.162115559 1674207964.40810108 15 0 
44.1282129 8.56335439 0.258551449 1674207964.40810108 16 0 
47.9462735 4.91406231 0.256167829 1674207964.40810108 17 0 
13.8955434 18.0258538 0.247799426 1674207964.40810108 18 0 
25.2427723 -10.4081545 0.310984582 1674207965.11411953 0 0 
15.4968401 -9.85780004 0.311382473 1674207965.11411953 1 0 
30.7981661 6.90010275 0.304492414 1674207965.11411953 2 0 
26.6962925 6.01826719 0.162680477 1674207965.11411953 3 0 
18.3732128 -15.5758703 0.360926777 1674207965.11411953 4 0 
26.6810179 -21.7345205 0.306019783 1674207965.11411953 5 0 
25.2502402 10.7174932 0.245096207 1674207965.11411953 6 0 
34.9600795 -15.5539793 0.291224897 1674207965.11411953 7 0 
10.1994509 8.36353725 0.297789097 1674207965.11411953 8 0 
10.7395094 3.12985794 0.246217415 1674207965.11411953 9 0 
33.476041 -9.97012559 0.2501086 1674207965.11411953 10 0 
37.934553 5.16230121 0.196192101 1674207965.11411953 11 0 
18.1624812 10.4812104 0.249791652 1674207965.11411953 12 0 
27.8101022 -20.3294966 0.156767577 1674207965.11411953 13 0 
40.9595437 8.60540902 0.25847578 1674207965.11411953 14 0 
24.9838612 -21.1964456 0.164117545 1674207965.11411953 15 0 
44.7920404 4.96929029 0.239931166 1674207965.11411953 16 0 
15.3934413 -25.8178785 0.274523944 1674207965.11411953 17 0 
17.0041954 -15.9335308 0.143919259 1674207965.11411953 18 0 
10.6741783 18.0721165 0.286881953 1674207965.11411953 19 0 
21.9726278 -10.3453157 0.262671888 1674207965.82015681 0 0 
16.1212464 5.70029757 0.309752822 1674207965.82015681 1 0 
23.4565863 6.09526898 0.192249194 1674207965.82015681 2 0 
27.472036 6.90810198 0.305190414 1674207965.82015681 3 0 
30.3971454 -9.87604332 0.208248034 1674207965.82015681 4 0 
31.7646691 -15.3980128 0.246784553 1674207965.82015681 5 0 
34.6516735 5.28317302 0.192289487 1674207965.82015681 6 0 
21.9793399 10.773538 0.247321099 1674207965.82015681 7 0 
37.6497532 8.73666558 0.265519798 1674207965.82015681 8 0 
6.90264761 8.30048125 0.287603408 1674207965.82015681 9 0 
7.55223147 3.03427432 0.248108715 1674207965.82015681 10 0 
14.8600778 10.483094 0.281238079 1674207965.82015681 11 0 
41.5487466 5.15359461 0.226340145 1674207965.82015681 12 0 
21.9965536 -21.2165674 0.219678596 1674207965.82015681 13 0 
33.3839394 18.3978095 0.236499578 1674207965.82015681 14 0 
19.2851296 -10.3590738 0.2916134 1674207966.42528152 0 0 
24.7898869 6.94809284 0.308949083 1674207966.42528152 1 0 
13.4455232 5.73527332 0.337252378 1674207966.42528152 2 0 
12.3838293 -15.4840032 0.331311226 1674207966.42528152 3 0 
27.5997594 -9.88637191 0.19758074 1674207966.42528152 4 0 
31.9321656 5.26455925 0.191692218 1674207966.42528152 5 0 
20.8705933 6.08092808 0.184257403 1674207966.42528152 6 0 
29.0122872 -15.5369382 0.292126536 1674207966.42528152 7 0 
34.9169351 8.69363038 0.255107552 1674207966.42528152 8 0 
19.3008017 10.7958229 0.25443241 1674207966.42528152 9 0 
12.2116867 10.5021475 0.270171434 1674207966.42528152 10 0 
38.8379032 5.11001663 0.234062016 1674207966.42528152 11 0 
4.87811559 3.05864338 0.234099761 1674207966.42528152 12 0 
30.6535809 18.3856292 0.267647505 1674207966.42528152 13 0 
24.7858992 -9.95618162 0.230881438 1674207967.03047538 0 0 
16.5190582 -10.3721678 0.262875229 1674207967.03047538 1 0 
22.1293111 6.94754566 0.282219023 1674207967.03047538 2 0 
29.1786995 5.19547182 0.190933183 1674207967.03047538 3 0 
10.6857119 5.68088628 0.32549873 1674207967.03047538 4 0 
9.4940958 -15.4902931 0.334402174 1674207967.03047538 5 0 
26.1988334 -15.4880661 0.307446808 1674207967.03047538 6 0 
32.1902752 8.62022008 0.292338222 1674207967.03047538 7 0 
36.0966269 5.01402311 0.236034438 1674207967.03047538 8 0 
29.6026762 -15.4201165 0.155024707 1674207967.03047538 9 0 
9.49033402 10.4907865 0.266720921 1674207967.03047538 10 0 
18.0957745 -21.7222116 0.285272866 1674207967.03047538 11 0 
28.0283963 18.342492 0.236164853 1674207967.03047538 12 0 
43.0948692 13.2317361 0.273740768 1674207967.03047538 13 0 
18.1739989 21.9783875 0.281696528 1674207967.03047538 14 0 
21.9890243 -9.97172054 0.231648013 1674207967.6356101 0 0 
13.579884 -10.4562596 0.346487314 1674207967.6356101 1 0 
29.6177077 -8.0890273 0.330393642 1674207967.6356101 2 0 
26.4417654 5.25714851 0.189540341 1674207967.6356101 3 0 
19.4108472 7.09877424 0.30065006 1674207967.6356101 4 0 
29.3722807 8.64313627 0.274317771 1674207967.6356101 5 0 
15.405271 6.17153678 0.185377613 1674207967.6356101 6 0 
33.3379167 5.03719805 0.243617177 1674207967.6356101 7 0 
13.8126423 10.922744 0.278490812 1674207967.6356101 8 0 
6.78426301 -15.3220561 0.31589222 1674207967.6356101 9 0 
28.3433962 -9.52350346 0.151468173 1674207967.6356101 10 0 
38.7571875 -10.9461977 0.252250612 1674207967.6356101 11 0 
6.75799529 10.6976689 0.269412339 1674207967.6356101 12 0 
26.7602683 -15.4859132 0.186267912 1674207967.6356101 13 0 
40.3182248 13.2265775 0.270442545 1674207967.6356101 14 0 
25.2947569 18.5065941 0.21095562 1674207967.6356101 15 0 
27.2703902 -8.16759102 0.304216325 1674207968.1398797 0 0 
19.643749 -10.0212326 0.231746495 1674207968.1398797 1 0 
24.2161486 5.12991854 0.192663014 1674207968.1398797 2 0 
27.1923161 8.50252354 0.273503482 1674207968.1398797 3 0 
26.0072003 -9.69263147 0.189220756 1674207968.1398797 4 0 
17.1899807 6.9822682 0.280031502 1674207968.1398797 5 0 
31.1215047 4.81221724 0.27439943 1674207968.1398797 6 0 
21.1079442 -15.5502022 0.253995955 1674207968.1398797 7 0 
13.1250008 6.15515344 0.162446469 1674207968.1398797 8 0 
11.3814227 -10.418059 0.270395219 1674207968.1398797 9 0 
36.5386926 -11.0524971 0.234995872 1674207968.1398797 10 0 
11.6304132 10.9146763 0.291171879 1674207968.1398797 11 0 
4.57214849 10.731305 0.276786447 1674207968.1398797 12 0 
38.1850247 13.0595074 0.251053959 1674207968.1398797 13 0 
24.9029461 -10.9777332 0.365589291 1674207968.84596205 0 0 
22.7232229 -9.89796174 0.216032416 1674207968.84596205 1 0 
16.3485925 -10.1136678 0.218019858 1674207968.84596205 2 0 
24.0968264 8.29477219 0.28748104 1674207968.84596205 3 0 
28.0430323 4.60263012 0.26184833 1674207968.84596205 4 0 
14.1034504 6.86819551 0.273068607 1674207968.84596205 5 0 
33.2416262 -11.3194394 0.272539794 1674207968.84596205 6 0 
34.4462289 -14.5135082 0.281480402 1674207968.84596205 7 0 
21.1650962 5.06073633 0.191378728 1674207968.84596205 8 0 
42.2450629 -8.52353505 0.27101475 1674207968.84596205 9 0 
9.62902386 6.06566252 0.173535392 1674207968.84596205 10 0 
21.1888993 -15.7024383 0.153756589 1674207968.84596205 11 0 
20.1583922 18.1904509 0.242385074 1674207968.84596205 12 0 
1.1033616 10.7565122 0.274671555 1674207968.84596205 13 0 
10.4652839 22.0998133 0.297547072 1674207968.84596205 14 0 
25.4451545 4.60448638 0.277109325 1674207969.45110559 0 0 
13.8230908 -10.1764849 0.197956383 1674207969.45110559 1 0 
31.9959339 -14.4599348 0.273048013 1674207969.45110559 2 0 
20.2228232 -9.86538955 0.21432212 1674207969.45110559 3 0 
30.7102018 -11.2661603 0.224394113 1674207969.45110559 4 0 
18.548743 4.99095055 0.18921414 1674207969.45110559 5 0 
39.7150742 -8.41473235 0.267990202 1674207969.45110559 6 0 
21.5503081 8.32908591 0.259621143 1674207969.45110559 7 0 
11.0581613 6.74395801 0.265199512 1674207969.45110559 8 0 
15.3202625 -15.8062723 0.303572387 1674207969.45110559 9 0 
38.1473123 -0.0309024037 0.218863964 1674207969.45110559 10 0 
32.528839 12.7966525 0.295266271 1674207969.45110559 11 0 
5.53284452 10.72361 0.291996688 1674207969.45110559 12 0 
18.7118397 -15.7026265 0.154572576 1674207969.45110559 13 0 
-1.52636588 10.5136053 0.271718413 1674207969.45110559 14 0 
22.9271692 4.69655503 0.282478124 1674207970.05623531 0 0 
28.2652991 -11.1643787 0.233430952 1674207970.05623531 1 0 
29.5987269 -14.325787 0.271867126 1674207970.05623531 2 0 
37.2045115 -8.38140078 0.296990454 1674207970.05623531 3 0 
15.5693536 4.97311709 0.19799903 1674207970.05623531 4 0 
12.972677 -15.7561673 0.300532341 1674207970.05623531 5 0 
18.522784 8.34522561 0.255194753 1674207970.05623531 6 0 
29.9164302 12.9410214 0.299877405 1674207970.05623531 7 0 
8.50468714 6.69326593 0.270895988 1674207970.05623531 8 0 
17.7484351 -9.83627 0.179790959 1674207970.05623531 9 0 
35.557411 0.23650489 0.225863472 1674207970.05623531 10 0 
11.4119427 -10.1999037 0.222281188 1674207970.05623531 11 0 
45.8899937 -15.5243037 0.345653802 1674207970.05623531 12 0 
14.3489377 18.0945762 0.26041162 1674207970.05623531 13 0 
25.8833496 -11.0506812 0.236200735 1674207970.66143322 0 0 
27.2571197 -14.1762534 0.27056101 1674207970.66143322 1 0 
34.857255 -8.09337081 0.276449233 1674207970.66143322 2 0 
19.9835478 4.80644896 0.288132429 1674207970.66143322 3 0 
33.1470397 0.42702052 0.222134277 1674207970.66143322 4 0 
13.0493526 4.93289344 0.192402288 1674207970.66143322 5 0 
27.28467 13.0943558 0.304659754 1674207970.66143322 6 0 
15.9243175 8.3436223 0.272224844 1674207970.66143322 7 0 
5.97084326 6.57264624 0.264348835 1674207970.66143322 8 0 
36.9560454 -20.0110811 0.28231898 1674207970.66143322 9 0 
23.4502812 -11.0433623 0.254947901 1674207971.26655436 0 0 
32.4551203 -8.03817116 0.293051928 1674207971.26655436 1 0 
17.510149 4.78575291 0.284852952 1674207971.26655436 2 0 
30.6908008 0.486575958 0.221127614 1674207971.26655436 3 0 
24.3069832 13.1359089 0.303973764 1674207971.26655436 4 0 
34.6200316 -19.882647 0.276046664 1674207971.26655436 5 0 
10.5746494 4.91133992 0.191261739 1674207971.26655436 6 0 
44.4470726 1.83757677 0.260019869 1674207971.26655436 7 0 
13.3888308 8.30261594 0.281334847 1674207971.26655436 8 0 
19.7609809 19.1070654 0.256464809 1674207971.26655436 9 0 
8.29830078 -15.8353787 0.198773414 1674207971.26655436 10 0 
16.0955034 4.08511228 0.103135496 1674207971.26655436 11 0 
26.9449313 0.606437315 0.285937041 1674207972.07342243 0 0 
29.1938459 -7.97049584 0.305287689 1674207972.07342243 1 0 
14.1505182 4.70459302 0.266317904 1674207972.07342243 2 0 
20.2962873 -10.9795998 0.266188323 1674207972.07342243 3 0 
21.7088469 -14.0822965 0.250972092 1674207972.07342243 4 0 
20.7916885 13.2034264 0.307397783 1674207972.07342243 5 0 
9.96629158 8.1996267 0.264113545 1674207972.07342243 6 0 
31.5706872 -19.6934299 0.244709149 1674207972.07342243 7 0 
40.9515471 2.14636262 0.239463732 1674207972.07342243 8 0 
8.30054306 -15.9226797 0.125328153 1674207972.07342243 9 0 
27.1773929 -7.95101043 0.316339195 1674207972.57772732 0 0 
38.5147282 2.30216424 0.246189982 1674207972.57772732 1 0 
18.2566564 -10.9148877 0.231422603 1674207972.57772732 2 0 
12.11344 4.73006946 0.268669456 1674207972.57772732 3 0 
9.97137007 -11.0192222 0.356891215 1674207972.57772732 4 0 
19.7294396 -14.0400689 0.260154039 1674207972.57772732 5 0 
29.6748474 -19.6200392 0.259325355 1674207972.57772732 6 0 
18.7059486 13.2472537 0.294476211 1674207972.57772732 7 0 
32.1143215 9.26055294 0.242111981 1674207972.57772732 8 0 
51.2386407 -7.3934965 0.300599575 1674207972.57772732 9 0 
13.9827149 19.1667152 0.297616273 1674207972.57772732 10 0 
38.5958037 8.56690449 0.23579143 1674207972.57772732 11 0 
21.4764064 20.1372544 0.295198292 1674207972.57772732 12 0 
16.1896136 -10.9180277 0.207868874 1674207973.08208561 0 0 
36.4165137 2.48124694 0.241908267 1674207973.08208561 1 0 
17.7697581 -13.9852485 0.253345132 1674207973.08208561 2 0 
27.7393602 -19.5003209 0.260917276 1674207973.08208561 3 0 
25.8742656 2.95432708 0.136188939 1674207973.08208561 4 0 
10.0404685 4.72936036 0.277254164 1674207973.08208561 5 0 
49.3981818 -7.11633165 0.354646444 1674207973.08208561 6 0 
36.5157518 8.74738253 0.27455017 1674207973.08208561 7 0 
29.9632289 9.27701981 0.225573912 1674207973.08208561 8 0 
16.6039709 13.3042342 0.294191867 1674207973.08208561 9 0 
44.9714954 -9.45818472 0.257749647 1674207973.08208561 10 0 
35.6100826 -26.0852331 0.272045821 1674207973.08208561 11 0 
42.2878361 -9.76355853 0.276750028 1674207973.68719101 0 0 
25.0942471 4.61530147 0.202673137 1674207973.68719101 1 0 
13.7133277 -10.9137752 0.232486859 1674207973.68719101 2 0 
34.1778319 2.30776521 0.312761813 1674207973.68719101 3 0 
23.5070014 2.7778022 0.135329291 1674207973.68719101 4 0 
25.0913916 -19.5978503 0.256833911 1674207973.68719101 5 0 
15.2337868 -13.9483074 0.253769755 1674207973.68719101 6 0 
34.3119017 8.56405644 0.285388947 1674207973.68719101 7 0 
28.1163603 6.27852658 0.109829977 1674207973.68719101 8 0 
31.8489169 1.84293209 0.266870111 1674207974.29232502 0 0 
22.8870169 4.43389259 0.183647975 1674207974.29232502 1 0 
25.7240056 9.01558191 0.254753411 1674207974.29232502 2 0 
32.2377195 8.15262891 0.262278229 1674207974.29232502 3 0 
12.5378162 -13.8573921 0.261062413 1674207974.29232502 4 0 
39.6956536 -10.4033568 0.293231845 1674207974.29232502 5 0 
44.0055643 -8.19050022 0.294103414 1674207974.29232502 6 0 
11.1134944 -10.7653627 0.200831801 1674207974.29232502 7 0 
43.5617424 -18.5319046 0.328212917 1674207974.29232502 8 0 
21.3677093 2.74258139 0.131817445 1674207974.29232502 9 0 
25.9129232 6.03319869 0.105362236 1674207974.29232502 10 0 
5.56906258 5.19708013 0.248188153 1674207974.29232502 11 0 
29.6005188 1.43832905 0.238308921 1674207974.89748383 0 0 
23.6686279 8.74444423 0.2703183 1674207974.89748383 1 0 
37.0371816 -11.0701631 0.28027752 1674207974.89748383 2 0 
30.1236385 7.70318126 0.25069502 1674207974.89748383 3 0 
41.4817813 -8.92532685 0.29812181 1674207974.89748383 4 0 
20.7289615 4.30277531 0.186042309 1674207974.89748383 5 0 
9.83463261 -13.7230463 0.252161801 1674207974.89748383 6 0 
23.8376983 5.8002446 0.107096285 1674207974.89748383 7 0 
40.7597164 -19.394117 0.333290279 1674207974.89748383 8 0 
8.62382746 -10.5134423 0.200948879 1674207974.89748383 9 0 
19.2093439 2.59131288 0.144241616 1674207974.89748383 10 0 
27.0533448 -26.9047577 0.293487668 1674207974.89748383 11 0 
10.5403105 13.5933769 0.271591663 1674207974.89748383 12 0 
28.2978924 -17.1031359 0.129286259 1674207974.89748383 13 0 
27.2738515 1.38337367 0.286155343 1674207975.50263548 0 0 
15.1152746 -8.26401553 0.313726217 1674207975.50263548 1 0 
27.741418 7.63264209 0.263058692 1674207975.50263548 2 0 
13.6373774 0.666048234 0.197576389 1674207975.50263548 3 0 
34.5625594 -11.1996056 0.307309955 1674207975.50263548 4 0 
39.1175844 -9.10067488 0.329787791 1674207975.50263548 5 0 
18.3490586 4.23575911 0.170862511 1674207975.50263548 6 0 
21.3440548 8.74087331 0.26326865 1674207975.50263548 7 0 
38.3579063 -19.457948 0.32311821 1674207975.50263548 8 0 
16.6496744 2.61888227 0.115945145 1674207975.50263548 9 0 
7.40098518 -13.7076685 0.248290375 1674207975.50263548 10 0 
25.4013914 -17.2683269 0.151186004 1674207975.50263548 11 0 
17.0406146 -19.9605465 0.292749405 1674207975.50263548 12 0 
21.566532 5.67925874 0.0648109615 1674207975.50263548 13 0 
11.2544389 20.2911808 0.260964721 1674207975.50263548 14 0 
32.3056276 19.724981 0.224970922 1674207975.50263548 15 0 
27.2608527 1.16121423 0.295723408 1674207976.00696707 0 0 
27.7209449 7.50662248 0.263619334 1674207976.00696707 1 0 
34.5627581 -11.305966 0.287583202 1674207976.00696707 2 0 
15.1218508 -8.42991102 0.3018336 1674207976.00696707 3 0 
23.5504062 -15.6827549 0.370895594 1674207976.00696707 4 0 
39.1483044 -9.21604585 0.334488839 1674207976.00696707 5 0 
18.3197513 4.08399859 0.168960154 1674207976.00696707 6 0 
13.6316782 0.4849247 0.217952549 1674207976.00696707 7 0 
38.3010545 -19.5922969 0.308277547 1674207976.00696707 8 0 
33.5527668 1.0475996 0.186023846 1674207976.00696707 9 0 
16.71964 2.49316025 0.164410561 1674207976.00696707 10 0 
17.0490862 -20.0174527 0.233778223 1674207976.00696707 11 0 
8.14701846 13.3901387 0.280693173 1674207976.00696707 12 0 
21.5460258 5.67030751 0.135704726 1674207976.00696707 13 0 
34.5385022 -11.4794771 0.306195855 1674207976.51122785 0 0 
27.7002102 7.39657113 0.274272621 1674207976.51122785 1 0 
15.1377899 -8.46733223 0.250144869 1674207976.51122785 2 0 
18.3153247 3.9140171 0.149160102 1674207976.51122785 3 0 
38.3848464 -19.6946466 0.339175701 1674207976.51122785 4 0 
21.3049788 8.47322001 0.261739463 1674207976.51122785 5 0 
33.473605 0.867010969 0.163122401 1674207976.51122785 6 0 
8.17177919 13.2813641 0.267569751 1674207976.51122785 7 0 
35.304544 -30.0327368 0.269565403 1674207976.51122785 8 0 
34.5173318 -11.6030313 0.275413185 1674207977.01553822 0 0 
39.0903259 -9.57464425 0.330937326 1674207977.01553822 1 0 
27.7227281 7.22740946 0.241989449 1674207977.01553822 2 0 
33.4468776 0.752945758 0.171283036 1674207977.01553822 3 0 
21.3138622 8.32781881 0.273222148 1674207977.01553822 4 0 
38.3206641 -19.8169129 0.286352366 1674207977.01553822 5 0 
18.3060582 3.83730793 0.190091953 1674207977.01553822 6 0 
43.7005502 0.848252374 0.306465745 1674207977.01553822 7 0 
35.366577 -30.1792761 0.280977666 1674207977.01553822 8 0 
21.5672074 5.23046744 0.170208588 1674207977.01553822 9 0 
34.5735224 -11.7721425 0.314184546 1674207977.62073088 0 0 
39.1015343 -9.70348193 0.336069047 1674207977.62073088 1 0 
33.4984653 0.622683365 0.15435639 1674207977.62073088 2 0 
23.5452452 -16.0556662 0.36186409 1674207977.62073088 3 0 
38.2337004 -20.0596999 0.321330547 1674207977.62073088 4 0 
21.3146396 8.18334517 0.276936829 1674207977.62073088 5 0 
15.0606459 -8.75920695 0.326560676 1674207977.62073088 6 0 
18.3403482 3.67995569 0.164207891 1674207977.62073088 7 0 
35.4074445 -30.273924 0.279475302 1674207977.62073088 8 0 
21.3891062 5.22228848 0.117457628 1674207977.62073088 9 0 
34.5192706 -11.8887301 0.299858749 1674207978.22587824 0 0 
39.0573344 -9.8614583 0.342414737 1674207978.22587824 1 0 
23.5086627 -16.169583 0.366293222 1674207978.22587824 2 0 
33.6077096 0.540153875 0.208693728 1674207978.22587824 3 0 
21.2795062 8.07367029 0.266012132 1674207978.22587824 4 0 
38.3548129 -20.0522471 0.325877428 1674207978.22587824 5 0 
43.6171053 0.602748798 0.298206449 1674207978.22587824 6 0 
33.8812729 -1.98791846 0.145903856 1674207978.22587824 7 0 
35.3407205 -30.4199719 0.288551211 1674207978.22587824 8 0 
35.2562896 6.5972575 0.235481426 1674207978.22587824 9 0 
18.3292265 3.60479382 0.15100278 1674207978.22587824 10 0 
21.3438674 5.08795914 0.114838533 1674207978.22587824 11 0 
34.1401447 -11.7906883 0.297493011 1674207979.03276682 0 0 
38.7132892 -9.78266227 0.334766388 1674207979.03276682 1 0 
43.6105793 0.437270336 0.286989361 1674207979.03276682 2 0 
35.3599185 6.70722483 0.275182992 1674207979.03276682 3 0 
37.5610562 -20.1705162 0.327392936 1674207979.03276682 4 0 
33.8331094 4.5136779 0.155858532 1674207979.03276682 5 0 
18.4173438 4.18130246 0.158480048 1674207979.03276682 6 0 
34.1424981 -21.9408555 0.15632464 1674207979.03276682 7 0 
24.9331859 -17.4563632 0.12971653 1674207979.03276682 8 0 
34.0923648 -11.8605569 0.319664419 1674207979.53703499 0 0 
38.7217483 -9.7548334 0.330351532 1674207979.53703499 1 0 
43.6943528 0.416245817 0.311520517 1674207979.53703499 2 0 
35.3330806 6.68060882 0.260702729 1674207979.53703499 3 0 
33.812035 4.50659516 0.113712028 1674207979.53703499 4 0 
34.142397 -21.9755104 0.171970814 1674207979.53703499 5 0 
34.3503733 -30.315228 0.28438893 1674207979.53703499 6 0 
34.0486065 -11.9344999 0.325450122 1674207980.04131937 0 0 
38.7685165 -9.84767449 0.351942599 1674207980.04131937 1 0 
43.6362526 0.47216438 0.311811924 1674207980.04131937 2 0 
33.8615934 4.57425765 0.15155597 1674207980.04131937 3 0 
38.1327838 -9.82565732 0.353705764 1674207980.54564333 0 0 
33.4162482 -11.8535487 0.30863446 1674207980.54564333 1 0 
42.9349263 0.547579654 0.299950659 1674207980.54564333 2 0 
36.9316562 -20.1052936 0.311662018 1674207980.54564333 3 0 
32.8586141 -11.8311361 0.286065638 1674207981.04994583 0 0 
42.3904098 0.570943226 0.294373482 1674207981.04994583 1 0 
26.4827506 7.3878866 0.293830603 1674207981.04994583 2 0 
36.3518919 -20.1420589 0.332981706 1674207981.04994583 3 0 
43.3516016 6.75265679 0.211560145 1674207981.04994583 4 0 
55.975366 -12.1797874 0.255014271 1674207981.04994583 5 0 
42.4419487 0.572315494 0.320936084 1674207981.55423594 0 0 
32.8597926 -11.8618777 0.309111238 1674207981.55423594 1 0 
43.3228904 6.72715231 0.216858044 1674207981.55423594 2 0 
36.3753265 -20.1089417 0.316668034 1674207981.55423594 3 0 
55.9295451 -12.1902641 0.236184508 1674207981.55423594 4 0 
42.4445999 0.544465977 0.308546454 1674207982.05853987 0 0 
32.8493135 -11.922033 0.311724991 1674207982.05853987 1 0 
43.3528558 6.76111923 0.224173695 1674207982.05853987 2 0 
36.3578277 -20.1188669 0.301953614 1674207982.05853987 3 0 
55.9231401 -12.1834131 0.229212761 1674207982.05853987 4 0 
42.4245002 0.575201406 0.308695942 1674207982.56287479 0 0 
32.8615197 -11.9374238 0.32193312 1674207982.56287479 1 0 
43.349437 6.76172422 0.216554791 1674207982.56287479 2 0 
36.4017061 -20.1402162 0.325089514 1674207982.56287479 3 0 
55.8958028 -12.2538384 0.244050056 1674207982.56287479 4 0 
32.2983108 4.65824268 0.16387248 1674207982.56287479 5 0 
42.4353426 0.532253012 0.312450796 1674207983.06722832 0 0 
32.8311909 -11.9512993 0.318657875 1674207983.06722832 1 0 
43.353549 6.75889133 0.218915582 1674207983.06722832 2 0 
55.9123616 -12.2541625 0.249443948 1674207983.06722832 3 0 
34.0191139 6.71191113 0.161778241 1674207983.06722832 4 0 
49.0777514 2.45247494 0.139195487 1674207983.06722832 5 0 
42.4253226 0.504098666 0.305570304 1674207983.57149744 0 0 
32.8237127 -11.9929896 0.315633297 1674207983.57149744 1 0 
43.3174555 6.75131505 0.256867558 1674207983.57149744 2 0 
33.9930775 6.7535037 0.256517529 1674207983.57149744 3 0 
55.9354868 -12.2947837 0.264496326 1674207983.57149744 4 0 
38.6246029 -9.95857976 0.203479975 1674207983.57149744 5 0 
49.1325801 2.44919513 0.193201959 1674207983.57149744 6 0 
42.4451502 0.495803469 0.321729004 1674207984.07572556 0 0 
32.8854946 -12.0039108 0.318431646 1674207984.07572556 1 0 
43.3467985 6.76536882 0.269013017 1674207984.07572556 2 0 
33.9883168 6.74193299 0.262524068 1674207984.07572556 3 0 
49.0547939 2.44651364 0.122815184 1674207984.07572556 4 0 
53.9747897 5.01132444 0.161616817 1674207984.07572556 5 0 
40.6980742 7.71394231 0.19916977 1674207984.07572556 6 0 
55.9078995 -12.3426557 0.247137308 1674207984.07572556 7 0 
42.389063 0.481245523 0.306034416 1674207984.58002496 0 0 
32.8440009 -11.953614 0.30723998 1674207984.58002496 1 0 
43.356233 6.72263416 0.252013028 1674207984.58002496 2 0 
34.0357946 6.66360702 0.226415709 1674207984.58002496 3 0 
55.9268162 -12.2966899 0.254897475 1674207984.58002496 4 0 
49.0872768 2.43556738 0.171515122 1674207984.58002496 5 0 
42.4221218 0.490981832 0.321740419 1674207985.08434057 0 0 
32.8286442 -12.0126554 0.316602558 1674207985.08434057 1 0 
43.3407719 6.72999802 0.248459637 1674207985.08434057 2 0 
34.0552957 6.68887637 0.195613191 1674207985.08434057 3 0 
55.932415 -12.3223664 0.2704584 1674207985.08434057 4 0 
49.0588534 2.44380643 0.16098845 1674207985.08434057 5 0 
42.4010907 0.449804241 0.297912657 1674207985.58866239 0 0 
32.7937255 -12.001812 0.306066304 1674207985.58866239 1 0 
55.9508912 -12.2697643 0.255921513 1674207985.58866239 2 0 
43.3835788 6.67757437 0.251071244 1674207985.58866239 3 0 
34.0476185 6.70504455 0.223969772 1674207985.58866239 4 0 
36.3290178 -20.214363 0.316094607 1674207985.58866239 5 0 
42.4164156 0.448729496 0.32191819 1674207986.09295487 0 0 
32.8162714 -12.0145152 0.314437985 1674207986.09295487 1 0 
43.3464076 6.68513555 0.247826606 1674207986.09295487 2 0 
34.0620533 6.71426712 0.252532393 1674207986.09295487 3 0 
55.9308328 -12.2861872 0.235655308 1674207986.09295487 4 0 
49.0320626 2.36154331 0.182832837 1674207986.09295487 5 0 
42.4061682 0.463488282 0.306755573 1674207986.59726119 0 0 
32.8199072 -12.0031675 0.304868758 1674207986.59726119 1 0 
38.5718111 -9.78681087 0.24404411 1674207986.59726119 2 0 
43.3267128 6.70172092 0.230835393 1674207986.59726119 3 0 
34.0736663 6.6600022 0.191581622 1674207986.59726119 4 0 
55.9177949 -12.3166678 0.24903968 1674207986.59726119 5 0 
47.6354858 -21.5832699 0.249508187 1674207986.59726119 6 0 
49.0662208 2.39071088 0.142374322 1674207986.59726119 7 0 
42.3704728 0.43446539 0.287514836 1674207987.20237303 0 0 
32.8418585 -11.9817254 0.322184235 1674207987.20237303 1 0 
43.3443954 6.6882493 0.250160933 1674207987.20237303 2 0 
34.0384864 6.67904894 0.21798861 1674207987.20237303 3 0 
40.7721409 7.65934635 0.166944072 1674207987.20237303 4 0 
55.9120134 -12.3034363 0.244606882 1674207987.20237303 5 0 
49.0982212 2.38238041 0.185852274 1674207987.20237303 6 0 
42.3963227 0.430047509 0.297115743 1674207987.70667744 0 0 
32.8698317 -11.9875573 0.320550859 1674207987.70667744 1 0 
38.5156524 -9.78323906 0.233042374 1674207987.70667744 2 0 
43.3304631 6.68664599 0.234015062 1674207987.70667744 3 0 
34.0447559 6.67650212 0.220852032 1674207987.70667744 4 0 
55.8784144 -12.30983 0.218843028 1674207987.70667744 5 0 
40.7715728 7.66958038 0.213900298 1674207987.70667744 6 0 
49.0841362 2.38625953 0.158657983 1674207987.70667744 7 0 
42.4218008 0.44078056 0.31018424 1674207988.4126997 0 0 
32.8434186 -12.0042922 0.317437679 1674207988.4126997 1 0 
43.367117 6.67822619 0.24492237 1674207988.4126997 2 0 
34.0523045 6.65431518 0.210033685 1674207988.4126997 3 0 
55.9059042 -12.3214004 0.229453743 1674207988.4126997 4 0 
40.7341478 7.70586298 0.233388111 1674207988.4126997 5 0 
49.0556652 2.3561295 0.13163799 1674207988.4126997 6 0 
