1674207936.67163754 -0.00959955543 -0.00194804132 0 1 0 0 -2.45363317e-06 0 0 0 3.14158775 -3.14159265 3.14159265
1674207938.28543925 0.565372882 -0.0392769691 0 0.999998891 0 0 -0.00148935837 0 0 0 3.13861394 -3.14159265 3.14159265
1674207939.59658194 1.96111341 -0.169092467 0 0.999979737 0 0 -0.00636598597 0 0 0 3.1288606 -3.14159265 3.14159265
1674207940.70605707 3.76504862 -0.377422923 0 0.999954296 0 0 -0.00956063291 0 0 0 3.1224711 -3.14159265 3.14159265
1674207941.61376572 5.65722979 -0.601790896 0 0.999958583 0 0 -0.00910119124 0 0 0 3.12339002 -3.14159265 3.14159265
1674207942.72327328 5.65722979 -0.601790896 0 0.999958583 0 0 -0.00910119124 0 0 0 3.12339002 -3.14159265 3.14159265
1674207943.42928696 7.44115369 -0.70827355 0 0.999954462 0 0 -0.00954324224 0 0 0 3.12250588 -3.14159265 3.14159265
1674207944.03445649 9.01287841 -0.790503094 0 0.999953774 0 0 -0.0096151021 0 0 0 3.12236215 -3.14159265 3.14159265
1674207944.74046421 10.8730183 -0.884798819 0 0.999971117 0 0 -0.00760028453 0 0 0 3.12639194 -3.14159265 3.14159265
1674207945.64816666 10.8730183 -0.884798819 0 0.999971117 0 0 -0.00760028453 0 0 0 3.12639194 -3.14159265 3.14159265
1674207946.35422206 10.8730183 -0.884798819 0 0.999971117 0 0 -0.00760028453 0 0 0 3.12639194 -3.14159265 3.14159265
1674207946.95936966 12.707679 -0.933302567 0 0.999988227 0 0 -0.00485250237 0 0 0 3.13188761 -3.14159265 3.14159265
1674207947.76625919 12.707679 -0.933302567 0 0.999988227 0 0 -0.00485250237 0 0 0 3.13188761 -3.14159265 3.14159265
1674207948.4722271 12.707679 -0.933302567 0 0.999988227 0 0 -0.00485250237 0 0 0 3.13188761 -3.14159265 3.14159265
1674207948.97656536 14.3260067 -1.04052188 0 0.999994215 0 0 -0.00340133424 0 0 0 3.13478997 -3.14159265 3.14159265
1674207949.58171701 14.3260067 -1.04052188 0 0.999994215 0 0 -0.00340133424 0 0 0 3.13478997 -3.14159265 3.14159265
1674207950.2877357 14.3260067 -1.04052188 0 0.999994215 0 0 -0.00340133424 0 0 0 3.13478997 -3.14159265 3.14159265
1674207951.19553375 14.5821797 -1.79138785 0 0.999864876 0 0 -0.0164386922 0 0 0 3.10871379 -3.14159265 3.14159265
1674207952.00238085 14.5821797 -1.79138785 0 0.999864876 0 0 -0.0164386922 0 0 0 3.10871379 -3.14159265 3.14159265
1674207952.60751104 14.5811596 -2.20117692 0 0.999403544 0 0 -0.0345333934 0 0 0 3.07251213 -3.14159265 3.14159265
1674207953.41441202 14.8265538 -3.25484525 0 0.999781593 0 0 0.0208989465 0 0 0 0.0418009362 -0 0
1674207953.91868305 16.502508 -3.38127893 0 0.999727792 0 0 0.0233311255 0 0 0 0.0466664854 -0 0
1674207954.72554564 16.502508 -3.38127893 0 0.999727792 0 0 0.0233311255 0 0 0 0.0466664854 -0 0
1674207955.4315443 16.502508 -3.38127893 0 0.999727792 0 0 0.0233311255 0 0 0 0.0466664854 -0 0
1674207956.03670454 16.502508 -3.38127893 0 0.999727792 0 0 0.0233311255 0 0 0 0.0466664854 -0 0
1674207956.74275351 16.502508 -3.38127893 0 0.999727792 0 0 0.0233311255 0 0 0 0.0466664854 -0 0
1674207957.3479321 16.502508 -3.38127893 0 0.999727792 0 0 0.0233311255 0 0 0 0.0466664854 -0 0
1674207957.85219646 18.4609363 -3.3752008 0 0.999631562 0 0 0.0271429559 0 0 0 0.0542925798 -0 0
1674207958.35653877 18.4609363 -3.3752008 0 0.999631562 0 0 0.0271429559 0 0 0 0.0542925798 -0 0
1674207958.86079144 20.4541644 -3.37957496 0 0.999444373 0 0 0.03333085 0 0 0 0.066674049 -0 0
1674207959.46601748 20.4541644 -3.37957496 0 0.999444373 0 0 0.03333085 0 0 0 0.066674049 -0 0
1674207960.17195559 20.4541644 -3.37957496 0 0.999444373 0 0 0.03333085 0 0 0 0.066674049 -0 0
1674207960.77711153 20.4541644 -3.37957496 0 0.999444373 0 0 0.03333085 0 0 0 0.066674049 -0 0
1674207961.28143883 20.4541644 -3.37957496 0 0.999444373 0 0 0.03333085 0 0 0 0.066674049 -0 0
1674207961.78577876 20.4541644 -3.37957496 0 0.999444373 0 0 0.03333085 0 0 0 0.066674049 -0 0
1674207962.39089727 20.4541644 -3.37957496 0 0.999444373 0 0 0.03333085 0 0 0 0.066674049 -0 0
1674207963.19789791 20.4541644 -3.37957496 0 0.999444373 0 0 0.03333085 0 0 0 0.066674049 -0 0
1674207963.80294418 20.4541644 -3.37957496 0 0.999444373 0 0 0.03333085 0 0 0 0.066674049 -0 0
1674207964.40810108 20.4541644 -3.37957496 0 0.999444373 0 0 0.03333085 0 0 0 0.066674049 -0 0
1674207965.11411953 20.4541644 -3.37957496 0 0.999444373 0 0 0.03333085 0 0 0 0.066674049 -0 0
1674207965.82015681 20.4541644 -3.37957496 0 0.999444373 0 0 0.03333085 0 0 0 0.066674049 -0 0
1674207966.42528152 20.4541644 -3.37957496 0 0.999444373 0 0 0.03333085 0 0 0 0.066674049 -0 0
1674207967.03047538 20.4541644 -3.37957496 0 0.999444373 0 0 0.03333085 0 0 0 0.066674049 -0 0
1674207967.6356101 20.4541644 -3.37957496 0 0.999444373 0 0 0.03333085 0 0 0 0.066674049 -0 0
1674207968.1398797 20.4541644 -3.37957496 0 0.999444373 0 0 0.03333085 0 0 0 0.066674049 -0 0
1674207968.84596205 20.4541644 -3.37957496 0 0.999444373 0 0 0.03333085 0 0 0 0.066674049 -0 0
1674207969.45110559 20.4541644 -3.37957496 0 0.999444373 0 0 0.03333085 0 0 0 0.066674049 -0 0
1674207970.05623531 20.4541644 -3.37957496 0 0.999444373 0 0 0.03333085 0 0 0 0.066674049 -0 0
1674207970.66143322 20.4541644 -3.37957496 0 0.999444373 0 0 0.03333085 0 0 0 0.066674049 -0 0
1674207971.26655436 20.4541644 -3.37957496 0 0.999444373 0 0 0.03333085 0 0 0 0.066674049 -0 0
1674207972.07342243 20.4541644 -3.37957496 0 0.999444373 0 0 0.03333085 0 0 0 0.066674049 -0 0
1674207972.57772732 20.4541644 -3.37957496 0 0.999444373 0 0 0.03333085 0 0 0 0.066674049 -0 0
1674207973.08208561 20.4541644 -3.37957496 0 0.999444373 0 0 0.03333085 0 0 0 0.066674049 -0 0
1674207973.68719101 20.4541644 -3.37957496 0 0.999444373 0 0 0.03333085 0 0 0 0.066674049 -0 0
1674207974.29232502 20.4541644 -3.37957496 0 0.999444373 0 0 0.03333085 0 0 0 0.066674049 -0 0
1674207974.89748383 20.4541644 -3.37957496 0 0.999444373 0 0 0.03333085 0 0 0 0.066674049 -0 0
1674207975.50263548 20.4541644 -3.37957496 0 0.999444373 0 0 0.03333085 0 0 0 0.066674049 -0 0
1674207976.00696707 22.3536446 -3.48372573 0 0.999282069 0 0 0.037885963 0 0 0 0.0757900642 -0 0
1674207976.51122785 24.0163209 -3.55447473 0 0.999151152 0 0 0.0411943549 0 0 0 0.0824120296 -0 0
1674207977.01553822 25.5695595 -3.66695208 0 0.999179274 0 0 0.0405065222 0 0 0 0.0810352149 -0 0
1674207977.62073088 27.223499 -3.84231922 0 0.999332266 0 0 0.0365379473 0 0 0 0.073092164 -0 0
1674207978.22587824 28.6312461 -3.98948506 0 0.9994633 0 0 0.0327584024 0 0 0 0.0655285284 -0 0
1674207979.03276682 30.1791066 -3.83772783 0 0.999935073 0 0 0.0113951558 0 0 0 0.0227908049 -0 0
1674207979.53703499 31.1398165 -3.87471873 0 0.999976838 0 0 0.00680619423 0 0 0 0.0136124936 -0 0
1674207980.04131937 31.9325467 -3.98170642 0 0.999974084 0 0 0.0071994272 0 0 0 0.0143989788 -0 0
1674207980.54564333 31.9325467 -3.98170642 0 0.999974084 0 0 0.0071994272 0 0 0 0.0143989788 -0 0
1674207981.04994583 31.9325467 -3.98170642 0 0.999974084 0 0 0.0071994272 0 0 0 0.0143989788 -0 0
1674207981.55423594 32.3804257 -3.96241983 0 0.999932222 0 0 0.0116426706 0 0 0 0.0232858674 -0 0
1674207982.05853987 32.870755 -3.98330245 0 0.999860759 0 0 0.0166871968 0 0 0 0.0333759427 -0 0
1674207982.56287479 33.3256055 -3.95954915 0 0.999790061 0 0 0.0204898258 0 0 0 0.0409825196 -0 0
1674207983.06722832 33.6915991 -3.95982149 0 0.999746503 0 0 0.0225150804 0 0 0 0.0450339662 -0 0
1674207983.57149744 33.9864803 -3.97266347 0 0.999719187 0 0 0.023696975 0 0 0 0.0473983868 -0 0
1674207984.07572556 34.2231011 -3.97539185 0 0.999642902 0 0 0.026722062 0 0 0 0.0534504865 -0 0
1674207984.58002496 34.3808061 -3.94613159 0 0.999655946 0 0 0.0262295516 0 0 0 0.0524651203 -0 0
1674207985.08434057 34.489047 -3.95240687 0 0.99961565 0 0 0.0277227903 0 0 0 0.0554526851 -0 0
1674207985.58866239 34.5392512 -3.96225636 0 0.999652729 0 0 0.0263518814 0 0 0 0.0527098645 -0 0
1674207986.09295487 34.5896572 -3.98227768 0 0.999644504 0 0 0.0266620718 0 0 0 0.0533304634 -0 0
1674207986.59726119 34.630451 -3.96327061 0 0.999631263 0 0 0.0271539702 0 0 0 0.0543146165 -0 0
1674207987.20237303 34.6211502 -3.97843925 0 0.999635737 0 0 0.0269887565 0 0 0 0.0539840679 -0 0
1674207987.70667744 34.6386737 -3.9844493 0 0.999623711 0 0 0.0274305866 0 0 0 0.0548680554 -0 0
1674207988.4126997 34.7484131 -3.97479826 0 0.999597845 0 0 0.0283575117 0 0 0 0.0567226274 -0 0
