1674207936.67163754 -0.00959955543 -0.00194804132 0 1 0 0 -2.45363317e-06 0 0 0 3.14158775 -3.14159265 3.14159265
1674207938.28543925 0.574972438 -0.0373289278 0 0.999998895 0 0 -0.00148690474 0 0 0 3.13861884 -3.14159265 3.14159265
1674207939.59658194 1.39574052 -0.129815498 0 0.999988109 0 0 -0.00487665072 0 0 0 3.13183931 -3.14159265 3.14159265
1674207940.70605707 1.80393521 -0.208330456 0 0.999994897 0 0 -0.00319474416 0 0 0 3.13520315 -3.14159265 3.14159265
1674207941.61376572 1.89218117 -0.224367973 0 0.999999894 0 0 0.000459461657 0 0 0 0.000918923347 -0 0
1674207942.72327328 0 0 0 1 0 0 0 0 0 0 0 -0 0
1674207943.42928696 1.7839239 -0.106482654 0 0.999999902 0 0 -0.000442070197 0 0 0 3.14070851 -3.14159265 3.14159265
1674207944.03445649 1.57172472 -0.0822295439 0 0.999999997 0 0 -7.18631529e-05 0 0 0 3.14144893 -3.14159265 3.14159265
1674207944.74046421 1.86013989 -0.0942957253 0 0.99999797 0 0 0.00201489119 0 0 0 0.00402978511 -0 0
1674207945.64816666 0 0 0 1 0 0 0 0 0 0 0 -0 0
1674207946.35422206 0 0 0 1 0 0 0 0 0 0 0 -0 0
1674207946.95936966 1.83466074 -0.048503748 0 0.999996225 0 0 0.00274783283 0 0 0 0.00549567258 -0 0
1674207947.76625919 0 0 0 1 0 0 0 0 0 0 0 -0 0
1674207948.4722271 0 0 0 1 0 0 0 0 0 0 0 -0 0
1674207948.97656536 1.6183277 -0.107219309 0 0.999998947 0 0 0.0014511801 0 0 0 0.00290236123 -0 0
1674207949.58171701 0 0 0 1 0 0 0 0 0 0 0 -0 0
1674207950.2877357 0 0 0 1 0 0 0 0 0 0 0 -0 0
1674207951.19553375 0.256172921 -0.750865971 0 0.999915005 0 0 -0.0130377224 0 0 0 3.11551647 -3.14159265 3.14159265
1674207952.00238085 0 0 0 1 0 0 0 0 0 0 0 -0 0
1674207952.60751104 -0.0010200509 -0.409789077 0 0.999836184 0 0 -0.0180998399 0 0 0 3.105391 -3.14159265 3.14159265
1674207953.41441202 0.24539417 -1.05366833 0 0.998463556 0 0 0.0554123322 0 0 0 0.110881458 -0 0
1674207953.91868305 1.67595418 -0.126433678 0 0.999997041 0 0 0.00243277223 0 0 0 0.00486554927 -0 0
1674207954.72554564 0 0 0 1 0 0 0 0 0 0 0 -0 0
1674207955.4315443 0 0 0 1 0 0 0 0 0 0 0 -0 0
1674207956.03670454 0 0 0 1 0 0 0 0 0 0 0 -0 0
1674207956.74275351 0 0 0 1 0 0 0 0 0 0 0 -0 0
1674207957.3479321 0 0 0 1 0 0 0 0 0 0 0 -0 0
1674207957.85219646 1.95842838 0.00607812949 0 0.99999273 0 0 0.00381303794 0 0 0 0.00762609436 -0 0
1674207958.35653877 0 0 0 1 0 0 0 0 0 0 0 -0 0
1674207958.86079144 1.99322804 -0.00437415395 0 0.999980837 0 0 0.00619069508 0 0 0 0.0123814693 -0 0
1674207959.46601748 0 0 0 1 0 0 0 0 0 0 0 -0 0
1674207960.17195559 0 0 0 1 0 0 0 0 0 0 0 -0 0
1674207960.77711153 0 0 0 1 0 0 0 0 0 0 0 -0 0
1674207961.28143883 0 0 0 1 0 0 0 0 0 0 0 -0 0
1674207961.78577876 0 0 0 1 0 0 0 0 0 0 0 -0 0
1674207962.39089727 0 0 0 1 0 0 0 0 0 0 0 -0 0
1674207963.19789791 0 0 0 1 0 0 0 0 0 0 0 -0 0
1674207963.80294418 0 0 0 1 0 0 0 0 0 0 0 -0 0
1674207964.40810108 0 0 0 1 0 0 0 0 0 0 0 -0 0
1674207965.11411953 0 0 0 1 0 0 0 0 0 0 0 -0 0
1674207965.82015681 0 0 0 1 0 0 0 0 0 0 0 -0 0
1674207966.42528152 0 0 0 1 0 0 0 0 0 0 0 -0 0
1674207967.03047538 0 0 0 1 0 0 0 0 0 0 0 -0 0
1674207967.6356101 0 0 0 1 0 0 0 0 0 0 0 -0 0
1674207968.1398797 0 0 0 1 0 0 0 0 0 0 0 -0 0
1674207968.84596205 0 0 0 1 0 0 0 0 0 0 0 -0 0
1674207969.45110559 0 0 0 1 0 0 0 0 0 0 0 -0 0
1674207970.05623531 0 0 0 1 0 0 0 0 0 0 0 -0 0
1674207970.66143322 0 0 0 1 0 0 0 0 0 0 0 -0 0
1674207971.26655436 0 0 0 1 0 0 0 0 0 0 0 -0 0
1674207972.07342243 0 0 0 1 0 0 0 0 0 0 0 -0 0
1674207972.57772732 0 0 0 1 0 0 0 0 0 0 0 -0 0
1674207973.08208561 0 0 0 1 0 0 0 0 0 0 0 -0 0
1674207973.68719101 0 0 0 1 0 0 0 0 0 0 0 -0 0
1674207974.29232502 0 0 0 1 0 0 0 0 0 0 0 -0 0
1674207974.89748383 0 0 0 1 0 0 0 0 0 0 0 -0 0
1674207975.50263548 0 0 0 1 0 0 0 0 0 0 0 -0 0
1674207976.00696707 1.89948021 -0.104150772 0 0.999989612 0 0 0.00455799178 0 0 0 0.00911601513 -0 0
1674207976.51122785 1.66267628 -0.0707490015 0 0.999994519 0 0 0.00331097667 0 0 0 0.00662196543 -0 0
1674207977.01553822 1.55323859 -0.112477353 0 0.999999763 0 0 -0.000688407296 0 0 0 3.14021584 -3.14159265 3.14159265
1674207977.62073088 1.65393949 -0.175367133 0 0.999992114 0 0 -0.00397151501 0 0 0 3.1336496 -3.14159265 3.14159265
1674207978.22587824 1.40774717 -0.147165849 0 0.999992849 0 0 -0.00378180881 0 0 0 3.13402902 -3.14159265 3.14159265
1674207979.03276682 1.54786048 0.151757233 0 0.999771695 0 0 -0.0213672355 0 0 0 3.09885493 -3.14159265 3.14159265
1674207979.53703499 0.960709891 -0.0369909003 0 0.99998947 0 0 -0.00458913956 0 0 0 3.13241434 -3.14159265 3.14159265
1674207980.04131937 0.792730181 -0.106987691 0 0.999999923 0 0 0.000393242599 0 0 0 0.000786485218 -0 0
1674207980.54564333 0 0 0 1 0 0 0 0 0 0 0 -0 0
1674207981.04994583 0 0 0 1 0 0 0 0 0 0 0 -0 0
1674207981.55423594 0.447878966 0.0192865973 0 0.999990128 0 0 0.00444342968 0 0 0 0.0088868886 -0 0
1674207982.05853987 0.490329308 -0.0208826244 0 0.999987274 0 0 0.00504501628 0 0 0 0.0100900754 -0 0
1674207982.56287479 0.454850583 0.0237532977 0 0.999992768 0 0 0.00380327925 0 0 0 0.00760657684 -0 0
1674207983.06722832 0.365993596 -0.000272334685 0 0.999997948 0 0 0.0020257219 0 0 0 0.00405144657 -0 0
1674207983.57149744 0.294881115 -0.0128419803 0 0.999999301 0 0 0.00118221004 0 0 0 0.00236442062 -0 0
1674207984.07572556 0.236620875 -0.00272838463 0 0.999995422 0 0 0.00302604524 0 0 0 0.00605209972 -0 0
1674207984.58002496 0.15770498 0.0292602648 0 0.999999879 0 0 -0.000492683074 0 0 0 3.14060729 -3.14159265 3.14159265
1674207985.08434057 0.108240859 -0.00627528078 0 0.999998884 0 0 0.00149378186 0 0 0 0.00298756482 -0 0
1674207985.58866239 0.050204211 -0.00984949609 0 0.99999906 0 0 -0.0013714099 0 0 0 3.13884983 -3.14159265 3.14159265
1674207986.09295487 0.0504060049 -0.0200213142 0 0.999999952 0 0 0.000310299472 0 0 0 0.000620598954 -0 0
1674207986.59726119 0.0407938039 0.0190070718 0 0.999999879 0 0 0.000492076496 0 0 0 0.000984153032 -0 0
1674207987.20237303 -0.00930080005 -0.015168642 0 0.999999986 0 0 -0.000165274272 0 0 0 3.14126211 -3.14159265 3.14159265
1674207987.70667744 0.0175234827 -0.00601005579 0 0.999999902 0 0 0.000441993742 0 0 0 0.000883987513 -0 0
1674207988.4126997 0.109739431 0.00965104841 0 0.99999957 0 0 0.000927285849 0 0 0 0.00185457196 -0 0
