1674207957.24706125 3.94416165 5.39641905 0.193660006
1674207957.24706125 9.45152855 5.67021608 0.295890629
1674207957.24706125 -7.27473688 -6.92589092 0.317429453
1674207957.24706125 9.02315426 -10.7266455 0.31204775
1674207957.24706125 -5.12996054 7.22998953 0.221375704
1674207957.24706125 9.36397362 11.0993595 0.212553784
1674207957.24706125 -10.4945354 5.83176279 0.271193653
1674207957.24706125 16.8787975 -11.9061375 0.286847591
1674207957.24706125 -3.43878984 16.8860321 0.247962505
1674207957.24706125 -4.33620405 -14.4673796 0.20754239
1674207957.24706125 5.7733798 22.5959415 0.233611196
1674207957.24706125 24.0339603 6.18784761 0.258302093
1674207957.24706125 13.5336647 23.3448696 0.259819686
