1674207954.92726207 1.70269454 -7.3501153 0.340162814
1674207954.92726207 3.17583632 6.86720228 0.135108396
1674207954.92726207 12.198329 5.48825312 0.224849537
1674207954.92726207 17.7591171 6.06551743 0.332571566
1674207954.92726207 18.141119 -10.436389 0.296839297
1674207954.92726207 -9.23404217 5.00864267 0.261526406
1674207954.92726207 -1.89460492 5.23401308 0.282455146
1674207954.92726207 17.4133091 11.4605618 0.204976469
1674207954.92726207 4.80478621 -14.784544 0.203073204
1674207954.92726207 4.23973179 16.5548592 0.24405098
1674207954.92726207 -4.35483646 19.9672947 0.338792235
1674207954.92726207 -2.91481352 -8.38703537 0.124955431
1674207954.92726207 -12.4378109 -17.6279583 0.199907154
1674207954.92726207 -1.21171725 7.54859161 0.143522307
1674207954.92726207 13.0961533 22.6746826 0.231847703
1674207954.92726207 -12.7216024 16.7036228 0.216183856
1674207954.92726207 -15.8274508 13.3634119 0.246478781
1674207954.92726207 20.8951759 23.8243237 0.26588589
1674207954.92726207 -6.42176819 24.7891083 0.203969404
