1674207960.87798309 -4.86331224 6.0644455 0.274507195
1674207960.87798309 9.56254387 6.0365057 0.269589216
1674207960.87798309 5.41407156 8.28973866 0.244714335
1674207960.87798309 2.05337 -11.6320229 0.237584502
1674207960.87798309 13.7755051 -7.11094093 0.291150361
1674207960.87798309 -5.54484081 -10.2786036 0.289119482
1674207960.87798309 9.47093201 11.2304497 0.265867382
1674207960.87798309 18.3160019 7.84660006 0.283269852
1674207960.87798309 -4.76598835 11.5838528 0.255058706
1674207960.87798309 16.3467388 -13.0431061 0.331117362
1674207960.87798309 -10.3858185 6.04614305 0.223952442
1674207960.87798309 4.77802944 -20.5110512 0.247342467
1674207960.87798309 17.6573849 12.8603468 0.238382176
1674207960.87798309 -7.97181702 23.1454792 0.258167922
1674207960.87798309 -19.2829781 -13.5169067 0.215583712
1674207960.87798309 -1.45114052 18.0018291 0.208874539
