1674207968.94674587 3.43148851 -7.84289312 0.324978173
1674207968.94674587 -4.98685217 -6.4083128 0.214983031
1674207968.94674587 1.40985954 -6.57461262 0.179622352
1674207968.94674587 3.99928069 11.4451923 0.275492817
1674207968.94674587 7.67118502 7.48654461 0.255871713
1674207968.94674587 -6.09694195 10.6758661 0.283901334
1674207968.94674587 11.7815266 -8.75330639 0.238633111
1674207968.94674587 12.83811 -12.0470123 0.284393251
1674207968.94674587 0.840027094 8.39033127 0.189754412
1674207968.94674587 21.0412579 -6.49803638 0.296216249
1674207968.94674587 -11.6837711 15.0965452 0.287222207
1674207968.94674587 -13.1212397 -6.12799215 0.258536041
1674207968.94674587 -10.5900793 10.2404652 0.192544043
1674207968.94674587 -0.548528254 -12.2238035 0.14640215
1674207968.94674587 11.3797903 21.5082874 0.281831056
1674207968.94674587 19.9451656 1.92553127 0.201035529
1674207968.94674587 -18.7410526 15.4406805 0.268840373
1674207968.94674587 -14.355361 -16.8456001 0.172843724
