1674207947.16105008 8.90067768 -8.39632607 0.310366929
1674207947.16105008 9.32975864 3.72872138 0.24027513
1674207947.16105008 13.9527092 -5.85314655 0.301263601
1674207947.16105008 -8.06675625 -5.23019314 0.3410137
1674207947.16105008 -2.43389225 7.07408285 0.227705866
1674207947.16105008 2.63784647 -11.7716455 0.177406773
1674207947.16105008 16.3565159 4.00587988 0.257100195
1674207947.16105008 -6.50680447 6.07472038 0.20665583
1674207947.16105008 1.67285872 12.0921831 0.254511833
1674207947.16105008 9.19482517 11.8012886 0.264609814
1674207947.16105008 6.41760683 -8.49609089 0.167702064
1674207947.16105008 3.32665515 6.42459822 0.116074771
1674207947.16105008 -11.7236757 -9.02315998 0.231379405
1674207947.16105008 -0.877276361 17.6014576 0.267223805
1674207947.16105008 -8.92583847 13.3288097 0.264105469
1674207947.16105008 23.8777275 4.60232592 0.229914203
1674207947.16105008 -0.55492872 -17.3068714 0.265555918
1674207947.16105008 12.4710989 -10.8435755 0.175427541
1674207947.16105008 -12.3377066 16.9005566 0.292542964
1674207947.16105008 -6.25976562 7.83768415 0.0992167965
