1674207947.66538477 7.26463032 -8.49800682 0.319101483
1674207947.66538477 7.85078239 3.61358786 0.235744983
1674207947.66538477 7.58859205 11.6805983 0.236150607
1674207947.66538477 -3.92520881 7.06565046 0.220052868
1674207947.66538477 -4.29294729 -8.03435516 0.285826445
1674207947.66538477 12.2300806 -6.02896309 0.267171741
1674207947.66538477 -9.63931751 -5.10804081 0.325729042
1674207947.66538477 14.8834667 3.79620314 0.267794162
1674207947.66538477 4.71020985 -8.46135902 0.171993732
1674207947.66538477 0.320691377 12.0837345 0.256089598
1674207947.66538477 -7.90232801 6.16988087 0.19985272
1674207947.66538477 10.7203789 -11.0191956 0.175222576
1674207947.66538477 22.3049717 4.3039341 0.233760893
1674207947.66538477 -10.2436142 13.4695501 0.285327166
1674207947.66538477 1.66927254 6.47203398 0.121320046
1674207947.66538477 1.12581992 -11.8364878 0.163651645
1674207947.66538477 -2.13753653 17.5962887 0.247040212
1674207947.66538477 -8.86032391 -8.21095371 0.156793028
1674207947.66538477 -13.4058523 -8.82277679 0.227851018
1674207947.66538477 10.7610159 15.2345428 0.275709063
1674207947.66538477 -7.67786932 7.92067099 0.122456521
1674207947.66538477 12.8262701 -18.9578037 0.175690427
