1674207968.03900957 7.04871702 -5.35748625 0.304219186
1674207968.03900957 -0.781666279 -6.5953393 0.261042029
1674207968.03900957 4.79251671 8.24816704 0.190391272
1674207968.03900957 7.93950415 11.3683777 0.269438833
1674207968.03900957 5.58953571 -6.67118311 0.1747832
1674207968.03900957 -2.1030817 10.5842333 0.290671915
1674207968.03900957 11.6323023 7.43838263 0.247222498
1674207968.03900957 -9.15850735 -6.43374348 0.278864175
1674207968.03900957 0.311596453 -12.270155 0.31063062
1674207968.03900957 -6.2274332 9.98770523 0.169223219
1674207968.03900957 15.9919434 -8.71218586 0.215298891
1674207968.03900957 -7.37789536 14.842207 0.276661098
1674207968.03900957 -14.4413614 15.1456928 0.280665964
1674207968.03900957 3.38701725 -12.5882549 0.168516248
1674207968.03900957 4.65635443 21.5659695 0.232872054
