1674207974.69578648 10.1973276 4.23227692 0.261615336
1674207974.69578648 4.74195004 11.9094315 0.266643822
1674207974.69578648 11.1278133 10.4882355 0.272729129
1674207974.69578648 16.8760967 -8.69412327 0.29316017
1674207974.69578648 1.52940679 7.61810493 0.164795458
1674207974.69578648 -10.4190197 -9.69929218 0.253469169
1674207974.69578648 21.4785995 -6.87340784 0.351758838
1674207974.69578648 4.66461515 8.8981638 0.108071044
1674207974.69578648 20.1091137 -17.2162304 0.332035959
1674207974.69578648 -8.08337402 17.4784164 0.253831148
1674207974.69578648 -11.43505 -6.42303133 0.198841542
