1674207978.52844572 4.79009104 -8.16327095 0.315151215
1674207978.52844572 9.33454323 -6.33411312 0.345691055
1674207978.52844572 14.6283379 3.74613667 0.317515731
1674207978.52844572 -6.47038698 -11.7703018 0.36136499
1674207978.52844572 -7.25655937 12.5514202 0.259005725
1674207978.52844572 7.93711996 -16.6317654 0.317943454
1674207978.52844572 4.8870945 8.08313084 0.143763855
1674207978.52844572 8.67381096 -3.1016078 0.238138005
1674207978.52844572 6.48989058 10.1852388 0.24690704
1674207978.52844572 4.42312145 -26.7486496 0.280614525
1674207978.52844572 -10.4796219 8.26698112 0.155649468
1674207978.52844572 -13.6702309 -15.7337818 0.226601303
