1674207954.32212472 3.99632645 -7.34939194 0.300951928
1674207954.32212472 -7.14167309 4.83061695 0.296882808
1674207954.32212472 5.30649519 6.83229542 0.140691519
1674207954.32212472 14.3246918 5.56773901 0.215888932
1674207954.32212472 20.3831024 -10.3220854 0.289874494
1674207954.32212472 19.7903271 6.13854074 0.310191363
1674207954.32212472 6.26224947 16.5095863 0.22639221
1674207954.32212472 1.51729274 -8.24613857 0.130652606
1674207954.32212472 19.4947433 11.5872917 0.198344812
1674207954.32212472 -0.661515594 6.91333914 0.101283148
1674207954.32212472 -0.570437312 -8.48544598 0.12606895
1674207954.32212472 -13.7748852 13.0743589 0.232317954
1674207954.32212472 -9.99938774 -17.8038445 0.174820766
1674207954.32212472 -10.7069874 16.4837112 0.217680618
1674207954.32212472 6.22295475 23.1478596 0.224009916
1674207954.32212472 -2.35302091 19.765873 0.263235003
1674207954.32212472 0.919772446 7.35235167 0.108347736
1674207954.32212472 15.0281219 22.7584229 0.241099358
