1674207962.29000998 3.24286222 6.39530659 0.285081983
1674207962.29000998 7.37050438 -6.78113127 0.300877899
1674207962.29000998 10.3151884 -12.7073946 0.323405534
1674207962.29000998 12.0267687 8.33097839 0.303822279
1674207962.29000998 3.08753896 11.6136789 0.274038196
1674207962.29000998 -0.847807586 8.59884262 0.226759747
1674207962.29000998 -4.12142611 -11.4759598 0.234003767
1674207962.29000998 -11.1426401 6.34199953 0.289536536
1674207962.29000998 11.2051649 13.1973677 0.238577947
1674207962.29000998 1.88346624 -8.07954025 0.123924084
1674207962.29000998 19.5445404 8.21226978 0.219388217
1674207962.29000998 4.31584644 -11.0262356 0.201440454
1674207962.29000998 -11.0755405 11.8096285 0.240886763
1674207962.29000998 23.5679531 8.87441349 0.28778407
1674207962.29000998 4.19623518 21.1752377 0.233963892
1674207962.29000998 8.71719933 -13.103631 0.14017947
