1674207958.05398798 6.4563942 5.65905046 0.304245263
1674207958.05398798 5.80250359 -10.7403479 0.32603544
1674207958.05398798 0.975891948 5.49493742 0.179238498
1674207958.05398798 6.419384 11.0993805 0.224944934
1674207958.05398798 13.6255178 -11.9647112 0.25879699
1674207958.05398798 20.9018097 5.94068718 0.248832226
1674207958.05398798 -7.68111658 -14.3337202 0.222355306
1674207958.05398798 -6.71235752 17.0728168 0.259326577
1674207958.05398798 -8.3454752 7.45108557 0.138320476
1674207958.05398798 16.5647221 -20.6022205 0.239602342
1674207958.05398798 10.7372417 23.2595882 0.24591738
1674207958.05398798 2.96872926 22.6180954 0.226538748
1674207958.05398798 -3.61598778 -24.075489 0.244816512
1674207958.05398798 -15.0972824 20.9839706 0.333578438
1674207958.05398798 2.91434097 -26.2673912 0.218171328
