1674207942.21894932 5.46132183 -6.05810595 0.330505997
1674207942.21894932 -5.28983212 -5.46954775 0.147026032
1674207942.21894932 1.77573562 -9.92982864 0.24918136
1674207942.21894932 10.9731846 -8.83828449 0.319578499
1674207942.21894932 7.14690399 5.16452932 0.195323735
1674207942.21894932 1.98654151 5.20597315 0.144759983
1674207942.21894932 11.2193537 6.23565674 0.211653203
1674207942.21894932 -4.40217161 8.47288704 0.200784549
1674207942.21894932 1.11690354 16.008625 0.305087805
1674207942.21894932 -2.1081593 5.88096333 0.133038312
1674207942.21894932 5.78122902 -22.9071598 0.297766656
1674207942.21894932 22.4655132 -9.08900928 0.320618153
1674207942.21894932 22.7876816 3.18702006 0.275208533
1674207942.21894932 -9.27359867 -17.3737469 0.283064514
1674207942.21894932 -3.99323487 5.28471184 0.127856284
1674207942.21894932 4.568398 12.3979855 0.21916613
1674207942.21894932 7.22099876 6.99667501 0.108887196
1674207942.21894932 6.45090771 -9.08573723 0.129743963
1674207942.21894932 -8.74043465 4.57775593 0.137286201
1674207942.21894932 12.5894003 16.7331047 0.241394818
1674207942.21894932 -2.33548617 -13.7778111 0.152307734
1674207942.21894932 22.4817963 11.1676636 0.255482733
