1674207937.78113794 1.19472253 -5.97994471 0.248536691
1674207937.78113794 12.2350941 -6.71091604 0.33742255
1674207937.78113794 2.53906226 8.03181934 0.185660794
1674207937.78113794 8.45079136 -10.5194178 0.261525422
1674207937.78113794 8.84738255 4.52861738 0.127483591
1674207937.78113794 14.0370979 4.48920441 0.209866002
1674207937.78113794 4.71979809 5.31688452 0.0966415405
1674207937.78113794 -4.6053524 -11.6871996 0.263964981
1674207937.78113794 8.1166029 15.410347 0.262173593
1674207937.78113794 -6.88687992 10.9475508 0.197632864
1674207937.78113794 -7.98335505 6.70567751 0.193133369
1674207937.78113794 -3.30492282 14.7316389 0.264657199
1674207937.78113794 11.5989141 11.855691 0.250318706
1674207937.78113794 -2.75437164 -17.6385937 0.292780161
1674207937.78113794 4.13169193 -14.3038101 0.153586447
1674207937.78113794 22.1035786 10.4282064 0.273492515
