1674207956.74275351 -5.3245225 -6.95272779 0.283125877
1674207956.74275351 5.75926161 5.27298355 0.196907341
1674207956.74275351 11.2562466 5.54253101 0.293257266
1674207956.74275351 10.9030285 -10.8523693 0.294077635
1674207956.74275351 -8.64377499 5.64495564 0.259519786
1674207956.74275351 -3.19185972 7.06858683 0.125438452
1674207956.74275351 11.190546 10.9975805 0.202284351
1674207956.74275351 -1.69981575 16.6951256 0.248373076
1674207956.74275351 5.57080221 -19.5406952 0.284430802
1674207956.74275351 -2.37691498 -14.5969143 0.178354308
1674207956.74275351 19.00107 -12.0349445 0.259461701
1674207956.74275351 7.47272587 22.4265556 0.23112765
1674207956.74275351 1.76274276 -24.3959579 0.263867021
1674207956.74275351 -10.0535936 -7.92321062 0.150256246
1674207956.74275351 15.2589483 23.2128201 0.243102267
