1674207947.46365666 7.9777503 -8.4582901 0.328912467
1674207947.46365666 8.44649982 3.67072129 0.237140134
1674207947.46365666 12.7900333 -5.91315556 0.312396675
1674207947.46365666 -3.30760956 7.09022713 0.230908155
1674207947.46365666 -3.6350646 -8.04705238 0.27569893
1674207947.46365666 8.38079739 11.7539482 0.252033234
1674207947.46365666 15.46451 3.8955338 0.260425746
1674207947.46365666 5.45945978 -8.54628468 0.17599459
1674207947.46365666 0.860770822 12.0925913 0.257705033
1674207947.46365666 2.22058177 6.48713732 0.113967046
1674207947.46365666 -7.29958248 6.11817312 0.195005149
1674207947.46365666 1.72666323 -11.8009825 0.17354773
1674207947.46365666 11.3831854 -10.9231577 0.166715056
1674207947.46365666 22.9721889 4.44118738 0.229731858
1674207947.46365666 -1.62136722 17.6009617 0.260990918
1674207947.46365666 -9.7322197 13.4215355 0.289141834
1674207947.46365666 -8.05058098 -8.16852283 0.170358792
1674207947.46365666 -12.7071667 -8.91135788 0.227104798
1674207947.46365666 19.6292744 18.9399109 0.289180577
1674207947.46365666 -7.16255379 7.94189882 0.0942035615
