1674207950.6911633 2.2533946 -5.7267952 0.281537086
1674207950.6911633 -2.74766135 -8.113307 0.311982214
1674207950.6911633 12.1948528 4.46927881 0.244492158
1674207950.6911633 16.4467125 -7.81185341 0.291270912
1674207950.6911633 -2.04906559 12.0726748 0.248220533
1674207950.6911633 -5.19236231 -8.14836597 0.139537618
1674207950.6911633 -9.31866646 12.6366453 0.297994822
1674207950.6911633 0.759592354 -10.7634439 0.207340434
1674207950.6911633 -9.06236362 -11.2945976 0.173365816
1674207950.6911633 0.965411484 15.5601978 0.229010344
1674207950.6911633 2.84610057 -18.6967239 0.228564918
1674207950.6911633 14.1328039 -8.73754978 0.198012769
1674207950.6911633 12.1577196 -9.10187817 0.15037708
1674207950.6911633 -14.082202 -7.40980673 0.259574622
1674207950.6911633 16.746727 -17.3970108 0.209757745
1674207950.6911633 -12.5589371 -16.9024525 0.163988397
1674207950.6911633 11.1711817 6.28128481 0.0841719732
