1674207952.80926609 -4.86330557 -5.36607981 0.290693253
1674207952.80926609 5.25054216 4.83235216 0.262241036
1674207952.80926609 9.34088802 -7.50959587 0.277630538
1674207952.80926609 -9.88373947 -7.63203526 0.317044705
1674207952.80926609 4.7105937 -8.77207565 0.134029359
1674207952.80926609 10.3457785 6.63411617 0.143571645
1674207952.80926609 -9.03578854 4.4438529 0.247802258
1674207952.80926609 6.91405439 -8.42714119 0.134048924
1674207952.80926609 24.8368206 6.18468666 0.300671816
1674207952.80926609 4.28060865 6.63362312 0.078144148
1674207952.80926609 11.1217985 16.2893734 0.244358972
1674207952.80926609 -6.45689726 -10.2471151 0.141364306
1674207952.80926609 -5.85414553 15.9854565 0.23151584
1674207952.80926609 5.8246727 7.10580063 0.0832874924
1674207952.80926609 -8.87345791 12.5446272 0.23954834
1674207952.80926609 19.3757439 5.53985262 0.218006283
1674207952.80926609 10.924058 22.8999977 0.261886626
1674207952.80926609 -16.1368465 13.1672134 0.30757165
1674207952.80926609 -4.14692545 -18.3683872 0.226751953
1674207952.80926609 -12.334198 -7.70693159 0.192941189
1674207952.80926609 24.3677654 11.5750351 0.207941055
1674207952.80926609 -16.1263027 -10.780036 0.180427223
1674207952.80926609 19.9474583 22.6120148 0.226550743
