1674207970.25794244 2.18305802 7.977211 0.273259133
1674207970.25794244 6.49825239 -8.20917606 0.242790863
1674207970.25794244 15.6874475 -5.92865467 0.300467253
1674207970.25794244 7.58049345 -11.4292517 0.277257472
1674207970.25794244 -5.14982414 8.70024872 0.203872427
1674207970.25794244 -9.14813995 -11.8582869 0.290617496
1674207970.25794244 -1.99878991 11.8883095 0.263430595
1674207970.25794244 14.5192003 2.72315121 0.224824265
1674207970.25794244 9.66691017 15.7526426 0.28612411
1674207970.25794244 -12.0768738 10.8846693 0.281546682
