1674207978.73017502 4.38817739 -8.08088112 0.296163738
1674207978.73017502 14.1662951 3.84641957 0.305997223
1674207978.73017502 -6.85064745 -11.7498894 0.363816828
1674207978.73017502 7.588027 -16.5269699 0.297699481
1674207978.73017502 4.51441479 8.25879288 0.139500394
1674207978.73017502 6.06705379 10.3101006 0.249108076
1674207978.73017502 -7.73417759 12.6041527 0.283438295
1674207978.73017502 4.05744076 -18.299242 0.185489789
1674207978.73017502 -10.9530315 8.33573914 0.199740157
1674207978.73017502 4.21318913 -26.5494556 0.269042075
