1674207948.8756671 3.32727242 -8.41108894 0.344865501
1674207948.8756671 8.34037685 -5.92528963 0.290471673
1674207948.8756671 11.1414604 3.8027823 0.260057837
1674207948.8756671 -8.26336479 -7.69975281 0.283572018
1674207948.8756671 3.9065299 11.842001 0.256483525
1674207948.8756671 6.84095192 -10.9450054 0.185248166
1674207948.8756671 0.872197151 -8.35872746 0.201031402
1674207948.8756671 18.6420422 4.24598026 0.24146986
1674207948.8756671 2.62698197 5.4421792 0.137176812
1674207948.8756671 -7.50271273 7.35818815 0.202660859
1674207948.8756671 -13.3426027 -4.76010466 0.272543877
1674207948.8756671 -2.85806561 -11.5979509 0.163552433
1674207948.8756671 -3.3394084 12.3632746 0.287751675
1674207948.8756671 -6.24983549 -17.2026539 0.214555025
1674207948.8756671 -2.00804687 6.6924715 0.0992033705
1674207948.8756671 9.09341049 -18.9686909 0.219093218
1674207948.8756671 23.9899178 15.8176947 0.245991081
