1674207953.51525354 6.83266497 -7.36998463 0.300879717
1674207953.51525354 -7.21492672 -5.17198133 0.274545074
1674207953.51525354 2.26565695 -8.6668663 0.154941648
1674207953.51525354 -12.2425146 -7.43422031 0.301533431
1674207953.51525354 7.98982 6.73160219 0.154836118
1674207953.51525354 1.95838904 6.76311445 0.119198367
1674207953.51525354 17.1225376 5.58629417 0.230834186
1674207953.51525354 4.39321613 -8.31527805 0.133233011
1674207953.51525354 3.53264546 7.2410512 0.0911322311
1674207953.51525354 22.4610691 6.2260232 0.266290277
1674207953.51525354 -8.92831898 -10.0855093 0.12236046
1674207953.51525354 -8.15376282 16.1953812 0.243336916
1674207953.51525354 6.80934143 -17.0258617 0.184753314
1674207953.51525354 22.1052418 11.6166697 0.211405128
1674207953.51525354 -6.96984434 -18.1505356 0.219409019
1674207953.51525354 17.6544743 22.7120533 0.235396147
