1674207944.33699393 0.131856725 -5.72150373 0.326868534
1674207944.33699393 5.51249695 -8.38566113 0.294552773
1674207944.33699393 1.68948317 5.56804752 0.19003123
1674207944.33699393 5.76244831 6.61914921 0.22947675
1674207944.33699393 -3.37736678 5.57017708 0.144092456
1674207944.33699393 -3.51798749 -9.62056637 0.257263064
1674207944.33699393 17.1541805 -8.62484264 0.319265574
1674207944.33699393 17.3451672 3.55704951 0.249295726
1674207944.33699393 -0.867655933 12.7678852 0.244169161
1674207944.33699393 -4.3674612 16.3429985 0.303591877
1674207944.33699393 7.64280367 -17.8284988 0.192925155
1674207944.33699393 -10.8433962 -5.11056948 0.214585885
1674207944.33699393 10.9604063 -12.1030874 0.182931587
1674207944.33699393 1.18245232 -8.81827164 0.186699823
1674207944.33699393 24.3403358 3.91646242 0.255791128
1674207944.33699393 9.78758144 11.7391386 0.29632318
1674207944.33699393 17.0605145 11.6006498 0.256730705
1674207944.33699393 -7.6957202 -13.512702 0.205292165
1674207944.33699393 -9.70745373 8.76733589 0.162122026
1674207944.33699393 11.2263098 6.10505247 0.110020459
1674207944.33699393 14.6719599 -8.78245926 0.190229252
1674207944.33699393 1.87108254 7.28550196 0.118850291
1674207944.33699393 -16.5537872 -11.0941229 0.265694767
1674207944.33699393 19.9188824 15.2277594 0.249502897
1674207944.33699393 -7.39986563 6.09579563 0.170396328
