1674207943.2275219 2.99513316 -5.86940479 0.320314199
1674207943.2275219 4.60136509 5.36928368 0.180500954
1674207943.2275219 8.38368034 -8.63946342 0.312112004
1674207943.2275219 8.67849541 6.42372179 0.210748315
1674207943.2275219 -0.60829258 -9.80325222 0.260985851
1674207943.2275219 -0.438448936 5.35830069 0.151186168
1674207943.2275219 -8.008605 -5.32287407 0.225998402
1674207943.2275219 12.6428289 11.5414543 0.257217795
1674207943.2275219 20.023325 -8.81366444 0.339738369
1674207943.2275219 2.05312181 12.6025763 0.236396685
1674207943.2275219 -4.67647076 6.04910898 0.108222924
1674207943.2275219 20.2807274 3.43714333 0.271444023
1674207943.2275219 3.33798218 -22.7539539 0.312505722
1674207943.2275219 4.7274704 7.22462654 0.0953201428
1674207943.2275219 10.022109 16.9556408 0.238669544
1674207943.2275219 -11.7582998 -17.3059578 0.305141747
1674207943.2275219 -13.6784449 -11.3251305 0.277130544
1674207943.2275219 13.8415642 -12.2979641 0.200695708
1674207943.2275219 27.2369194 3.74346781 0.256502748
1674207943.2275219 17.4452324 -8.92859077 0.158264071
1674207943.2275219 19.9186249 11.384408 0.26990208
1674207943.2275219 -6.86930227 8.57679653 0.215454921
1674207943.2275219 -4.75770807 -13.6276236 0.155882269
1674207943.2275219 22.8289528 15.027298 0.270758539
1674207943.2275219 -6.27144957 11.7529612 0.154507831
1674207943.2275219 -11.2624998 23.1165562 0.292477638
