1674207972.2751708 7.57432222 -5.12626171 0.295979649
1674207972.2751708 5.9111948 3.69157958 0.243822724
1674207972.2751708 -1.49783969 -7.49628544 0.238205552
1674207972.2751708 -6.57144737 8.56031704 0.298013002
1674207972.2751708 -0.258202732 -10.6863327 0.245424464
1674207972.2751708 16.0343208 -12.4794264 0.300246686
1674207972.2751708 0.631639063 16.5839138 0.306707829
1674207972.2751708 20.0941639 4.27117109 0.259588778
1674207972.2751708 9.2776947 -16.9596176 0.263377696
1674207972.2751708 -10.4998512 12.3159847 0.267006248
1674207972.2751708 31.5941582 -6.31063938 0.257675737
1674207972.2751708 -3.64130378 22.81106 0.279926628
1674207972.2751708 20.1253853 10.5366287 0.243471056
