1674207936.3690815 1.42438328 -6.00578308 0.257402748
1674207936.3690815 12.4455166 -6.73300648 0.338011205
1674207936.3690815 2.82054782 8.03319836 0.217949063
1674207936.3690815 5.00245476 5.2864809 0.0922095627
1674207936.3690815 8.67048168 -10.5376606 0.251486987
1674207936.3690815 -4.39185333 -11.7247505 0.271524966
1674207936.3690815 9.10527611 4.47192192 0.125272006
1674207936.3690815 14.3349018 4.46070004 0.222276941
1674207936.3690815 11.7370062 11.6748009 0.217424914
1674207936.3690815 8.42876911 15.4437971 0.304540932
1674207936.3690815 -7.74229622 6.66903496 0.182145745
1674207936.3690815 -6.61049175 10.9490232 0.19760929
1674207936.3690815 -3.03625154 14.8203697 0.256895781
1674207936.3690815 4.34996271 -14.2663975 0.178047284
1674207936.3690815 3.35026288 11.1435022 0.110014901
