1674207957.44879842 3.15939832 5.43932533 0.196862772
1674207957.44879842 8.29418564 -10.6444626 0.324110597
1674207957.44879842 8.67747498 5.72108269 0.300003141
1674207957.44879842 8.58469105 11.1623526 0.215094954
1674207957.44879842 16.1913357 -11.8241482 0.241269588
1674207957.44879842 -6.12717581 7.26581335 0.163615063
1674207957.44879842 -4.26214409 16.9152355 0.250429362
1674207957.44879842 -11.2187595 5.83500242 0.248049989
1674207957.44879842 -5.11180782 -14.4649277 0.210143611
1674207957.44879842 23.0483627 6.17194366 0.24799405
1674207957.44879842 27.7829037 -6.56879425 0.269234598
1674207957.44879842 4.89234734 22.6290894 0.239527494
1674207957.44879842 5.49790192 -26.3257351 0.231276989
