1674207942.92500305 3.75936604 -5.9084115 0.324170887
1674207942.92500305 9.14853859 -8.62178421 0.315507382
1674207942.92500305 5.35466385 5.3338871 0.186029375
1674207942.92500305 9.45019531 6.42118263 0.216145054
1674207942.92500305 0.293512911 5.30173302 0.129190311
1674207942.92500305 0.146491155 -9.80918789 0.235519037
1674207942.92500305 -7.24255657 -5.36613178 0.207576483
1674207942.92500305 -3.89657879 5.98633289 0.132608578
1674207942.92500305 -6.12323427 8.56141376 0.166987851
1674207942.92500305 20.7831497 -8.86673355 0.342043698
1674207942.92500305 2.78332162 12.5675297 0.235533983
1674207942.92500305 4.07098198 -22.7767696 0.295004219
1674207942.92500305 5.48586226 7.18372107 0.140236959
1674207942.92500305 -12.9231691 -11.3742552 0.257542491
1674207942.92500305 13.378026 11.5051146 0.252559304
1674207942.92500305 20.9689846 3.40972042 0.250596195
1674207942.92500305 4.76134157 -8.94250679 0.156902388
1674207942.92500305 -10.9831104 -17.3190002 0.308642656
1674207942.92500305 14.5488768 -12.3211451 0.199951366
1674207942.92500305 10.7615252 16.9146996 0.23079665
1674207942.92500305 27.9687843 3.6849246 0.266136229
1674207942.92500305 -5.7732749 5.40876627 0.136029482
1674207942.92500305 -4.01509762 -13.6602449 0.151608706
1674207942.92500305 20.6169987 11.3448172 0.216897219
1674207942.92500305 -8.40907669 -9.03515148 0.152558237
1674207942.92500305 -28.8247719 -13.6359949 0.151006296
1674207942.92500305 3.03795505 -21.2390442 0.152269349
1674207942.92500305 6.3594594 23.3494682 0.218027517
