1674207958.55826545 4.50457954 5.62965298 0.28918758
1674207958.55826545 3.70605373 -10.8201466 0.334917396
1674207958.55826545 -1.35985112 5.54525805 0.177079946
1674207958.55826545 4.50841331 11.1272173 0.235630646
1674207958.55826545 11.5171175 -12.0257845 0.256515652
1674207958.55826545 23.0852566 -7.19483519 0.246252164
1674207958.55826545 19.0231609 5.86245155 0.244212091
1674207958.55826545 -9.82004452 -14.1814756 0.223218709
1674207958.55826545 -8.51551819 17.2076855 0.261172891
1674207958.55826545 14.2738647 -20.7293682 0.236369148
1674207958.55826545 0.770705402 22.6557655 0.230368808
1674207958.55826545 -5.88399935 -23.9793816 0.247601554
