1674207948.16973758 5.66811466 -8.52050972 0.361145347
1674207948.16973758 6.28767347 3.58338094 0.242808864
1674207948.16973758 10.5777254 -5.94667244 0.315079659
1674207948.16973758 -5.98353338 -7.85233402 0.25479725
1674207948.16973758 3.16346121 -8.54901981 0.179291531
1674207948.16973758 -5.39313269 7.12564993 0.19283317
1674207948.16973758 13.3454132 3.76704645 0.262775779
1674207948.16973758 6.05746031 11.7363987 0.266533971
1674207948.16973758 -1.184829 12.1703224 0.264531434
1674207948.16973758 -11.240984 -4.95353365 0.304859787
1674207948.16973758 20.8167458 4.2367177 0.236434236
1674207948.16973758 4.83914709 5.19504642 0.185274795
1674207948.16973758 9.05627441 -11.049716 0.181887925
1674207948.16973758 9.05256844 15.2408676 0.248463586
1674207948.16973758 0.167884886 6.59684753 0.134871319
1674207948.16973758 -0.507436752 -11.7962284 0.1827306
1674207948.16973758 -9.36331749 6.25794888 0.200593308
1674207948.16973758 -11.7603664 13.5602112 0.278455377
1674207948.16973758 -3.95087314 -17.4411888 0.231563881
1674207948.16973758 -3.60494328 17.6625042 0.250980854
1674207948.16973758 -14.8936939 -8.73641968 0.222230107
1674207948.16973758 -9.25229073 8.08985806 0.136352167
