1674207945.04300642 3.51579618 -8.29125214 0.299602598
1674207945.04300642 3.87430477 6.68384314 0.234036341
1674207945.04300642 -0.11404445 5.67056513 0.208138034
1674207945.04300642 15.2051649 -8.61189842 0.330961347
1674207945.04300642 7.92153168 11.7771406 0.253897011
1674207945.04300642 15.485815 3.59348392 0.253924757
1674207945.04300642 -5.45837975 -9.50567818 0.241915852
1674207945.04300642 -2.71335459 12.8936405 0.275335729
1674207945.04300642 -5.21349144 5.65156984 0.140621066
1674207945.04300642 22.4876976 3.91304779 0.269199431
1674207945.04300642 9.00121212 -12.0447063 0.169594914
1674207945.04300642 12.6790953 -8.64904594 0.142617404
1674207945.04300642 19.8572674 -6.07317162 0.330523789
1674207945.04300642 -6.15203667 16.4089031 0.276284605
1674207945.04300642 15.2201347 11.6216593 0.271670461
1674207945.04300642 9.33198071 6.16464186 0.121284083
1674207945.04300642 5.32041121 17.2006741 0.236473247
1674207945.04300642 5.69411612 -17.8104019 0.214165479
1674207945.04300642 -0.758914292 -8.62698269 0.11109291
1674207945.04300642 -12.738739 -4.96231318 0.213119954
1674207945.04300642 -9.67333126 -13.4204607 0.221051112
1674207945.04300642 -11.8005962 8.90674973 0.159155831
1674207945.04300642 -18.4709835 -10.9695578 0.271089435
