1674207959.86941028 -0.944379687 5.90315819 0.328609377
1674207959.86941028 9.73279667 8.01995468 0.277364433
1674207959.86941028 6.22547388 -11.884326 0.265228182
1674207959.86941028 -6.51001263 5.75478029 0.204689547
1674207959.86941028 13.928216 5.87457466 0.255035043
1674207959.86941028 17.8034649 -7.26942015 0.288912714
1674207959.86941028 -0.871585011 11.3384762 0.255237728
1674207959.86941028 9.01369572 -20.6515923 0.235607818
1674207959.86941028 21.8914413 12.7520866 0.235796928
1674207959.86941028 -15.1715336 -13.884264 0.209395289
1674207959.86941028 -11.2553959 -23.7744026 0.253390849
