1674207969.65278435 4.66946602 7.7135148 0.268787205
1674207969.65278435 8.86971855 -8.48160267 0.237154156
1674207969.65278435 9.91993999 -11.7099142 0.289158493
1674207969.65278435 0.993831933 11.6666985 0.260165423
1674207969.65278435 18.0792847 -6.24272728 0.285533577
1674207969.65278435 -1.48613894 -6.38615942 0.175803006
1674207969.65278435 -9.56877422 10.7558441 0.267044872
1674207969.65278435 -7.8787241 -6.28051996 0.207112387
1674207969.65278435 0.673788428 -7.53346348 0.286073834
1674207969.65278435 -6.77799749 -11.9789343 0.288822502
1674207969.65278435 17.0609913 2.31190062 0.203864291
1674207969.65278435 12.2563953 15.3955383 0.293258965
1674207969.65278435 26.2159443 -14.1181459 0.292028368
1674207969.65278435 -14.8035984 15.0993748 0.290610373
1674207969.65278435 2.18006372 5.31668758 0.119388059
1674207969.65278435 -21.8686638 15.3465824 0.273801655
