1674207938.28543925 0.904390574 -5.93591976 0.242300496
1674207938.28543925 11.8935003 -6.67255163 0.330850184
1674207938.28543925 8.11862946 -10.4871931 0.248449564
1674207938.28543925 2.23341727 8.06165981 0.172357127
1674207938.28543925 8.52886295 4.56282663 0.145357475
1674207938.28543925 13.6627817 4.50360346 0.186115608
1674207938.28543925 -4.91247463 -11.691103 0.256326616
1674207938.28543925 4.37171555 5.33148766 0.0866496488
1674207938.28543925 -8.31043625 6.64640713 0.205734551
1674207938.28543925 -3.11828661 -17.6868324 0.328907698
1674207938.28543925 -7.23772287 10.9620609 0.21722874
1674207938.28543925 3.8366363 -14.3139009 0.190872952
1674207938.28543925 11.2175255 11.8477993 0.238765031
1674207938.28543925 -3.6752243 14.7903233 0.242163554
1674207938.28543925 21.7765312 10.5181541 0.268102586
1674207938.28543925 19.317524 15.9860697 0.244723469
1674207938.28543925 -1.79961967 22.7478142 0.292030424
