1674207943.73187399 1.69703448 -5.76379824 0.324415833
1674207943.73187399 3.28781724 5.50142527 0.187156022
1674207943.73187399 7.14517689 -8.44125748 0.291637331
1674207943.73187399 7.33910131 6.57289553 0.214692608
1674207943.73187399 -1.88203096 -9.67057991 0.248890609
1674207943.73187399 -1.75223887 5.45524979 0.137535512
1674207943.73187399 18.7249165 -8.64058304 0.344258457
1674207943.73187399 11.2987576 11.6869507 0.24268508
1674207943.73187399 18.9354229 3.58361959 0.261625677
1674207943.73187399 0.695521891 12.7314367 0.245663166
1674207943.73187399 3.40542674 7.35439348 0.130761594
1674207943.73187399 -2.82062197 16.2919788 0.307568312
1674207943.73187399 -9.2444458 -5.210536 0.20697543
1674207943.73187399 -13.0513649 -17.1925411 0.303764939
1674207943.73187399 12.543705 -12.09025 0.196386993
1674207943.73187399 9.35451508 -17.8987312 0.213344708
1674207943.73187399 16.2134399 -8.58173275 0.193116382
1674207943.73187399 25.9166317 3.93571854 0.2673361
1674207943.73187399 18.5378475 11.5005169 0.255310655
1674207943.73187399 -14.9022312 -11.2100639 0.239307031
1674207943.73187399 8.6653986 17.1459694 0.267428905
1674207943.73187399 -5.92341232 6.11410856 0.100055732
1674207943.73187399 -6.03687048 -13.5570269 0.174246207
1674207943.73187399 -8.15226936 8.69920349 0.159446612
1674207943.73187399 21.4300728 15.1568785 0.251511633
1674207943.73187399 -12.6447659 23.2205143 0.294407308
