1674207977.62073088 6.77391386 -8.42104435 0.310977161
1674207977.62073088 11.4182968 -6.71293163 0.336069047
1674207977.62073088 6.58233881 3.99348283 0.152213186
1674207977.62073088 -4.56033802 -11.9121246 0.36186409
1674207977.62073088 9.79649544 -16.9781227 0.321330547
1674207977.62073088 -5.01488304 12.4250622 0.276936829
1674207977.62073088 -12.4894438 -4.01554155 0.326560676
1674207977.62073088 -8.31010246 8.15090084 0.164207891
1674207977.62073088 6.23187065 -26.9586811 0.279475302
1674207977.62073088 -5.15685272 9.46647358 0.117457628
