1674207958.76000714 3.76465511 5.62788868 0.28589946
1674207958.76000714 2.84964466 -10.7976351 0.326262921
1674207958.76000714 -2.10603595 5.56840372 0.174342632
1674207958.76000714 3.81193113 11.1140966 0.243160337
1674207958.76000714 10.6566963 -12.0811853 0.285674691
1674207958.76000714 18.2747765 5.75418568 0.242839679
1674207958.76000714 22.182127 -7.35456753 0.27495572
1674207958.76000714 -10.6946392 -14.1328812 0.230934709
1674207958.76000714 13.4993334 -20.7564659 0.235812739
1674207958.76000714 13.9736261 8.36497688 0.269226104
1674207958.76000714 -9.18778229 17.2749596 0.267783344
1674207958.76000714 0.134752676 22.688345 0.238360479
1674207958.76000714 7.04669714 17.6092281 0.156026199
1674207958.76000714 -14.2188635 -15.9000788 0.195608079
1674207958.76000714 -6.73924637 -23.9141636 0.224761456
