1674207972.07342243 6.7581687 3.51038408 0.286402762
1674207972.07342243 8.41439438 -5.16299868 0.305287689
1674207972.07342243 -5.75103521 8.48618412 0.266317904
1674207972.07342243 -0.663941622 -7.57076788 0.264434695
1674207972.07342243 0.538829565 -10.7625341 0.250972092
1674207972.07342243 1.44161105 16.5236683 0.307397783
1674207972.07342243 -9.69310951 12.2522249 0.264113545
1674207972.07342243 10.0049181 -17.0182419 0.244709149
1674207972.07342243 20.8200035 4.14802837 0.239463732
1674207972.07342243 -12.9622974 -11.7055044 0.125328153
