1674207941.71463442 6.63836098 -6.11626959 0.327818334
1674207941.71463442 -4.2100563 -5.60113239 0.229823902
1674207941.71463442 2.94489193 -10.0084696 0.248986378
1674207941.71463442 8.26708221 5.1036582 0.195672855
1674207941.71463442 11.918107 -8.89186001 0.302768707
1674207941.71463442 12.4100885 6.18462706 0.196897462
1674207941.71463442 5.7018609 12.3332624 0.232792512
1674207941.71463442 3.10470009 5.16526222 0.150842488
1674207941.71463442 -3.19694114 8.4056282 0.165676504
1674207941.71463442 -0.957847238 5.78774357 0.104972921
1674207941.71463442 -9.8589859 -11.5234957 0.271450341
1674207941.71463442 2.27730179 15.9298582 0.29054293
1674207941.71463442 -7.61097908 4.53865194 0.147503078
1674207941.71463442 -2.8222568 5.20925331 0.0862279981
1674207941.71463442 8.36724567 6.93167925 0.12645705
1674207941.71463442 23.9064312 3.14221001 0.271407068
1674207941.71463442 13.7350044 16.655365 0.237445578
1674207941.71463442 16.3251419 11.245676 0.26853925
1674207941.71463442 -1.17246342 -13.79673 0.161071569
1674207941.71463442 -8.10911655 -17.4316998 0.283938378
1674207941.71463442 7.54411983 -9.20755577 0.135073885
1674207941.71463442 -2.59135294 11.5785351 0.13275896
