1674207959.16343784 -3.74622631 5.61600542 0.187243789
1674207959.16343784 9.08257198 -12.0538969 0.284143269
1674207959.16343784 16.679985 5.79563808 0.245018825
1674207959.16343784 20.6378365 -7.34467506 0.305410296
1674207959.16343784 1.91208673 11.2247047 0.241180837
1674207959.16343784 11.8436384 -20.7219849 0.233712748
1674207959.16343784 -12.3020802 -14.0401001 0.219019264
1674207959.16343784 -1.4279108 22.7387848 0.244651511
1674207959.16343784 12.4262409 7.89302492 0.237716436
1674207959.16343784 -8.37045383 -23.8445854 0.205429718
1674207959.16343784 24.6732273 12.7277527 0.228404388
