1674207950.18686318 3.95222926 -5.76120663 0.27439326
1674207950.18686318 6.45515871 3.96982503 0.261994749
1674207950.18686318 -0.998975694 -8.19468975 0.319228798
1674207950.18686318 13.8712025 4.44397259 0.238573685
1674207950.18686318 2.39594698 -10.7781544 0.189290717
1674207950.18686318 18.604126 -7.8063798 0.313498348
1674207950.18686318 -7.67264891 12.542655 0.287865251
1674207950.18686318 -3.52837515 -8.23668098 0.232046202
1674207950.18686318 -0.413429469 11.9903698 0.231279761
1674207950.18686318 2.59699798 15.4902973 0.229994923
1674207950.18686318 13.8735199 -9.13041019 0.163679093
1674207950.18686318 -7.26502037 -11.4055748 0.15857479
1674207950.18686318 4.5466342 -18.7439995 0.219428807
1674207950.18686318 -6.24845171 6.80068588 0.126548767
1674207950.18686318 16.0537033 -8.76651478 0.150647625
1674207950.18686318 19.6055317 15.952692 0.247378975
1674207950.18686318 -11.7431021 7.51157475 0.18000789
1674207950.18686318 8.63080883 23.7493076 0.211588755
