1674207962.99609804 0.0886814222 6.56621933 0.276195616
1674207962.99609804 8.85576248 8.40362263 0.287101001
1674207962.99609804 13.6675396 -7.92494488 0.29965046
1674207962.99609804 14.5685587 -19.2041817 0.265355527
1674207962.99609804 -4.02076769 8.74358654 0.226113632
1674207962.99609804 8.05840015 13.333457 0.235522166
1674207962.99609804 -7.46781635 -11.1732187 0.223851264
1674207962.99609804 6.88994408 -12.5027933 0.247291982
1674207962.99609804 16.4729881 8.33618927 0.230243161
1674207962.99609804 20.4386635 8.90816116 0.28333652
1674207962.99609804 5.4724617 -12.9206581 0.157044739
