1674207964.60980034 1.83010793 8.97419453 0.31956467
1674207964.60980034 -0.663525641 -12.1747837 0.351617754
1674207964.60980034 13.3328772 9.39950275 0.308589071
1674207964.60980034 9.20397663 8.76090717 0.205280855
1674207964.60980034 -6.9975729 7.02098942 0.273627192
1674207964.60980034 7.20744896 -18.9008446 0.303639293
1674207964.60980034 8.04048252 13.5913715 0.262350053
1674207964.60980034 -7.1794939 12.2388201 0.298093498
1674207964.60980034 0.96421659 13.8184404 0.250646561
1674207964.60980034 14.8623266 -7.65178967 0.209486216
1674207964.60980034 20.2848072 7.13604975 0.207345694
1674207964.60980034 5.55741024 -18.2428341 0.17974773
1674207964.60980034 27.1691132 6.46910429 0.252344668
1674207964.60980034 23.6529541 10.3544102 0.247881338
1674207964.60980034 -5.9744482 21.8829441 0.274816543
