1674207940.9077971 8.32276535 -6.25841904 0.353782147
1674207940.9077971 -2.56834126 -5.65928173 0.227280051
1674207940.9077971 4.54960203 -10.1178064 0.244964465
1674207940.9077971 13.6829405 -8.98099327 0.305570126
1674207940.9077971 9.97023392 4.9786315 0.195594862
1674207940.9077971 -5.97216225 4.47243977 0.150846466
1674207940.9077971 3.93011689 15.8213186 0.289465934
1674207940.9077971 14.0239935 6.02070284 0.190997988
1674207940.9077971 0.733935118 5.6799078 0.11583434
1674207940.9077971 -8.24949074 -11.5064278 0.250086963
1674207940.9077971 -1.50275052 8.34381294 0.18410933
1674207940.9077971 7.37068033 12.2150545 0.234923139
1674207940.9077971 -1.1558131 5.10250807 0.0835792571
1674207940.9077971 18.0024757 11.1002359 0.260723084
1674207940.9077971 -11.9056807 6.73760462 0.180343375
1674207940.9077971 25.5504341 2.87455678 0.286205947
1674207940.9077971 -10.9484015 11.0530119 0.195852071
1674207940.9077971 -7.5258112 14.8702984 0.260446429
1674207940.9077971 0.448495924 -13.9329195 0.162666872
1674207940.9077971 -6.32354736 -17.4493141 0.263307512
1674207940.9077971 11.0983419 22.9919014 0.221081048
