1674207956.33928704 -3.75445628 -7.05012035 0.318335295
1674207956.33928704 12.6925631 5.58085966 0.300240844
1674207956.33928704 7.19794416 5.2939992 0.200592935
1674207956.33928704 12.4960022 -10.8513794 0.317912579
1674207956.33928704 -6.88567305 5.56719542 0.271157861
1674207956.33928704 12.5787611 11.0456057 0.203081265
1674207956.33928704 -1.69516027 7.04670095 0.118491627
1674207956.33928704 -0.888474405 -14.6609993 0.216164306
1674207956.33928704 20.4602127 -11.9035778 0.275008917
1674207956.33928704 -0.319618225 16.7100124 0.23388499
1674207956.33928704 8.76749611 22.4904442 0.246238559
1674207956.33928704 -8.57840633 -7.98452377 0.119547427
1674207956.33928704 3.33633518 -24.2926731 0.244729355
1674207956.33928704 -8.77808285 20.4364414 0.300365329
1674207956.33928704 31.895834 -6.53298616 0.276507437
1674207956.33928704 27.3542919 6.3134532 0.224755615
1674207956.33928704 16.5782146 23.3050442 0.264961809
