1674207939.2940588 10.8645906 -6.52054501 0.340321869
1674207939.2940588 -0.0295292884 -5.81754971 0.237377495
1674207939.2940588 7.2184186 -10.3603859 0.247156054
1674207939.2940588 12.6043272 4.66637421 0.21403645
1674207939.2940588 7.43989754 4.6893549 0.125595495
1674207939.2940588 3.33379579 5.47299051 0.105802193
1674207939.2940588 6.672966 15.5738907 0.280420035
1674207939.2940588 -5.82129955 -11.6293049 0.26377964
1674207939.2940588 1.20561075 8.15072632 0.165823519
1674207939.2940588 -9.33763218 6.69663048 0.165575087
1674207939.2940588 -4.00917959 -17.642519 0.299349844
1674207939.2940588 -4.77489901 14.8166656 0.268979877
1674207939.2940588 3.02386928 -14.1459608 0.166311741
1674207939.2940588 11.2358389 -23.1224403 0.234347269
1674207939.2940588 18.1533928 16.1583977 0.23710224
1674207939.2940588 9.96816444 -21.9238796 0.236962453
1674207939.2940588 -2.9719696 22.8103371 0.29747054
