1674207970.76230478 4.50621796 -7.98571587 0.247928157
1674207970.76230478 13.6508875 -5.64257574 0.28363359
1674207970.76230478 -0.338518173 8.21679783 0.275396526
1674207970.76230478 5.64517784 -11.1971111 0.274362981
1674207970.76230478 12.4981737 2.96521068 0.230845377
1674207970.76230478 7.49244976 16.0235004 0.309230059
1674207970.76230478 -4.15013123 12.0149584 0.261458516
1674207970.76230478 -7.2483182 8.82494545 0.193489254
1674207970.76230478 15.0928278 -17.654974 0.269116074
1674207970.76230478 -7.67990112 -11.899394 0.154165849
