1674207945.54733849 2.1392436 -8.35371494 0.322202742
1674207945.54733849 2.47246051 6.71649027 0.229411691
1674207945.54733849 -1.51039577 5.74740839 0.229864329
1674207945.54733849 13.7671776 -8.61410046 0.318943113
1674207945.54733849 6.55826998 11.811409 0.257121593
1674207945.54733849 14.0599318 3.55125213 0.263463914
1674207945.54733849 -6.95249557 -9.39791393 0.241849765
1674207945.54733849 7.54579163 -12.024621 0.175419867
1674207945.54733849 11.2484903 -8.66178608 0.174292043
1674207945.54733849 21.0848713 3.87424898 0.272365272
1674207945.54733849 -4.07669592 12.9143677 0.24451308
1674207945.54733849 13.8698606 11.6153603 0.258401364
1674207945.54733849 7.94733191 6.19217396 0.117128454
1674207945.54733849 -6.87091827 5.69311333 0.1328765
1674207945.54733849 3.98852444 17.2673397 0.270894527
1674207945.54733849 -7.51457834 16.5237617 0.311641425
1674207945.54733849 -2.19987011 -8.63562107 0.160549879
1674207945.54733849 16.7646542 15.1875439 0.283937216
1674207945.54733849 -11.0975952 -13.3375263 0.225372523
1674207945.54733849 -13.211133 9.01208019 0.188909367
1674207945.54733849 -1.37643111 7.50193024 0.0827584267
1674207945.54733849 28.5435543 4.48203373 0.251360655
