1674207966.92956829 4.41631413 -6.87769651 0.218672112
1674207966.92956829 -3.9090302 -6.88441229 0.316722333
1674207966.92956829 2.80011582 10.1858912 0.292932421
1674207966.92956829 -8.68152046 9.67387199 0.312844694
1674207966.92956829 9.73019791 7.97496986 0.195142105
1674207966.92956829 -11.1594143 -11.4087992 0.331558675
1674207966.92956829 5.48812628 -12.5588388 0.290443182
1674207966.92956829 12.9110117 11.1848469 0.277016938
1674207966.92956829 -1.24782217 9.57232475 0.169509426
1674207966.92956829 -2.51796627 14.3730011 0.267016321
1674207966.92956829 -9.58749199 14.5521622 0.268146187
1674207966.92956829 16.6198807 7.36439371 0.232523337
1674207966.92956829 9.45167637 21.1851044 0.250463933
1674207966.92956829 -4.7948451 -17.5474167 0.187208325
