1674207967.4338603 2.06257963 -6.73082876 0.237350389
1674207967.4338603 -6.29408121 -6.63300848 0.291799784
1674207967.4338603 7.45360041 8.16029167 0.186098829
1674207967.4338603 3.09737945 -12.3179455 0.254130483
1674207967.4338603 0.529377341 10.3887882 0.273540676
1674207967.4338603 -3.51783562 9.80386066 0.226300269
1674207967.4338603 14.2995882 7.48896456 0.220826194
1674207967.4338603 6.40183258 -12.5206232 0.148887649
1674207967.4338603 -11.8388939 14.8204622 0.261962861
1674207967.4338603 8.41911697 -6.74795532 0.191763073
1674207967.4338603 -4.78679371 14.6145086 0.284396946
1674207967.4338603 21.9145584 15.3194818 0.316686034
1674207967.4338603 7.14534187 21.402626 0.22818619
