1674207969.8545258 3.83957219 7.80247593 0.271721154
1674207969.8545258 8.03916264 -8.39087963 0.234623015
1674207969.8545258 17.199995 -6.22750187 0.287189305
1674207969.8545258 9.18700886 -11.6208162 0.263995439
1674207969.8545258 -2.2962718 -6.34470177 0.194735214
1674207969.8545258 -3.45256019 8.62270355 0.187376887
1674207969.8545258 0.163374618 11.756588 0.262341499
1674207969.8545258 -10.3955402 10.8095665 0.272791505
1674207969.8545258 -8.66136456 -6.23297882 0.216222689
1674207969.8545258 11.3988781 15.5558205 0.320277661
1674207969.8545258 16.2129288 2.44969392 0.220749155
1674207969.8545258 -15.6377487 15.1116486 0.27899462
