1674207952.10321712 7.57338238 4.73685408 0.252959162
1674207952.10321712 -7.51895714 -7.78394842 0.319497228
1674207952.10321712 11.734292 -7.55346346 0.315361172
1674207952.10321712 -6.77883911 4.28576899 0.278838813
1674207952.10321712 7.11394453 -8.8475523 0.143561319
1674207952.10321712 9.33067703 -8.45368862 0.140745223
1674207952.10321712 -6.62991953 12.386735 0.241939962
1674207952.10321712 12.6725483 6.57881641 0.155119821
1674207952.10321712 13.4011545 16.2261372 0.243418783
1674207952.10321712 -9.94525719 -7.86471558 0.185346365
1674207952.10321712 6.58313131 6.54329681 0.0874587074
1674207952.10321712 -3.58009076 15.8819294 0.238617048
1674207952.10321712 11.7979584 -17.1867371 0.178818941
1674207952.10321712 -13.8736496 13.0004435 0.299566478
1674207952.10321712 8.19925404 7.06557131 0.144675627
1674207952.10321712 21.6997871 5.53719854 0.235574573
