1674207953.71696377 6.14711285 -7.40890074 0.322834402
1674207953.71696377 22.6307507 -10.2244654 0.31581533
1674207953.71696377 7.364079 6.80783319 0.168109298
1674207953.71696377 1.57622921 -8.61489677 0.147986084
1674207953.71696377 -5.12174225 4.44304895 0.226847976
1674207953.71696377 21.8173332 6.25737429 0.302318215
1674207953.71696377 16.4070168 5.59152889 0.22866784
1674207953.71696377 3.72886729 -8.32438946 0.155113861
1674207953.71696377 -9.58063793 -10.0086365 0.140941203
1674207953.71696377 -8.80036068 16.2502422 0.233771294
1674207953.71696377 21.4526958 11.6427832 0.216653779
1674207953.71696377 -11.8343296 12.818409 0.245172918
1674207953.71696377 6.22738218 -16.9612732 0.149289966
1674207953.71696377 1.33216071 6.86105347 0.0905653909
1674207953.71696377 -7.66287994 -18.0640831 0.197499394
1674207953.71696377 17.0163574 22.7387791 0.229000971
