1674207946.95936966 9.51081276 -8.45164299 0.350375116
1674207946.95936966 9.9117794 3.6956594 0.238817126
1674207946.95936966 -7.44479132 -5.25581884 0.313679308
1674207946.95936966 14.3924332 -5.81308937 0.312463939
1674207946.95936966 -1.83637369 7.05447865 0.237564966
1674207946.95936966 -5.9219017 6.03943348 0.216735363
1674207946.95936966 7.03083229 -8.5159483 0.170046091
1674207946.95936966 3.27619529 -11.7906933 0.167505488
1674207946.95936966 16.9761581 4.01241636 0.251194954
1674207946.95936966 -11.1489038 -9.08172512 0.248427868
1674207946.95936966 9.82893181 11.8188848 0.267991364
1674207946.95936966 3.89334273 6.38904142 0.104728609
1674207946.95936966 -8.40039253 13.2958994 0.290048987
1674207946.95936966 -6.53286457 -8.3438921 0.156196728
1674207946.95936966 24.4499092 4.58456945 0.231453627
1674207946.95936966 -5.73981285 7.80881739 0.139552891
1674207946.95936966 -4.60535145 23.9904594 0.231571615
