1674207975.30099916 7.75695467 4.15014553 0.248246282
1674207975.30099916 -5.75652599 4.4695859 0.207147852
1674207975.30099916 8.78858566 10.4636526 0.274188936
1674207975.30099916 14.2873468 -8.82969666 0.305156767
1674207975.30099916 -0.813925445 7.68758774 0.171000272
1674207975.30099916 2.47640276 11.9816084 0.267571867
1674207975.30099916 -2.51266527 6.13213587 0.144119322
1674207975.30099916 4.95352221 -14.1437674 0.248142689
1674207975.30099916 -12.9301605 -9.48428345 0.234865218
1674207975.30099916 2.47224855 8.9911871 0.102373376
1674207975.30099916 -3.72309613 -16.322319 0.260527164
1674207975.30099916 3.2343173 -23.9060822 0.28835699
1674207975.30099916 -13.8983908 -6.21003675 0.224067181
1674207975.30099916 -2.13006854 -15.8623552 0.181375846
