1674207984.27745485 8.34218884 4.01875734 0.302637488
1674207984.27745485 -1.85439587 -7.9370575 0.303429931
1674207984.27745485 0.249709383 10.6840773 0.235078007
1674207984.27745485 9.61057854 10.1947451 0.242237106
1674207984.27745485 1.24443853 -16.3155384 0.313982069
1674207984.27745485 4.10609865 -6.15737391 0.201605335
1674207984.27745485 7.01510429 11.3078756 0.162839547
1674207984.27745485 21.2389183 -9.41014194 0.272129029
1674207984.27745485 -1.51655328 8.51216412 0.0786676779
1674207984.27745485 15.0334606 5.60571814 0.158103973
