1674207944.53875494 4.91649723 -8.41165924 0.323904961
1674207944.53875494 5.21282387 6.62858772 0.214135259
1674207944.53875494 1.23868012 5.60267782 0.202632338
1674207944.53875494 -3.91014767 5.59965181 0.152378857
1674207944.53875494 16.6353779 -8.60800838 0.334233075
1674207944.53875494 -4.07160473 -9.57461166 0.250487864
1674207944.53875494 16.8114719 3.58911586 0.25529331
1674207944.53875494 -1.40604627 12.823041 0.258656353
1674207944.53875494 -4.89786673 16.3634167 0.290019155
1674207944.53875494 10.3990583 -12.0581608 0.169558346
1674207944.53875494 23.8274555 3.95752072 0.265945226
1674207944.53875494 6.98772907 -17.938118 0.24060531
1674207944.53875494 -11.3366766 -5.05723 0.197522536
1674207944.53875494 16.5291424 11.6383982 0.247623816
1674207944.53875494 -10.2381239 8.81112766 0.159206271
1674207944.53875494 10.7195692 6.15009832 0.104157612
1674207944.53875494 6.60094452 17.1681728 0.240065649
1674207944.53875494 -8.26185894 -13.4725208 0.214666128
1674207944.53875494 19.3587532 15.2301464 0.241451234
1674207944.53875494 -8.02120113 6.22332621 0.120186672
1674207944.53875494 -16.3284569 15.3464203 0.284103096
