1674207953.0109725 -5.55239153 -5.31078959 0.288405567
1674207953.0109725 8.5777216 -7.45187283 0.301591575
1674207953.0109725 -10.5614491 -7.58530855 0.313003868
1674207953.0109725 3.98098016 -8.73695087 0.131253853
1674207953.0109725 9.65153694 6.65848637 0.134579137
1674207953.0109725 6.17978144 -8.38458443 0.15370363
1674207953.0109725 18.653986 5.53070164 0.209308863
1674207953.0109725 10.4875298 16.3014698 0.238859504
1674207953.0109725 -7.21177673 -10.2394171 0.191222385
1674207953.0109725 24.107357 6.19704771 0.31697014
1674207953.0109725 3.61826324 6.64795589 0.0965464562
1674207953.0109725 5.23009253 7.16923094 0.109908134
1674207953.0109725 -6.5156045 16.0306053 0.232993051
1674207953.0109725 8.60124874 -17.1146927 0.182591826
1674207953.0109725 -9.53889847 12.5714521 0.226088211
1674207953.0109725 10.282239 22.8590832 0.270705909
1674207953.0109725 23.7845497 11.5716562 0.205590069
