1674207938.89058876 11.3317156 -6.53775358 0.297348052
1674207938.89058876 0.424310833 -5.84755659 0.245145828
1674207938.89058876 7.66172266 -10.4057751 0.246565834
1674207938.89058876 7.94607544 4.64161539 0.144229591
1674207938.89058876 13.0597486 4.61803579 0.188904494
1674207938.89058876 3.82319117 5.43204021 0.111216336
1674207938.89058876 7.17357731 15.5474072 0.282428324
1674207938.89058876 -5.3803854 -11.6838312 0.271655709
1674207938.89058876 1.68164504 8.1242342 0.160637647
1674207938.89058876 -4.28700924 14.7439032 0.219298169
1674207938.89058876 -8.85389423 6.68710566 0.164092749
1674207938.89058876 3.43711782 -14.2225971 0.183624417
1674207938.89058876 10.6950035 11.9752712 0.235926419
1674207938.89058876 18.7304382 16.1122398 0.227991223
1674207938.89058876 -2.44525123 22.7490654 0.262769133
1674207938.89058876 -21.7112389 -13.7429371 0.274138361
