1674207960.07109261 -1.69168377 5.90240145 0.291672915
1674207960.07109261 -2.20826507 -10.5214996 0.291401207
1674207960.07109261 5.40769196 -11.829772 0.251780331
1674207960.07109261 8.50606346 8.23078346 0.257799029
1674207960.07109261 13.131671 5.92245913 0.261119545
1674207960.07109261 -7.26729679 5.80958033 0.206441686
1674207960.07109261 17.0928879 -7.21386957 0.307555616
1674207960.07109261 -1.63149869 11.3776226 0.248427346
1674207960.07109261 8.19562912 -20.6298103 0.246767774
1674207960.07109261 21.8731079 7.79650545 0.270437211
1674207960.07109261 12.6738214 11.0929613 0.24012208
1674207960.07109261 21.1153698 12.7954359 0.240609244
1674207960.07109261 -15.9038649 -13.819911 0.222841471
1674207960.07109261 -4.8926096 22.8680935 0.229922101
