1674207973.78804731 10.2036076 -12.0647421 0.329861552
1674207973.78804731 13.6094656 4.73673391 0.272489429
1674207973.78804731 -7.64995718 -7.03015947 0.230829284
1674207973.78804731 4.75535774 7.65277719 0.208490297
1674207973.78804731 20.8546028 -7.93869781 0.273365557
1674207973.78804731 3.08040261 6.06908274 0.15874958
1674207973.78804731 3.11230254 -16.4764843 0.25531128
1674207973.78804731 14.2631998 10.9872284 0.26814875
1674207973.78804731 -6.35701323 -10.1750202 0.27138418
1674207973.78804731 -12.4889393 9.1511488 0.262807995
1674207973.78804731 7.8711071 9.14875603 0.139445573
1674207973.78804731 -5.25269079 17.1021557 0.255941182
