1674207948.67399263 4.01518154 -8.4571743 0.346083939
1674207948.67399263 8.88587475 -5.99600267 0.298741192
1674207948.67399263 -7.60159302 -7.73483658 0.253434628
1674207948.67399263 11.7954607 3.76093817 0.267701507
1674207948.67399263 1.51141798 -8.49967098 0.204856321
1674207948.67399263 4.57558823 11.7923288 0.277343005
1674207948.67399263 -6.90026093 7.28999615 0.209202617
1674207948.67399263 19.2751751 4.20253086 0.239571184
1674207948.67399263 3.24828243 5.30565166 0.102896526
1674207948.67399263 7.48411274 -10.9471674 0.188845962
1674207948.67399263 -1.37767744 6.63599873 0.127146006
1674207948.67399263 -12.7122574 -4.81514645 0.288977295
1674207948.67399263 7.5203476 15.257247 0.241218567
1674207948.67399263 -2.19414902 -11.6729803 0.171128824
1674207948.67399263 -16.5032177 -8.55479145 0.238742456
