1674207964.91237402 5.13275623 -7.39715242 0.301745832
1674207964.91237402 0.501847863 9.09108829 0.318411946
1674207964.91237402 11.9501581 9.49219608 0.318327576
1674207964.91237402 7.87052155 8.88204479 0.178930864
1674207964.91237402 6.68284273 13.6927185 0.259693772
1674207964.91237402 14.577116 -13.1759367 0.279380679
1674207964.91237402 5.82193184 -18.8185329 0.312079102
1674207964.91237402 -8.5397768 12.405303 0.293022484
1674207964.91237402 13.5230312 -7.5288229 0.212616995
1674207964.91237402 -8.32036686 7.10140753 0.247913137
1674207964.91237402 -0.385319829 13.9368563 0.256665498
1674207964.91237402 18.9355297 7.22842169 0.194617331
1674207964.91237402 4.19924641 -18.1672821 0.182197765
1674207964.91237402 25.7946739 6.56662846 0.244864702
1674207964.91237402 22.2318802 10.4609814 0.262822539
1674207964.91237402 -7.31638575 22.014967 0.27791509
1674207964.91237402 7.05629158 -17.5048523 0.133828774
