1674207945.84992099 1.25791895 -8.23935795 0.2979514
1674207945.84992099 1.66101658 6.88312864 0.264780313
1674207945.84992099 12.7274609 -8.49752617 0.349878162
1674207945.84992099 13.1606274 3.65530562 0.249658421
1674207945.84992099 5.65950775 11.9043388 0.254602015
1674207945.84992099 6.67322302 -11.9169874 0.180728793
1674207945.84992099 10.4060097 -8.6056757 0.164750844
1674207945.84992099 20.1989632 4.00373888 0.267469198
1674207945.84992099 17.6444511 -5.92768431 0.299559683
1674207945.84992099 7.11344147 6.29825163 0.0979933515
1674207945.84992099 -7.77965021 5.80055523 0.137336567
1674207945.84992099 -3.13163447 -8.52416325 0.16237998
1674207945.84992099 15.8558321 15.359293 0.241622418
1674207945.84992099 -7.81468105 -9.32406807 0.23077631
1674207945.84992099 -8.68219566 16.5610809 0.256338239
1674207945.84992099 -2.26214361 7.62275791 0.116656169
1674207945.84992099 27.5960979 4.64497137 0.234241307
1674207945.84992099 -11.9020338 -13.2317734 0.191968814
1674207945.84992099 2.24025893 11.6831579 0.100386195
