1687940938.99311781 2.82613516 -6.19060516 0.242848963 0
1687940938.99311781 6.35380983 -5.45931864 0.179794341 1
1687940938.99311781 11.1126652 -3.60222602 0.202772647 2
1687940938.99311781 -5.59441757 8.61372566 0.193121701 3
1687940938.99311781 6.76518297 3.2641511 0.145730078 4
1687940938.99311781 14.8214693 3.7515018 0.160723418 5
1687940938.99311781 -2.68758154 5.56596708 0.0889217108 6
1687940938.99311781 -0.391289711 -10.6032419 0.131376237 7
1687940938.99311781 7.63775539 11.3874063 0.223187357 8
1687940938.99311781 9.82656097 -12.3966589 0.205003262 9
1687940938.99311781 -4.96467257 -9.50686264 0.157591879 10
1687940938.99311781 -1.84689951 9.49146748 0.151595831 11
1687940938.99311781 -12.4990511 11.7676945 0.216509581 12
