1687940941.81708121 5.68731689 3.67771173 0.168242231 0
1687940941.81708121 6.38477802 -5.59243441 0.211339325 1
1687940941.81708121 -2.78271961 8.770257 0.20030506 2
1687940941.81708121 3.45895886 -10.1770926 0.166687459 3
1687940941.81708121 9.98464298 -4.68640757 0.182994902 4
1687940941.81708121 0.28872177 5.82769775 0.0894121975 5
1687940941.81708121 -2.80785728 -6.44682312 0.196022198 6
1687940941.81708121 14.6649818 -2.58123994 0.199999556 7
1687940941.81708121 0.976005316 9.80880165 0.122172125 8
1687940941.81708121 10.2754879 12.2520084 0.238330036 9
1687940941.81708121 9.76897526 4.07178307 0.160152793 10
1687940941.81708121 -1.96465003 -7.73029852 0.158270672 11
1687940941.81708121 5.2244277 3.25072241 0.0887034312 12
1687940941.81708121 -6.48803806 -9.33942318 0.122280501 13
