1687940937.37925506 1.2159276 -6.05175591 0.236362219 0
1687940937.37925506 4.6686511 -5.25538588 0.170249134 1
1687940937.37925506 9.4138813 -3.32156014 0.199370906 2
1687940937.37925506 8.41727066 -12.2094965 0.19234702 3
1687940937.37925506 -7.4825573 8.56963348 0.191926032 4
1687940937.37925506 12.9157705 4.19160223 0.248297378 5
1687940937.37925506 -4.54377079 5.6020298 0.0981209874 6
1687940937.37925506 5.65100861 11.5289812 0.186159924 7
1687940937.37925506 13.1199093 -3.31104779 0.15938808 8
1687940937.37925506 -2.01862216 -10.4958248 0.160128787 9
