1687940928.70533991 8.68243313 1.76875341 0.210345328 0
1687940928.70533991 4.37856197 -6.05276346 0.214583188 1
1687940928.70533991 7.97609711 7.60298777 0.202630594 2
1687940928.70533991 -2.99105 -12.1416721 0.290675759 3
1687940928.70533991 9.33455753 -3.68252659 0.199894071 4
1687940928.70533991 2.87163353 8.3319664 0.124765255 5
1687940928.70533991 -1.03744698 5.0834012 0.106823891 6
1687940928.70533991 -5.21289062 11.6812658 0.195803434 7
1687940928.70533991 5.20750189 15.8112164 0.253854692 8
1687940928.70533991 18.2267361 -4.48557234 0.255833924 9
