1687940949.88584256 -1.19231844 -5.16967487 0.0872031748 0
1687940949.88584256 1.02982175 11.3236237 0.23824358 1
1687940949.88584256 6.64069557 -7.12627745 0.224080533 2
1687940949.88584256 8.01346207 7.85317421 0.193310991 3
1687940949.88584256 -0.630076051 -6.96326113 0.0890153423 4
1687940949.88584256 1.92631853 -5.20613194 0.190053418 5
1687940949.88584256 -7.68775082 -8.67594814 0.23111552 6
1687940949.88584256 -3.29294252 -12.151082 0.207836598 7
1687940949.88584256 11.5156879 8.71453953 0.0889004543 8
1687940949.88584256 11.7725677 -4.33889723 0.117968395 9
