1687940920.03145027 8.27472687 -2.75872231 0.253932714 0
1687940920.03145027 4.09983873 6.12959957 0.179403141 1
1687940920.03145027 -2.86773252 8.55127907 0.209611863 2
1687940920.03145027 5.29030848 -3.15932441 0.109850392 3
1687940920.03145027 -5.28837729 -5.43789482 0.200791702 4
1687940920.03145027 8.85619259 6.07734203 0.150297508 5
1687940920.03145027 5.27512789 11.4919987 0.18638593 6
1687940920.03145027 4.15333891 -12.2706203 0.188324988 7
1687940920.03145027 -3.73799348 -9.32284927 0.113188557 8
1687940920.03145027 8.22007465 -5.90649128 0.147698089 9
1687940920.03145027 15.5994415 -3.45356703 0.236007243 10
1687940920.03145027 14.7706947 4.9803443 0.161651954 11
