1687940899.55691576 1.68302298 -7.65323782 0.203370139 0
1687940899.55691576 -0.137172744 9.07004833 0.189632133 1
1687940899.55691576 -4.1504426 10.861515 0.26376304 2
1687940899.55691576 2.46829581 -9.42751122 0.293455273 3
1687940899.55691576 4.69823837 8.85482407 0.150269985 4
1687940899.55691576 7.96648216 -1.66090238 0.120385498 5
1687940899.55691576 -7.19358397 -12.7175741 0.238680065 6
1687940899.55691576 1.88632429 10.3107681 0.137463972 7
1687940899.55691576 1.89248717 7.1150732 0.173184514 8
1687940899.55691576 7.58673573 -3.79779935 0.105986305 9
