1687940922.75463438 -2.73100805 -5.66518641 0.207427815 0
1687940922.75463438 -0.0196903031 8.32265186 0.228454128 1
1687940922.75463438 10.871357 -3.26472402 0.255288035 2
1687940922.75463438 6.90797424 5.78400898 0.213412046 3
1687940922.75463438 -5.88082075 4.60856009 0.25812754 4
1687940922.75463438 7.87988138 -3.58826232 0.122822031 5
1687940922.75463438 11.0499153 -6.51390028 0.137209743 6
1687940922.75463438 -3.25336456 16.2744484 0.236810327 7
1687940922.75463438 8.18159389 11.0394812 0.219113305 8
1687940922.75463438 -5.14814758 8.77980804 0.144119188 9
