1687940925.17524576 -0.143792018 -5.78930616 0.218963102 0
1687940925.17524576 3.00940371 8.10490036 0.217243746 1
1687940925.17524576 13.5828114 -3.81724215 0.268488199 2
1687940925.17524576 -1.67168355 -5.3462286 0.152797744 3
1687940925.17524576 0.147664234 16.1426697 0.225797564 4
1687940925.17524576 10.576026 -4.05373478 0.14919275 5
1687940925.17524576 -2.01402211 8.75449753 0.155194476 6
1687940925.17524576 8.91008091 -12.995657 0.174553782 7
1687940925.17524576 -1.50031483 -8.20793343 0.114874698 8
1687940925.17524576 1.07399714 -9.64011192 0.15479967 9
