1687940957.04690051 8.08175755 -4.79411459 0.224506646 0
1687940957.04690051 -1.32471669 -8.70714474 0.26458025 1
1687940957.04690051 -1.35645914 -7.92184401 0.0990295708 2
1687940957.04690051 -1.26476586 7.19893551 0.0933584347 3
1687940957.04690051 -8.01622581 10.0769529 0.226646304 4
1687940957.04690051 10.900382 3.48588872 0.129940167 5
1687940957.04690051 -7.83296061 -8.16824532 0.182905942 6
1687940957.04690051 1.43146265 -9.13744164 0.136171743 7
1687940957.04690051 0.0537773184 9.64982033 0.103567854 8
1687940957.04690051 -5.62513208 -20.8341789 0.210245818 9
1687940957.04690051 -9.87147045 -13.8315105 0.166128263 10
