1687940927.29329395 6.63505411 2.68522596 0.20444344 0
1687940927.29329395 2.88880587 -5.48073673 0.189159453 1
1687940927.29329395 7.53195143 -2.67926073 0.207040444 2
1687940927.29329395 12.5998993 6.02869606 0.19749631 3
1687940927.29329395 1.99275422 16.3362026 0.254442662 4
1687940927.29329395 16.4612732 -2.84324312 0.251398385 5
1687940927.29329395 0.36374554 8.78148556 0.1063352 6
1687940927.29329395 6.72436905 -2.28217697 0.10672722 7
1687940927.29329395 5.60917759 8.43670845 0.229778901 8
1687940927.29329395 1.54336917 -7.98091936 0.0889298171 9
1687940927.29329395 13.441556 -3.22765946 0.145415202 10
