1687940958.55978155 8.66625404 -4.78881788 0.223408073 0
1687940958.55978155 -0.593158364 -8.74681759 0.263031662 1
1687940958.55978155 -0.691997647 -7.97675705 0.104935594 2
1687940958.55978155 -7.20822811 -8.22429562 0.186306402 3
1687940958.55978155 -7.40030813 10.0123281 0.186009526 4
1687940958.55978155 -0.637525737 7.21381712 0.119559817 5
1687940958.55978155 5.19344997 -4.60517788 0.160803959 6
1687940958.55978155 0.633409142 9.66507912 0.123771712 7
1687940958.55978155 1.05591691 5.84913874 0.14466098 8
1687940958.55978155 2.59956121 -7.43419123 0.137042269 9
1687940958.55978155 11.6678057 3.49217153 0.133424655 10
1687940958.55978155 3.74636626 -12.1370449 0.19501783 11
1687940958.55978155 -9.17619324 -13.8807344 0.15474312 12
1687940958.55978155 -4.9539032 -20.9429817 0.206010401 13
