1687940925.88128066 0.947580636 -5.60593367 0.213478506 0
1687940925.88128066 3.73043919 8.36977577 0.216619313 1
1687940925.88128066 5.67919016 -2.85743475 0.166899577 2
1687940925.88128066 -0.619120419 -5.30996275 0.227327541 3
1687940925.88128066 14.6033077 -3.24518824 0.25313136 4
1687940925.88128066 -1.42755389 8.79633427 0.123992927 5
1687940925.88128066 0.448824495 16.2863102 0.242362574 6
1687940925.88128066 11.5553961 -3.55299163 0.148776174 7
1687940925.88128066 10.2556353 -12.5033846 0.210820988 8
1687940925.88128066 2.32418513 -9.49072075 0.13409023 9
