0 -0.00857279475 -0.00716824699 1.48236937e-314 0.999999915 0 0 0.000413471139 0 0 0 
0 -0.00502481497 -0.0162534291 3.06356336e-314 0.999999945 0 0 0.000331711205 0 0 0 
0 -0.00712509361 -0.00497172979 4.75769978e-314 1 0 0 1.77633411e-05 0 0 0 
0 -0.0081725889 -0.0132300851 6.24006915e-314 0.999999965 0 0 0.000265419624 0 0 0 
0 -0.0124803664 -0.00672047043 7.93420557e-314 0.999999999 -0 -0 -4.48235516e-05 0 0 0 
0 -0.0096184548 -0.0208503951 9.62834199e-314 0.999999974 0 0 0.000229701488 0 0 0 
0 -0.00495756848 -0.00624660929 1.1209536e-313 0.999999912 0 0 0.000418869149 0 0 0 
0 0.00424252312 -0.00704142837 1.279073e-313 0.999999989 0 0 0.000146495343 0 0 0 
0 0.0229297441 -0.00647101764 1.42730993e-313 0.999999999 -0 -0 -4.28124129e-05 0 0 0 
0 0.0306050155 -0.0135827951 1.57554687e-313 1 0 0 3.05318083e-05 0 0 0 
0 0.0493305549 -0.00807033125 1.73366627e-313 0.999999801 -0 -0 -0.00063160778 0 0 0 
0 0.0810074161 -0.0180674096 1.89178567e-313 0.999999943 -0 -0 -0.000337972553 0 0 0 
0 0.120254333 -0.016652841 2.04990507e-313 0.999999866 -0 -0 -0.000518482366 0 0 0 
0 0.189779591 -0.0228258131 2.23235053e-313 0.999999679 -0 -0 -0.00080127323 0 0 0 
0 0.299131588 -0.0286226909 2.39046993e-313 0.999999647 -0 -0 -0.000839943685 0 0 0 
0 0.369740658 -0.0264142861 2.52998705e-313 0.999999541 -0 -0 -0.000957843799 0 0 0 
0 0.432863728 -0.0384045207 2.66950416e-313 0.999999509 -0 -0 -0.000990540157 0 0 0 
0 0.501040194 -0.0368937034 2.82762356e-313 0.999999449 -0 -0 -0.00104931471 0 0 0 
0 0.57377229 -0.0368020643 2.98574296e-313 0.999998732 -0 -0 -0.00159257866 0 0 0 
0 0.643739705 -0.0433263251 3.14386236e-313 0.999997752 -0 -0 -0.00212059349 0 0 0 
0 0.715921237 -0.0370163723 3.313276e-313 0.999996073 -0 -0 -0.00280244519 0 0 0 
0 0.801376819 -0.0460013411 3.46151294e-313 0.999993783 -0 -0 -0.00352623907 0 0 0 
0 0.891744301 -0.061561726 3.61963234e-313 0.999993542 -0 -0 -0.00359383881 0 0 0 
0 0.996907911 -0.0795585628 3.76786928e-313 0.999991608 -0 -0 -0.00409674307 0 0 0 
0 1.10284195 -0.0849235172 3.93728292e-313 0.999990229 -0 -0 -0.00442059533 0 0 0 
0 1.21172403 -0.0984954333 4.10669656e-313 0.999989619 -0 -0 -0.00455652044 0 0 0 
0 1.32858502 -0.100710802 4.2761102e-313 0.999989849 -0 -0 -0.00450567283 0 0 0 
0 1.44367515 -0.1088658 4.45855566e-313 0.999985971 -0 -0 -0.00529695449 0 0 0 
0 1.70428477 -0.14396062 4.65620491e-313 0.999984345 -0 -0 -0.00559557594 0 0 0 
0 1.8401991 -0.138981099 4.83865037e-313 0.999977558 -0 -0 -0.00669944738 0 0 0 
0 1.98477862 -0.154025972 4.98688731e-313 0.99997458 -0 -0 -0.00713017908 0 0 0 
0 2.11961412 -0.170928624 5.12640443e-313 0.999969252 -0 -0 -0.0078418866 0 0 0 
0 2.27863799 -0.179574425 5.27464136e-313 0.999965427 -0 -0 -0.00831539506 0 0 0 
0 2.44983302 -0.169394841 5.39947247e-313 0.999964322 -0 -0 -0.00844722352 0 0 0 
0 2.60629106 -0.181243782 5.53898959e-313 0.999963217 -0 -0 -0.00857693481 0 0 0 
0 2.76343681 -0.186605154 5.6785067e-313 0.999970651 -0 -0 -0.007661412 0 0 0 
0 2.92771647 -0.200541111 5.8366261e-313 0.999969212 -0 -0 -0.00784693852 0 0 0 
0 3.2593891 -0.219425487 5.9947455e-313 0.99996139 -0 -0 -0.0087873932 0 0 0 
0 3.4436324 -0.233448622 6.12651167e-313 0.999955405 -0 -0 -0.00944389092 0 0 0 
0 3.63434012 -0.26772622 6.2394541e-313 0.99995816 -0 -0 -0.00914757229 0 0 0 
0 3.80577445 -0.280921112 6.35239652e-313 0.999960367 -0 -0 -0.00890306886 0 0 0 
0 4.02219406 -0.286782689 6.47098607e-313 0.999959884 -0 -0 -0.00895710219 0 0 0 
0 4.21030468 -0.312551186 6.59581718e-313 0.999955367 -0 -0 -0.00944791467 0 0 0 
0 4.59182772 -0.328225473 6.72064828e-313 0.999957191 -0 -0 -0.00925289353 0 0 0 
0 4.80023057 -0.332605205 6.83923783e-313 0.999956587 -0 -0 -0.00931797346 0 0 0 
0 5.00296394 -0.358301605 6.94704651e-313 0.999951718 -0 -0 -0.00982655199 0 0 0 
0 5.21115454 -0.373643196 7.05998894e-313 0.999947399 -0 -0 -0.0102566991 0 0 0 
0 5.62732567 -0.397036741 7.17857849e-313 0.999941567 -0 -0 -0.0108102653 0 0 0 
0 5.86329397 -0.410465752 7.29152092e-313 0.999943253 -0 -0 -0.0106531874 0 0 0 
0 6.07853069 -0.417393128 7.40446335e-313 0.999938376 -0 -0 -0.0111015552 0 0 0 
0 6.31329443 -0.429591386 7.51740577e-313 0.999939679 -0 -0 -0.0109835598 0 0 0 
0 6.76595551 -0.450551617 7.63599532e-313 0.999942383 -0 -0 -0.0107345965 0 0 0 
0 6.99480928 -0.47976968 7.74893775e-313 0.999941265 -0 -0 -0.0108381998 0 0 0 
0 7.25507998 -0.502382262 7.8675273e-313 0.999937501 -0 -0 -0.0111800748 0 0 0 
0 7.74080852 -0.538814622 7.99929347e-313 0.999931167 -0 -0 -0.0117328832 0 0 0 
0 7.97950989 -0.561049666 8.1122359e-313 0.999923982 -0 -0 -0.012330028 0 0 0 
0 8.23784256 -0.588880141 8.237067e-313 0.99991964 -0 -0 -0.0126773173 0 0 0 
0 8.74385852 -0.611344158 8.34018835e-313 0.999921678 -0 -0 -0.0125155237 0 0 0 
0 8.98450833 -0.61750267 8.44799703e-313 0.999920248 -0 -0 -0.0126292059 0 0 0 
0 9.43456385 -0.549937247 8.55580571e-313 0.999886257 -0 -0 -0.0150821924 0 0 0 
0 9.70157527 -0.576563573 8.66874814e-313 0.999887079 -0 -0 -0.0150276371 0 0 0 
0 9.96645709 -0.607510504 8.79357924e-313 0.99987959 -0 -0 -0.0155179313 0 0 0 
0 10.2187475 -0.619247106 8.91216879e-313 0.999873484 -0 -0 -0.0159064597 0 0 0 
0 10.7370055 -0.66877522 9.01997747e-313 0.99986525 -0 -0 -0.0164159072 0 0 0 
0 10.9868511 -0.673634073 9.12778616e-313 0.999864231 -0 -0 -0.016477867 0 0 0 
0 11.2635558 -0.682846657 9.24072858e-313 0.999870732 -0 -0 -0.0160785163 0 0 0 
0 11.8166655 -0.691419111 9.34853726e-313 0.999887123 -0 -0 -0.0150246741 0 0 0 
0 12.0636218 -0.708790988 9.44736189e-313 0.999894411 -0 -0 -0.0145315855 0 0 0 
0 12.5964888 -0.746724541 9.55517057e-313 0.999896535 -0 -0 -0.0143847238 0 0 0 
0 12.8701102 -0.759607155 9.68000168e-313 0.999900017 -0 -0 -0.0141405525 0 0 0 
0 13.1357354 -0.778664739 9.80483278e-313 0.999902952 -0 -0 -0.0139315219 0 0 0 
0 13.4080905 -0.793469516 9.91777521e-313 0.999911657 -0 -0 -0.0132920354 0 0 0 
0 13.93472 -0.795036997 1.00307176e-312 0.999922265 -0 -0 -0.012468555 0 0 0 
0 14.2280264 -0.804780404 1.01385263e-312 0.999919766 -0 -0 -0.0126673608 0 0 0 
0 14.5098345 -0.816873279 1.02571159e-312 0.999924929 -0 -0 -0.012253025 0 0 0 
0 15.0940264 -0.830513099 1.03757054e-312 0.99993667 -0 -0 -0.0112541306 0 0 0 
0 15.3753809 -0.852970205 1.05005365e-312 0.999943881 -0 -0 -0.0105940715 0 0 0 
0 15.6520648 -0.860283398 1.06253676e-312 0.999942105 -0 -0 -0.0107603981 0 0 0 
0 15.9529413 -0.887200505 1.07501987e-312 0.999944616 -0 -0 -0.0105244789 0 0 0 
0 16.2411833 -0.911777647 1.08897158e-312 0.999933609 -0 -0 -0.0115228918 0 0 0 
0 16.5366492 -0.963114818 1.10379528e-312 0.999934393 -0 -0 -0.0114546764 0 0 0 
0 17.1038196 -0.994877976 1.1235602e-312 0.999919933 -0 -0 -0.0126541852 0 0 0 
0 17.3751451 -0.998829019 1.14050157e-312 0.999913389 -0 -0 -0.0131610733 0 0 0 
0 17.6586717 -1.01766467 1.15631351e-312 0.999908304 -0 -0 -0.0135419565 0 0 0 
0 17.965478 -1.02561218 1.17607843e-312 0.999917577 -0 -0 -0.0128389916 0 0 0 
0 18.2499558 -1.03159408 1.19189037e-312 0.999926118 -0 -0 -0.0121556174 0 0 0 
0 18.8734111 -1.04355335 1.20671407e-312 0.999941087 -0 -0 -0.0108545749 0 0 0 
0 19.1689361 -1.05487037 1.22252601e-312 0.99994839 -0 -0 -0.0101596135 0 0 0 
0 19.4758596 -1.08979103 1.23833795e-312 0.99995559 -0 -0 -0.00942429874 0 0 0 
0 19.7725711 -1.08456871 1.25414989e-312 0.999957475 -0 -0 -0.00922216933 0 0 0 
0 20.3586867 -1.1099317 1.27109125e-312 0.999962142 -0 -0 -0.00870145507 0 0 0 
0 20.6698693 -1.12775961 1.28504296e-312 0.999974716 -0 -0 -0.00711101207 0 0 0 
0 20.9848284 -1.13017164 1.29986666e-312 0.999985771 -0 -0 -0.00533455475 0 0 0 
0 21.270367 -1.12340742 1.31469035e-312 0.999989493 -0 -0 -0.00458398564 0 0 0 
0 21.5705131 -1.10999787 1.32717346e-312 0.999992068 -0 -0 -0.00398304913 0 0 0 
0 21.9105678 -1.11192101 1.33903241e-312 0.99999759 -0 -0 -0.00219538801 0 0 0 
0 22.5378408 -1.12652849 1.35151552e-312 0.999999966 -0 -0 -0.000261894082 0 0 0 
0 22.8615697 -1.13748335 1.36399864e-312 0.999999992 0 0 0.000125399086 0 0 0 
0 23.1854951 -1.15955213 1.37648175e-312 0.999999952 0 0 0.000309505689 0 0 0 
0 23.4773887 -1.16636675 1.3883407e-312 0.999999996 0 0 8.42663808e-05 0 0 0 
0 23.7893282 -1.18054325 1.40151732e-312 0.999999729 0 0 0.000736627407 0 0 0 
0 24.4170452 -1.22164611 1.41634101e-312 0.999997779 0 0 0.00210763973 0 0 0 
0 24.732364 -1.23329069 1.43215295e-312 0.999995148 0 0 0.00311510997 0 0 0 
0 25.0592963 -1.25490741 1.44909432e-312 0.99999412 0 0 0.00342941742 0 0 0 
0 25.3647779 -1.3004818 1.46603568e-312 0.999993939 0 0 0.00348176719 0 0 0 
0 25.694478 -1.32480907 1.4858006e-312 0.999992073 0 0 0.00398178374 0 0 0 
0 26.0405465 -1.33194255 1.50161254e-312 0.999994267 0 0 0.0033860768 0 0 0 
0 26.3791198 -1.34553997 1.51985709e-312 0.999994477 0 0 0.00332363038 0 0 0 
0 26.7551948 -1.34928995 1.53810164e-312 0.999991855 0 0 0.00403604697 0 0 0 
0 27.0781415 -1.3485732 1.55786656e-312 0.999993386 0 0 0.00363694842 0 0 0 
0 27.4165314 -1.34427988 1.57480793e-312 0.999994093 0 0 0.00343724312 0 0 0 
0 28.0797852 -1.36563674 1.59061987e-312 0.999991838 0 0 0.0040404117 0 0 0 
0 28.4225956 -1.39249475 1.61038479e-312 0.999990882 0 0 0.00427026416 0 0 0 
0 28.7478836 -1.40714901 1.63194653e-312 0.999989852 0 0 0.00450510427 0 0 0 
0 29.0891954 -1.4363072 1.64888789e-312 0.999990444 0 0 0.00437168003 0 0 0 
0 29.419151 -1.46631825 1.66713244e-312 0.999990567 0 0 0.00434353373 0 0 0 
0 29.7532468 -1.49385771 1.68537698e-312 0.999989346 0 0 0.00461611745 0 0 0 
0 30.0738013 -1.48824675 1.70362153e-312 0.999990955 0 0 0.00425321749 0 0 0 
0 30.4360311 -1.50581361 1.71943347e-312 0.99999003 0 0 0.00446539194 0 0 0 
0 30.7948965 -1.53019971 1.73637483e-312 0.999986296 0 0 0.00523531547 0 0 0 
0 31.465381 -1.54136992 1.75218677e-312 0.999980713 0 0 0.00621068724 0 0 0 
0 31.7962989 -1.55581376 1.76912814e-312 0.999975806 0 0 0.00695609726 0 0 0 
0 32.1511081 -1.58235422 1.78494008e-312 0.999974863 0 0 0.00709040939 0 0 0 
0 32.4978909 -1.60115474 1.80650181e-312 0.999970675 0 0 0.00765827212 0 0 0 
0 32.8360943 -1.62745795 1.82626674e-312 0.999969492 0 0 0.00781120212 0 0 0 
0 33.17623 -1.65195543 1.8432081e-312 0.999965766 0 0 0.0082745051 0 0 0 
0 33.5142249 -1.6882127 1.86014947e-312 0.999964555 0 0 0.00841955169 0 0 0 
0 33.8691499 -1.70762234 1.87839401e-312 0.999959359 0 0 0.00901551853 0 0 0 
0 34.1959884 -1.72974986 1.89533538e-312 0.999959544 0 0 0.00899506904 0 0 0 
0 34.5285017 -1.74382699 1.90928709e-312 0.999961571 0 0 0.00876680278 0 0 0 
0 34.8631436 -1.7660729 1.92622845e-312 0.999956475 0 0 0.00932991575 0 0 0 
0 35.19067 -1.76995723 1.94316982e-312 0.999958273 0 0 0.00913525795 0 0 0 
0 35.5251318 -1.79010163 1.95712153e-312 0.999952856 0 0 0.00971012518 0 0 0 
0 35.8409335 -1.8200598 1.97406289e-312 0.999947802 0 0 0.0102172976 0 0 0 
0 36.498611 -1.87312769 1.99100426e-312 0.999943766 0 0 0.0106049097 0 0 0 
0 36.8330188 -1.90000754 2.0068162e-312 0.999942966 0 0 0.0106800769 0 0 0 
0 37.1700515 -1.92519714 2.02163989e-312 0.999942734 0 0 0.0107017747 0 0 0 
0 37.4997542 -1.93931805 2.03481651e-312 0.999940092 0 0 0.0109459197 0 0 0 
0 37.8380499 -1.94876423 2.04799312e-312 0.99993309 0 0 0.0115678443 0 0 0 
0 38.1826361 -1.97185406 2.06281682e-312 0.999924934 0 0 0.0122526097 0 0 0 
0 38.5282319 -1.97356937 2.07764051e-312 0.999920779 0 0 0.012587131 0 0 0 
0 38.8673709 -1.9899415 2.09081713e-312 0.99990817 0 0 0.0135518263 0 0 0 
0 39.5542131 -2.02799411 2.10564082e-312 0.999893505 0 0 0.0145937992 0 0 0 
0 39.8841764 -2.050824 2.12046452e-312 0.999893763 0 0 0.0145761309 0 0 0 
0 40.222558 -2.06944416 2.13627646e-312 0.99989596 0 0 0.0144246123 0 0 0 
0 40.5499958 -2.10198831 2.15321782e-312 0.999889078 0 0 0.014894027 0 0 0 
0 40.9031145 -2.11833599 2.17015918e-312 0.999876201 0 0 0.0157347449 0 0 0 
0 41.2453827 -2.14431831 2.18498288e-312 0.999864015 0 0 0.016490961 0 0 0 
0 41.5814931 -2.17299036 2.19980657e-312 0.999855146 0 0 0.017020216 0 0 0 
0 41.9037973 -2.19973558 2.21674794e-312 0.999853196 0 0 0.0171343763 0 0 0 
0 42.237066 -2.23941642 2.23255988e-312 0.999842131 0 0 0.0177683157 0 0 0 
0 42.5771446 -2.26525643 2.24738357e-312 0.999832949 0 0 0.0182776932 0 0 0 
0 42.9470389 -2.28602681 2.26319551e-312 0.999805418 0 0 0.0197262848 0 0 0 
0 43.2900946 -2.30743516 2.28013687e-312 0.999781609 0 0 0.0208981904 0 0 0 
0 44.0162872 -2.33865608 2.29408859e-312 0.999734723 0 0 0.0230322183 0 0 0 
0 44.375552 -2.37801811 2.3080403e-312 0.999722453 0 0 0.0235588111 0 0 0 
0 44.738485 -2.38248906 2.32199201e-312 0.999700965 0 0 0.0244536481 0 0 0 
0 45.0865714 -2.40295823 2.33893337e-312 0.999680557 0 0 0.0252741791 0 0 0 
0 45.4584222 -2.40866418 2.35587474e-312 0.999660383 0 0 0.0260599116 0 0 0 
0 45.7767101 -2.45508927 2.36982645e-312 0.999579565 0 0 0.0289946977 0 0 0 
0 46.1493122 -2.46501327 2.38377816e-312 0.999547199 0 0 0.0300898244 0 0 0 
0 46.5223021 -2.46684397 2.39860185e-312 0.999490041 0 0 0.0319320986 0 0 0 
0 46.8880839 -2.4808949 2.41342555e-312 0.999420887 0 0 0.0340277786 0 0 0 
0 47.2456768 -2.48947015 2.42737726e-312 0.99937111 0 0 0.0354596191 0 0 0 
0 47.6096118 -2.51302805 2.44132897e-312 0.99933257 0 0 0.0365296272 0 0 0 
0 47.9880306 -2.53535701 2.45528068e-312 0.999305241 0 0 0.0372697692 0 0 0 
0 48.7227804 -2.54980421 2.47222205e-312 0.999225702 0 0 0.0393445811 0 0 0 
0 49.1106968 -2.57051511 2.48617376e-312 0.99916727 0 0 0.0408015427 0 0 0 
0 49.5001047 -2.59371653 2.50311512e-312 0.999105434 0 0 0.042288671 0 0 0 
0 49.861547 -2.60850826 2.52005649e-312 0.999013384 0 0 0.0444101258 0 0 0 
0 50.2360022 -2.62468048 2.53699785e-312 0.998901245 0 0 0.0468647335 0 0 0 
0 50.6169807 -2.63755522 2.5552424e-312 0.998819572 0 0 0.0485742996 0 0 0 
0 51.0036596 -2.66350869 2.57105434e-312 0.998770278 0 0 0.0495775344 0 0 0 
0 51.3534752 -2.68489155 2.58686628e-312 0.998780062 0 0 0.0493800381 0 0 0 
0 51.7051808 -2.70683214 2.60511082e-312 0.998737612 0 0 0.0502312813 0 0 0 
0 52.0910736 -2.66727595 2.62487575e-312 0.998704824 0 0 0.0508790096 0 0 0 
0 52.8119238 -2.66855041 2.64312029e-312 0.998638627 0 0 0.0521621691 0 0 0 
0 53.1940612 -2.69273854 2.66136484e-312 0.998534605 0 0 0.0541169262 0 0 0 
0 53.5574321 -2.74748024 2.68112977e-312 0.998500673 0 0 0.0547394415 0 0 0 
0 53.9213122 -2.77712696 2.70089469e-312 0.998479273 0 0 0.0551284108 0 0 0 
0 54.2863565 -2.80943924 2.72245643e-312 0.998477359 0 0 0.0551630583 0 0 0 
0 54.7111954 -2.8586349 2.74222135e-312 0.998489887 0 0 0.0549358262 0 0 0 
0 55.1090817 -2.89546241 2.7604659e-312 0.998532429 0 0 0.0541570625 0 0 0 
0 55.5082438 -2.89225995 2.78023082e-312 0.998540108 0 0 0.0540152997 0 0 0 
0 55.8653494 -2.8971952 2.79999575e-312 0.998529452 0 0 0.0542119241 0 0 0 
0 56.2517742 -2.88591019 2.81580769e-312 0.998406922 0 0 0.0564235573 0 0 0 
0 56.6583219 -2.87581947 2.83274905e-312 0.998314928 0 0 0.0580284874 0 0 0 
0 57.034942 -2.89531586 2.8509936e-312 0.998246491 0 0 0.0591941094 0 0 0 
0 57.8108522 -2.94423106 2.86680554e-312 0.998115633 0 0 0.0613610866 0 0 0 
0 58.1977017 -2.97499359 2.88836727e-312 0.998065941 0 0 0.0621641121 0 0 0 
0 58.5920783 -3.00105564 2.90992901e-312 0.998043044 0 0 0.0625306437 0 0 0 
0 58.9721627 -3.00751 2.92817356e-312 0.998035464 0 0 0.0626515157 0 0 0 
0 59.4342321 -3.01513517 2.94793848e-312 0.99792069 0 0 0.0644538396 0 0 0 
0 59.8270443 -3.01002398 2.97429171e-312 0.997794798 0 0 0.0663742437 0 0 0 
0 60.2135569 -3.02137691 2.99405664e-312 0.99765908 0 0 0.0683839139 0 0 0 
0 60.5901533 -3.02446285 3.010998e-312 0.99762337 0 0 0.0689029201 0 0 0 
0 60.9927634 -3.03366159 3.03076293e-312 0.997578161 0 0 0.0695543897 0 0 0 
0 61.3983792 -3.04943026 3.05232466e-312 0.997608377 0 0 0.0691196443 0 0 0 
0 61.8553712 -3.05665666 3.07208959e-312 0.997641137 0 0 0.0686451892 0 0 0 
0 62.2269214 -3.07374896 3.09844282e-312 0.997614481 0 0 0.0690314993 0 0 0 
0 63.0048936 -3.11646067 3.12000456e-312 0.99754537 0 0 0.0700231076 0 0 0 
0 63.4179297 -3.11189626 3.14635779e-312 0.997518109 0 0 0.0704103802 0 0 0 
0 63.8127712 -3.13090234 3.1700757e-312 0.997532422 0 0 0.0702073191 0 0 0 
0 64.2190821 -3.15030428 3.19163744e-312 0.997553013 0 0 0.0699141393 0 0 0 
0 64.6267138 -3.16540442 3.21319917e-312 0.997549938 0 0 0.0699579941 0 0 0 
0 65.0182037 -3.18667789 3.23955241e-312 0.997515365 0 0 0.0704492535 0 0 0 
0 65.4402594 -3.1988383 3.26111414e-312 0.997540344 0 0 0.0700946703 0 0 0 
0 66.20574 -3.26375722 3.27935869e-312 0.997524987 0 0 0.0703128686 0 0 0 
0 66.6506455 -3.2801143 3.3030766e-312 0.997533882 0 0 0.0701865656 0 0 0 
0 67.0988401 -3.30096738 3.32679451e-312 0.997576953 0 0 0.0695717122 0 0 0 
0 67.5012904 -3.3209416 3.34835625e-312 0.997569304 0 0 0.0696812995 0 0 0 
0 67.9423815 -3.35197956 3.37207416e-312 0.997529818 0 0 0.0702443048 0 0 0 
0 68.3437511 -3.36069138 3.39363589e-312 0.997486963 0 0 0.0708502581 0 0 0 
0 68.7466092 -3.36483178 3.41340082e-312 0.997398968 0 0 0.0720784135 0 0 0 
0 69.1654947 -3.39423622 3.43034218e-312 0.997310042 0 0 0.073298572 0 0 0 
0 69.9971699 -3.45099326 3.44858673e-312 0.997312278 0 0 0.0732681421 0 0 0 
0 70.4393869 -3.46622721 3.46835165e-312 0.997318511 0 0 0.0731832411 0 0 0 
0 70.8733796 -3.48110812 3.49206956e-312 0.997316548 0 0 0.0732099869 0 0 0 
0 71.3120169 -3.47648616 3.5136313e-312 0.997389768 0 0 0.0722056161 0 0 0 
0 71.7398356 -3.47994761 3.53339622e-312 0.997352079 0 0 0.0727243455 0 0 0 
0 72.6448092 -3.5112603 3.55316115e-312 0.997354636 0 0 0.072689271 0 0 0 
0 73.1195181 -3.57661068 3.57292607e-312 0.997394807 0 0 0.072135976 0 0 0 
0 73.5876649 -3.59743432 3.59117062e-312 0.997484484 0 0 0.0708851475 0 0 0 
0 74.0494157 -3.62819248 3.60811198e-312 0.997534327 0 0 0.0701802476 0 0 0 
0 74.4088469 -3.6516893 3.62392392e-312 0.997839584 0 0 0.0656975204 0 0 0 
0 75.3436655 -3.72803761 3.64368885e-312 0.997753206 0 0 0.0669965694 0 0 0 
0 75.5881144 -3.70591899 3.66345377e-312 0.998148524 0 0 0.0608237207 0 0 0 
0 76.086804 -3.74277214 3.6832187e-312 0.998055995 0 0 0.0623235956 0 0 0 
0 76.5459283 -3.78594312 3.70478043e-312 0.997982683 0 0 0.0634867265 0 0 0 
0 77.026377 -3.80469087 3.72634217e-312 0.997958731 0 0 0.0638621315 0 0 0 
0 77.4916269 -3.83604304 3.74458672e-312 0.997877899 0 0 0.0651129618 0 0 0 
0 77.9460072 -3.89184607 3.76614845e-312 0.997823574 0 0 0.0659402389 0 0 0 
0 78.4048928 -3.9319839 3.79250169e-312 0.997857242 0 0 0.0654287754 0 0 0 
0 78.8952256 -3.98541926 3.81885492e-312 0.997846017 0 0 0.0655997414 0 0 0 
0 79.6370994 -3.90598433 3.84041666e-312 0.99816879 0 0 0.0604902258 0 0 0 
0 80.1111269 -3.91747168 3.86413457e-312 0.998143834 0 0 0.0609006373 0 0 0 
0 80.557098 -3.94998766 3.88389949e-312 0.998143437 0 0 0.0609071422 0 0 0 
0 81.0105853 -3.99001069 3.89971143e-312 0.998147534 0 0 0.0608399523 0 0 0 
0 81.464477 -4.05748417 3.91366314e-312 0.998142136 0 0 0.0609284584 0 0 0 
0 81.7902831 -3.97877262 3.92848684e-312 0.998391949 0 0 0.0566878777 0 0 0 
0 82.6869417 -4.01898442 3.94429878e-312 0.998392091 0 0 0.0566853743 0 0 0 
0 83.1374237 -4.06170249 3.95912247e-312 0.998337995 0 0 0.0576302663 0 0 0 
0 83.5438328 -4.0826142 3.97394616e-312 0.99839101 0 0 0.0567044114 0 0 0 
0 84.0019585 -4.0962676 3.99088753e-312 0.99838232 0 0 0.0568572116 0 0 0 
0 84.4630988 -4.12568804 4.00483924e-312 0.998331418 0 0 0.0577440861 0 0 0 
0 84.8031996 -4.12929645 4.01966293e-312 0.998421289 0 0 0.0561687642 0 0 0 
0 85.5332219 -4.01265175 4.03790748e-312 0.998704137 0 0 0.050892499 0 0 0 
0 85.995036 -4.0477056 4.05371942e-312 0.99871334 0 0 0.0507115769 0 0 0 
0 86.4463781 -4.07953396 4.06854311e-312 0.998728306 0 0 0.0504159851 0 0 0 
0 86.9031559 -4.12118336 4.08678766e-312 0.998740198 0 0 0.0501798451 0 0 0 
0 87.3772279 -4.14131679 4.10372902e-312 0.998796952 0 0 0.0490372102 0 0 0 
0 88.2043707 -4.1831805 4.11768073e-312 0.998910202 0 0 0.0466734142 0 0 0 
0 88.5767541 -4.13828515 4.13250443e-312 0.99907982 0 0 0.0428895486 0 0 0 
0 89.034458 -4.16016688 4.14944579e-312 0.999075548 0 0 0.0429889337 0 0 0 
0 89.4687488 -4.20879347 4.16638716e-312 0.999083459 0 0 0.0428046956 0 0 0 
0 89.9441595 -4.23829878 4.18121085e-312 0.999125363 0 0 0.0418151657 0 0 0 
0 90.426984 -4.27360409 4.1994554e-312 0.999181953 0 0 0.0404403952 0 0 0 
0 91.3319678 -4.33794225 4.22317331e-312 0.999243756 0 0 0.0388833654 0 0 0 
0 91.7799064 -4.35222704 4.24141785e-312 0.999216253 0 0 0.0395838443 0 0 0 
0 92.2353182 -4.38337511 4.26118278e-312 0.999176594 0 0 0.0405725797 0 0 0 
0 92.6908921 -4.43195017 4.28490069e-312 0.999091866 0 0 0.0426080156 0 0 0 
0 93.1846381 -4.48360538 4.31454807e-312 0.999050511 0 0 0.0435669182 0 0 0 
0 93.6325308 -4.53097434 4.33279262e-312 0.999080291 0 0 0.0428785661 0 0 0 
0 94.1191904 -4.57826983 4.35255755e-312 0.99907506 0 0 0.0430002831 0 0 0 
0 95.0159324 -4.60786967 4.37411928e-312 0.999068971 0 0 0.0431415281 0 0 0 
0 95.458341 -4.61469308 4.39388421e-312 0.99903597 0 0 0.0438991053 0 0 0 
0 95.7693266 -4.57266713 4.41364913e-312 0.999261597 0 0 0.0384221352 0 0 0 
0 96.2236146 -4.59111867 4.43189368e-312 0.999205683 0 0 0.0398497682 0 0 0 
0 96.6867163 -4.64048912 4.45345541e-312 0.999207579 0 0 0.03980218 0 0 0 
0 97.1447922 -4.70158365 4.47322034e-312 0.999211352 0 0 0.0397073635 0 0 0 
0 97.5974948 -4.76431021 4.49478208e-312 0.999225948 0 0 0.03933833 0 0 0 
0 98.0425554 -4.82573124 4.51849998e-312 0.999204795 0 0 0.039872014 0 0 0 
0 98.5372385 -4.84082888 4.53826491e-312 0.99915017 0 0 0.0412181635 0 0 0 
0 98.9846485 -4.84450042 4.55520627e-312 0.999043882 0 0 0.0437186596 0 0 0 
0 99.8890261 -4.89654306 4.5749712e-312 0.998996204 0 0 0.0447949059 0 0 0 
0 100.345334 -4.90740452 4.59473612e-312 0.999021036 0 0 0.0442376541 0 0 0 
0 100.804014 -4.93085172 4.61298067e-312 0.999024346 0 0 0.0441628442 0 0 0 
0 101.276284 -4.90463211 4.63274559e-312 0.999004195 0 0 0.0446163411 0 0 0 
0 101.706794 -4.92634272 4.64968696e-312 0.998991502 0 0 0.0448996596 0 0 0 
0 102.179024 -4.93200293 4.6654989e-312 0.998934987 0 0 0.0461399059 0 0 0 
0 102.608398 -4.93996643 4.68374345e-312 0.998946373 0 0 0.0458927498 0 0 0 
0 103.093667 -4.97589123 4.69856714e-312 0.998912706 0 0 0.0466198024 0 0 0 
0 103.554116 -4.98576404 4.71437908e-312 0.998898188 0 0 0.0469298311 0 0 0 
0 104.474121 -5.04055438 4.73262362e-312 0.99889461 0 0 0.0470059344 0 0 0 
0 104.908092 -5.04776067 4.75238855e-312 0.998875522 0 0 0.0474098342 0 0 0 
0 105.334514 -5.0796243 4.77395029e-312 0.998916626 0 0 0.0465357302 0 0 0 
0 105.758591 -5.09169691 4.79551202e-312 0.998975895 0 0 0.0452455723 0 0 0 
0 106.185807 -5.11341098 4.81375657e-312 0.999008516 0 0 0.0445194921 0 0 0 
0 106.609053 -5.14743774 4.83069793e-312 0.999048727 0 0 0.0436078124 0 0 0 
0 107.023424 -5.17989081 4.84650987e-312 0.999067319 0 0 0.0431797658 0 0 0 
0 107.4396 -5.21830354 4.86345124e-312 0.999091783 0 0 0.0426099575 0 0 0 
0 108.258973 -5.2852053 4.88501297e-312 0.999136641 0 0 0.0415448319 0 0 0 
0 108.669327 -5.32569174 4.90657471e-312 0.999146176 0 0 0.0413148821 0 0 0 
0 109.086801 -5.35938006 4.92633963e-312 0.999208106 0 0 0.0397889651 0 0 0 
0 109.477525 -5.39012184 4.94610456e-312 0.999244946 0 0 0.0388527767 0 0 0 
0 109.888922 -5.4259628 4.96982247e-312 0.999271578 0 0 0.0381616767 0 0 0 
0 110.290792 -5.46251353 4.99354038e-312 0.999306355 0 0 0.0372398807 0 0 0 
0 110.678976 -5.50788255 5.01510212e-312 0.999326675 0 0 0.0366905487 0 0 0 
0 111.107465 -5.53525287 5.03882002e-312 0.999414026 0 0 0.0342287062 0 0 0 
0 111.52125 -5.57249813 5.06517326e-312 0.999409624 0 0 0.0343569906 0 0 0 
0 111.917321 -5.58954323 5.09152649e-312 0.999440501 0 0 0.0334467427 0 0 0 
0 112.771836 -5.61872746 5.11787972e-312 0.999509157 0 0 0.0313280136 0 0 0 
0 113.181225 -5.64306761 5.14159763e-312 0.999528986 0 0 0.0306888726 0 0 0 
0 113.581081 -5.67931864 5.16795087e-312 0.999568954 0 0 0.0293582291 0 0 0 
0 113.991593 -5.70597128 5.19166878e-312 0.999583331 0 0 0.0288645739 0 0 0 
0 114.819087 -5.74590043 5.2114337e-312 0.999625591 0 0 0.0273619626 0 0 0 
0 115.103818 -5.86022633 5.23119863e-312 0.999540639 0 0 0.0303069553 0 0 0 
0 115.498521 -5.88120242 5.25276036e-312 0.999535968 0 0 0.0304605966 0 0 0 
0 115.914189 -5.91066435 5.27647827e-312 0.999558557 0 0 0.0297101321 0 0 0 
0 116.324047 -5.94476706 5.30019618e-312 0.999588177 0 0 0.0286962842 0 0 0 
0 117.211952 -6.01565056 5.32654942e-312 0.999676371 0 0 0.0254392146 0 0 0 
0 117.586279 -6.06876118 5.35290265e-312 0.999681796 0 0 0.0252251026 0 0 0 
0 118.011851 -6.09878193 5.37446439e-312 0.999685127 0 0 0.0250927501 0 0 0 
0 118.392095 -6.12930096 5.39270893e-312 0.999704775 0 0 0.0242973929 0 0 0 
0 118.807814 -6.16050406 5.41247386e-312 0.999705621 0 0 0.0242625639 0 0 0 
0 119.238712 -6.19978829 5.43403559e-312 0.999734303 0 0 0.0230504622 0 0 0 
0 119.641429 -6.24979039 5.4577535e-312 0.999760432 0 0 0.0218878725 0 0 0 
0 120.044716 -6.28071161 5.47931524e-312 0.999789589 0 0 0.0205128498 0 0 0 
0 120.460573 -6.33046091 5.49908016e-312 0.99980432 0 0 0.0197818555 0 0 0 
0 120.85383 -6.37112546 5.52872755e-312 0.999806327 0 0 0.0196801723 0 0 0 
0 121.236605 -6.4047974 5.55508079e-312 0.99980438 0 0 0.0197788016 0 0 0 
0 121.630318 -6.42818413 5.57879869e-312 0.999796867 0 0 0.0201550357 0 0 0 
0 122.023979 -6.48852286 5.59704324e-312 0.999763735 0 0 0.0217364824 0 0 0 
0 122.435791 -6.50740793 5.62076115e-312 0.999766771 0 0 0.021596362 0 0 0 
0 122.836365 -6.52184675 5.64447906e-312 0.999714984 0 0 0.0238736474 0 0 0 
0 123.249339 -6.54260241 5.66819697e-312 0.999663743 0 0 0.0259307018 0 0 0 
0 123.673028 -6.60107454 5.7020797e-312 0.99958672 0 0 0.0287469966 0 0 0 
0 124.097185 -6.62990511 5.72843293e-312 0.999537086 0 0 0.030423889 0 0 0 
0 124.492062 -6.64938645 5.75478617e-312 0.99949907 0 0 0.0316482206 0 0 0 
0 124.889201 -6.6887279 5.7811394e-312 0.999420331 0 0 0.0340441254 0 0 0 
0 125.241142 -6.67551515 5.80090432e-312 0.999338392 0 0 0.0363700144 0 0 0 
0 125.648865 -6.66138886 5.82246606e-312 0.999232184 0 0 0.0391796287 0 0 0 
0 126.037002 -6.67472677 5.8440278e-312 0.999104876 0 0 0.0423018513 0 0 0 
0 126.44559 -6.66857748 5.86379272e-312 0.998924515 0 0 0.0463660867 0 0 0 
0 126.843096 -6.67304759 5.88535446e-312 0.998765865 0 0 0.0496663635 0 0 0 
0 127.246638 -6.69132842 5.90691619e-312 0.998655956 0 0 0.051829341 0 0 0 
0 127.635116 -6.69377659 5.92847793e-312 0.998535197 0 0 0.0541060149 0 0 0 
0 128.023927 -6.70387956 5.95219584e-312 0.998443547 0 0 0.0557717058 0 0 0 
0 128.420062 -6.72100601 5.97196076e-312 0.99836135 0 0 0.0572242477 0 0 0 
0 128.848356 -6.73416597 6.00160815e-312 0.998272624 0 0 0.0587517446 0 0 0 
0 129.251134 -6.76317526 6.03125554e-312 0.998233253 0 0 0.0594169308 0 0 0 
0 129.63751 -6.78000293 6.05760877e-312 0.998249242 0 0 0.059147709 0 0 0 
0 130.042949 -6.79965072 6.08132668e-312 0.998207101 0 0 0.0598546893 0 0 0 
0 130.417714 -6.83361026 6.10504459e-312 0.998216632 0 0 0.0596955239 0 0 0 
0 131.22666 -6.88857305 6.1287625e-312 0.998144084 0 0 0.0608965288 0 0 0 
0 131.604898 -6.92576449 6.14852743e-312 0.998100903 0 0 0.0616002184 0 0 0 
0 131.997247 -6.92895634 6.16677197e-312 0.998035817 0 0 0.0626458857 0 0 0 
0 132.366725 -6.95307887 6.18833371e-312 0.997954737 0 0 0.0639245155 0 0 0 
0 132.720299 -6.94066172 6.21205162e-312 0.997897285 0 0 0.0648151823 0 0 0 
0 133.055988 -6.93883008 6.24169901e-312 0.997913792 0 0 0.064560537 0 0 0 
0 133.441873 -6.93519014 6.27134639e-312 0.997837046 0 0 0.0657360568 0 0 0 
0 133.770388 -6.96232123 6.29769963e-312 0.997778521 0 0 0.0666184951 0 0 0 
0 134.094658 -6.98753955 6.32405286e-312 0.997680191 0 0 0.0680752333 0 0 0 
0 134.412247 -7.00383608 6.35370025e-312 0.997605274 0 0 0.0691644277 0 0 0 
0 134.737643 -7.03542588 6.38005348e-312 0.997520573 0 0 0.0703754735 0 0 0 
0 135.061495 -7.06452888 6.40640671e-312 0.997522684 0 0 0.0703455362 0 0 0 
0 135.374593 -7.08754658 6.43275995e-312 0.997600035 0 0 0.0692399476 0 0 0 
0 135.664253 -7.10238085 6.45432168e-312 0.997611444 0 0 0.0690753736 0 0 0 
0 135.966937 -7.10222125 6.47803959e-312 0.997647277 0 0 0.0685558889 0 0 0 
0 136.240227 -7.1384335 6.50768698e-312 0.997675201 0 0 0.0681483136 0 0 0 
0 136.514513 -7.16198647 6.54156971e-312 0.997783162 0 0 0.066548939 0 0 0 
0 136.829383 -7.19795384 6.56792294e-312 0.997831233 0 0 0.0658242442 0 0 0 
0 137.093277 -7.22163977 6.59757033e-312 0.997853381 0 0 0.0654876391 0 0 0 
0 137.363664 -7.2439362 6.63145306e-312 0.997898803 0 0 0.0647918164 0 0 0 
0 137.633986 -7.26172542 6.65780629e-312 0.997893994 0 0 0.0648658343 0 0 0 
0 137.900969 -7.29905934 6.69168902e-312 0.997927734 0 0 0.0643446743 0 0 0 
0 138.145911 -7.30259541 6.72557175e-312 0.997982748 0 0 0.0634857058 0 0 0 
0 138.380381 -7.3482607 6.75945448e-312 0.998069902 0 0 0.0621004834 0 0 0 
0 138.56917 -7.44670623 6.78317239e-312 0.998055817 0 0 0.0623264519 0 0 0 
0 138.793206 -7.44693778 6.80952562e-312 0.998042633 0 0 0.0625372037 0 0 0 
0 139.049336 -7.37494172 6.83324353e-312 0.998133686 0 0 0.0610667241 0 0 0 
0 139.267112 -7.35332814 6.87277338e-312 0.998087455 0 0 0.0618177402 0 0 0 
0 139.476581 -7.37294977 6.91230323e-312 0.99812288 0 0 0.0612430979 0 0 0 
0 139.709109 -7.3798023 6.94195062e-312 0.998163553 0 0 0.0605765783 0 0 0 
0 139.915278 -7.41945797 6.96830385e-312 0.998262916 0 0 0.0589164628 0 0 0 
0 140.114084 -7.449124 6.99465708e-312 0.998251276 0 0 0.0591133645 0 0 0 
0 140.308549 -7.48454759 7.02101032e-312 0.998277861 0 0 0.058662699 0 0 0 
0 140.54374 -7.48169153 7.05489305e-312 0.998307358 0 0 0.058158571 0 0 0 
0 140.738587 -7.48093887 7.08877577e-312 0.998389418 0 0 0.0567324384 0 0 0 
0 140.921378 -7.50846869 7.1226585e-312 0.99846171 0 0 0.0554455936 0 0 0 
0 141.13333 -7.524153 7.16218835e-312 0.99852428 0 0 0.0543071181 0 0 0 
0 141.30298 -7.50583215 7.20962417e-312 0.99860027 0 0 0.0528914135 0 0 0 
0 141.50599 -7.52954712 7.25705999e-312 0.998583791 0 0 0.053201612 0 0 0 
0 141.693996 -7.53760853 7.30449581e-312 0.998653115 0 0 0.0518840584 0 0 0 
0 141.874411 -7.54909694 7.36379059e-312 0.998664189 0 0 0.0516704702 0 0 0 
0 142.060483 -7.57661552 7.42308536e-312 0.99859038 0 0 0.0530778048 0 0 0 
0 142.237251 -7.63925262 7.46261521e-312 0.998609378 0 0 0.0527191539 0 0 0 
0 142.365261 -7.68482435 7.54167491e-312 0.998647124 0 0 0.0519992424 0 0 0 
0 142.531958 -7.69575787 7.62073461e-312 0.998594106 0 0 0.0530076617 0 0 0 
0 142.696477 -7.73537191 7.69979431e-312 0.998591958 0 0 0.0530481078 0 0 0 
0 142.935035 -7.59207826 7.73932416e-312 0.998630128 0 0 0.0523246298 0 0 0 
0 143.076459 -7.59956815 7.78675998e-312 0.998592117 0 0 0.0530451089 0 0 0 
0 143.188149 -7.59795091 7.84605475e-312 0.998629494 0 0 0.052336739 0 0 0 
0 143.311746 -7.61765496 7.92511445e-312 0.998648137 0 0 0.051979796 0 0 0 
0 143.444735 -7.6093898 8.00417415e-312 0.998634115 0 0 0.0522484913 0 0 0 
0 143.555381 -7.61778456 8.06346893e-312 0.998707176 0 0 0.0508328247 0 0 0 
0 143.657079 -7.62820467 8.11090475e-312 0.998672582 0 0 0.0515080019 0 0 0 
0 143.757475 -7.63078603 8.1504346e-312 0.998704373 0 0 0.0508878694 0 0 0 
0 143.862853 -7.61529082 8.18996445e-312 0.998702029 0 0 0.0509338453 0 0 0 
0 143.956165 -7.61167032 8.23740027e-312 0.998658588 0 0 0.0517786038 0 0 0 
0 144.072181 -7.59387859 8.29669504e-312 0.998616311 0 0 0.0525876659 0 0 0 
0 144.159068 -7.6069422 8.37575474e-312 0.998492337 0 0 0.0548912859 0 0 0 
0 144.251359 -7.59901231 8.43504952e-312 0.998429545 0 0 0.0560218213 0 0 0 
0 144.340391 -7.59139103 8.49434429e-312 0.998431178 0 0 0.0559927072 0 0 0 
0 144.419818 -7.61162439 8.54178011e-312 0.9983313 0 0 0.0577461302 0 0 0 
0 144.51703 -7.61454987 8.58921593e-312 0.998328866 0 0 0.0577881885 0 0 0 
0 144.62088 -7.59387492 8.64851071e-312 0.998235472 0 0 0.059379644 0 0 0 
0 144.729999 -7.61386846 8.70780548e-312 0.998197917 0 0 0.0600076509 0 0 0 
0 144.827801 -7.61392673 8.7552413e-312 0.998115888 0 0 0.0613569416 0 0 0 
0 144.932395 -7.6035281 8.80267712e-312 0.998052258 0 0 0.0623834059 0 0 0 
0 145.027056 -7.61736607 8.86197189e-312 0.997966194 0 0 0.063745402 0 0 0 
0 145.115039 -7.6048071 8.92126667e-312 0.99790074 0 0 0.0647619775 0 0 0 
0 145.210879 -7.58921288 8.96079652e-312 0.997969264 0 0 0.0636973197 0 0 0 
0 145.285767 -7.59832508 9.00823234e-312 0.997845386 0 0 0.0656093407 0 0 0 
0 145.377461 -7.58015544 9.06752711e-312 0.99791292 0 0 0.064574027 0 0 0 
0 145.451114 -7.58182621 9.11496293e-312 0.997886224 0 0 0.0649852646 0 0 0 
0 145.530402 -7.57629799 9.16239875e-312 0.997820476 0 0 0.0659871068 0 0 0 
0 145.587829 -7.59319646 9.2019286e-312 0.99776155 0 0 0.0668721807 0 0 0 
0 145.65869 -7.58990227 9.24936442e-312 0.997709922 0 0 0.0676380959 0 0 0 
0 145.721197 -7.59387237 9.28889427e-312 0.997721839 0 0 0.0674620756 0 0 0 
0 145.811756 -7.58795178 9.32842412e-312 0.99767945 0 0 0.0680860903 0 0 0 
0 145.856527 -7.63109114 9.36230685e-312 0.997575161 0 0 0.0695974022 0 0 0 
0 145.895264 -7.61459036 9.4018367e-312 0.997550653 0 0 0.0699478022 0 0 0 
0 145.935112 -7.58380439 9.44136655e-312 0.99763717 0 0 0.0687028124 0 0 0 
0 145.992165 -7.58459971 9.50066133e-312 0.997546641 0 0 0.070004988 0 0 0 
0 146.025979 -7.58264751 9.53454405e-312 0.997551885 0 0 0.069930222 0 0 0 
0 146.064669 -7.59384168 9.56842678e-312 0.997521693 0 0 0.0703595966 0 0 0 
0 146.119755 -7.60480197 9.60230951e-312 0.997441874 0 0 0.0714822192 0 0 0 
0 146.162892 -7.62689354 9.64183936e-312 0.997340395 0 0 0.0728844081 0 0 0 
0 146.198958 -7.61054443 9.67572209e-312 0.997385468 0 0 0.0722649905 0 0 0 
0 146.210774 -7.60001748 9.70960482e-312 0.997478667 0 0 0.0709669493 0 0 0 
0 146.23242 -7.60577039 9.75704064e-312 0.997492858 0 0 0.0707672103 0 0 0 
0 146.268138 -7.59887516 9.81633541e-312 0.997426106 0 0 0.0717019064 0 0 0 
0 146.297711 -7.60522967 9.86377123e-312 0.997413607 0 0 0.0718755644 0 0 0 
0 146.328392 -7.59607276 9.92306601e-312 0.997384456 0 0 0.0722789557 0 0 0 
0 146.34344 -7.60156677 9.98236078e-312 0.997379939 0 0 0.0723412562 0 0 0 
0 146.365063 -7.58851137 1.00218906e-311 0.997392021 0 0 0.0721744929 0 0 0 
0 146.398435 -7.59293382 1.00614205e-311 0.997341576 0 0 0.0728682434 0 0 0 
0 146.401818 -7.58968735 1.01009503e-311 0.997338378 0 0 0.0729120068 0 0 0 
0 146.429477 -7.58115175 1.01483862e-311 0.997350264 0 0 0.0727492366 0 0 0 
0 146.410293 -7.59791375 1.02076809e-311 0.997352469 0 0 0.0727190012 0 0 0 
0 146.430396 -7.60044496 1.02551167e-311 0.997299606 0 0 0.0734404219 0 0 0 
0 146.421181 -7.59548219 1.03025526e-311 0.997433956 0 0 0.0715926256 0 0 0 
0 146.43896 -7.58996638 1.03618473e-311 0.997419334 0 0 0.071796046 0 0 0 
0 146.468541 -7.5966933 1.04013772e-311 0.99737027 0 0 0.0724744366 0 0 0 
0 146.476451 -7.58755714 1.0448813e-311 0.997435819 0 0 0.0715666665 0 0 0 
0 146.484189 -7.59623899 1.04962488e-311 0.997429492 0 0 0.0716547841 0 0 0 
0 146.498936 -7.60180551 1.05357787e-311 0.997385262 0 0 0.0722678263 0 0 0 
0 146.500602 -7.60187568 1.05753085e-311 0.997419116 0 0 0.0717990791 0 0 0 
0 146.505229 -7.59486955 1.06148384e-311 0.997404214 0 0 0.072005793 0 0 0 
0 146.50785 -7.59020881 1.06487211e-311 0.997411826 0 0 0.0719002713 0 0 0 
0 146.542758 -7.59463843 1.0688251e-311 0.997326481 0 0 0.0730745486 0 0 0 
0 146.525284 -7.584328 1.07277808e-311 0.997411185 0 0 0.0719091636 0 0 0 
0 146.539706 -7.58447043 1.07673107e-311 0.997386666 0 0 0.072248448 0 0 0 
0 146.524236 -7.58772819 1.08068405e-311 0.997390986 0 0 0.0721887929 0 0 0 
0 146.532742 -7.58595865 1.08542763e-311 0.997444186 0 0 0.0714499599 0 0 0 
0 146.539866 -7.58581194 1.08938062e-311 0.997397394 0 0 0.0721001999 0 0 0 
0 146.525442 -7.60534543 1.0933336e-311 0.997419957 0 0 0.0717873849 0 0 0 
0 146.538934 -7.62678808 1.09807718e-311 0.997319599 0 0 0.0731684186 0 0 0 
0 146.52021 -7.62651407 1.10203017e-311 0.997332147 0 0 0.0729971852 0 0 0 
0 146.531125 -7.62938955 1.10541844e-311 0.997323326 0 0 0.0731176044 0 0 0 
0 146.522322 -7.63219742 1.10880672e-311 0.997313785 0 0 0.073247618 0 0 0 
0 146.530917 -7.59806957 1.11219499e-311 0.99738291 0 0 0.0723002839 0 0 0 
0 146.525316 -7.62272641 1.11558326e-311 0.997340869 0 0 0.072877912 0 0 0 
0 146.537689 -7.63256849 1.11897153e-311 0.997299634 0 0 0.0734400446 0 0 0 
0 146.524354 -7.61981078 1.12235981e-311 0.997346264 0 0 0.0728040454 0 0 0 
0 146.528959 -7.61572516 1.12574808e-311 0.997327846 0 0 0.0730559174 0 0 0 
0 146.545846 -7.62037912 1.12970106e-311 0.99731582 0 0 0.0732199031 0 0 0 
0 146.573664 -7.63833538 1.13365405e-311 0.997262104 0 0 0.0739479219 0 0 0 
0 146.582541 -7.6162421 1.13704232e-311 0.99728485 0 0 0.0736405347 0 0 0 
0 146.627488 -7.60850218 1.14099531e-311 0.997272262 0 0 0.0738108101 0 0 0 
0 146.640048 -7.62233202 1.14494829e-311 0.997218181 0 0 0.0745379103 0 0 0 
0 146.671551 -7.62732325 1.14890128e-311 0.997215153 0 0 0.0745784003 0 0 0 
0 146.713514 -7.6400354 1.15285426e-311 0.997219652 0 0 0.074518226 0 0 0 
