1.67421e+09 2.21032 -5.80099 0.327442
1.67421e+09 3.81397 5.46701 0.200466
1.67421e+09 7.66305 -8.55289 0.329611
1.67421e+09 7.81388 6.4781 0.20831
1.67421e+09 -1.38663 -9.72735 0.26402
1.67421e+09 -1.24685 5.43556 0.146224
1.67421e+09 -8.75758 -5.2294 0.231765
1.67421e+09 19.306 -8.68873 0.330291
1.67421e+09 11.8258 11.641 0.255152
1.67421e+09 1.21454 12.6842 0.244991
1.67421e+09 19.4691 3.53489 0.26251
1.67421e+09 -2.29364 16.2365 0.294835
1.67421e+09 3.92265 7.25307 0.12686
1.67421e+09 13.0536 -12.1714 0.176171
1.67421e+09 -12.5252 -17.2192 0.287473
1.67421e+09 9.8412 -17.9816 0.274253
1.67421e+09 -5.42802 6.09327 0.122934
1.67421e+09 -14.4174 -11.258 0.262295
1.67421e+09 16.7136 -8.74355 0.228148
1.67421e+09 26.4529 3.86551 0.280445
1.67421e+09 -5.53113 -13.5643 0.154537
1.67421e+09 19.1136 11.5012 0.250555
1.67421e+09 13.3144 5.98935 0.119035
