1.67421e+09 2.39711 -8.34868 0.319529
1.67421e+09 2.76912 6.7081 0.22826
1.67421e+09 -1.2265 5.74528 0.241769
1.67421e+09 14.0056 -8.62887 0.328341
1.67421e+09 6.83057 11.7925 0.250777
1.67421e+09 -6.68333 -9.41875 0.257925
1.67421e+09 14.3369 3.54147 0.255602
1.67421e+09 -3.81194 12.9299 0.276081
1.67421e+09 7.83804 -12.0459 0.17724
1.67421e+09 -6.58862 5.69426 0.129181
1.67421e+09 21.3503 3.85357 0.266919
1.67421e+09 8.24442 6.14664 0.10529
1.67421e+09 11.5115 -8.6732 0.142521
1.67421e+09 14.1408 11.615 0.273186
1.67421e+09 4.25575 17.2392 0.25833
1.67421e+09 -7.23971 16.4869 0.303492
1.67421e+09 -10.8023 -13.312 0.177552
1.67421e+09 -1.90808 -8.59386 0.139433
1.67421e+09 -12.9026 8.99785 0.173833
