1.67421e+09 4.51124 -5.94797 0.323981
1.67421e+09 6.13444 5.2924 0.198774
1.67421e+09 9.95154 -8.74738 0.302069
1.67421e+09 -6.52271 -5.42349 0.226048
1.67421e+09 0.899832 -9.87014 0.261291
1.67421e+09 10.2253 6.36367 0.202982
1.67421e+09 1.07112 5.31022 0.189367
1.67421e+09 -5.36344 8.52054 0.168854
1.67421e+09 -3.13499 5.94819 0.140964
1.67421e+09 3.55228 12.5256 0.240445
1.67421e+09 -12.1664 -11.4214 0.248109
1.67421e+09 4.85073 -22.7969 0.288741
1.67421e+09 5.52657 -9.00913 0.144838
1.67421e+09 21.797 3.32503 0.280937
1.67421e+09 6.23595 7.13041 0.103854
1.67421e+09 11.5536 16.8722 0.243091
1.67421e+09 -3.27411 -13.7094 0.170721
1.67421e+09 0.05351 16.0402 0.266799
1.67421e+09 28.7542 3.64059 0.264902
1.67421e+09 3.80359 -21.3055 0.173687
1.67421e+09 -9.72921 4.62515 0.136365
1.67421e+09 -11.3405 15.0922 0.23806
1.67421e+09 -9.71943 23.0798 0.293551
