1.67421e+09 1.13756 -5.97353 0.245857
1.67421e+09 12.1571 -6.6987 0.342451
1.67421e+09 2.46745 8.01888 0.179855
1.67421e+09 8.39878 -10.5083 0.247831
1.67421e+09 8.80107 4.51884 0.12024
1.67421e+09 13.9871 4.49095 0.218049
1.67421e+09 -4.66227 -11.6808 0.262502
1.67421e+09 4.65716 5.31831 0.095061
1.67421e+09 8.07291 15.4304 0.26763
1.67421e+09 -8.07574 6.65725 0.191267
1.67421e+09 -6.93542 10.9399 0.200359
1.67421e+09 -2.8666 -17.6838 0.316394
1.67421e+09 -13.8525 -5.7991 0.359198
1.67421e+09 -3.36564 14.7268 0.250625
1.67421e+09 4.08028 -14.2605 0.172447
1.67421e+09 22.0603 10.4681 0.272645
1.67421e+09 11.6014 11.8805 0.221252
1.67421e+09 19.5533 15.9302 0.248764
