1674207936.16734028 -0.00246779501 0.000972316053 6.91923342e-314 0.999999952 0 0 0.000311146919 0 0 0 0.000622293849 -0 0
1674207936.26819897 -0.00857342122 -0.00717347218 1.38384668e-313 0.999999914 0 0 0.000413781293 0 0 0 0.00082756261 -0 0
1674207936.46993303 -0.00808547143 -0.00219018683 2.12189825e-313 0.999999961 0 0 0.00027987178 0 0 0 0.000559743568 -0 0
1674207936.57077694 -0.00914903341 -0.0104466401 2.81382159e-313 0.999999861 0 0 0.000527209613 0 0 0 0.00105441927 -0 0
1674207936.67163754 -0.0134471552 -0.00393589996 3.60459112e-313 0.999999976 0 0 0.000216955998 0 0 0 0.000433911999 -0 0
1674207936.77255106 -0.0106097729 -0.0180462528 4.39536066e-313 0.99999988 0 0 0.00049060691 0 0 0 0.000981213859 -0 0
1674207936.87338543 -0.00593325003 -0.0034596867 5.13341222e-313 0.999999768 0 0 0.000680448982 0 0 0 0.00136089807 -0 0
1674207937.27682304 0.0307846461 -0.0145386598 5.87146378e-313 0.999999967 0 0 0.000256684375 0 0 0 0.000513368755 -0 0
1674207937.78113794 0.233294633 -0.0245404219 6.60951535e-313 0.999999797 0 0 -0.000636857125 0 0 0 3.14031894 -3.14159265 3.14159265
1674207938.28543925 0.56462436 -0.0368787548 7.34756691e-313 0.999999108 0 0 -0.00133536994 0 0 0 3.13892191 -3.14159265 3.14159265
1674207938.68884635 0.879260602 -0.0677104993 8.08561848e-313 0.99999512 0 0 -0.0031242203 0 0 0 3.1353442 -3.14159265 3.14159265
1674207938.89058876 1.09182789 -0.0910008535 8.93721644e-313 0.999991937 0 0 -0.00401558737 0 0 0 3.13356146 -3.14159265 3.14159265
1674207939.09227872 1.32201617 -0.108851477 9.72798597e-313 0.999991267 0 0 -0.00417932566 0 0 0 3.13323398 -3.14159265 3.14159265
1674207939.2940588 1.57359922 -0.119580678 1.04199093e-312 0.999989105 0 0 -0.00466806346 0 0 0 3.13225649 -3.14159265 3.14159265
1674207939.59658194 1.9109064 -0.0569906926 1.11118327e-312 0.999973065 0 0 -0.00733962219 0 0 0 3.12691328 -3.14159265 3.14159265
1674207939.69744587 2.04574192 -0.0738989327 1.17630546e-312 0.999967589 0 0 -0.00805119849 0 0 0 3.12549008 -3.14159265 3.14159265
1674207940.00004148 2.51294881 -0.085976139 1.25011062e-312 0.99995978 0 0 -0.00896869031 0 0 0 3.12365503 -3.14159265 3.14159265
1674207940.20173955 2.82921125 -0.0963389229 1.31930295e-312 0.999963295 0 0 -0.00856788634 0 0 0 3.12445667 -3.14159265 3.14159265
1674207940.40346527 3.16056984 -0.115139002 1.39310811e-312 0.999954815 0 0 -0.00950615697 0 0 0 3.12258005 -3.14159265 3.14159265
1674207940.70605707 3.70621247 -0.174039419 1.45823031e-312 0.999954196 0 0 -0.00957111749 0 0 0 3.12245013 -3.14159265 3.14159265
1674207940.80689454 3.92262183 -0.179887738 1.51358417e-312 0.999953677 0 0 -0.00962519796 0 0 0 3.12234196 -3.14159265 3.14159265
1674207941.10951853 4.39328155 -0.255523018 1.56893804e-312 0.999952175 0 0 -0.00977999857 0 0 0 3.12203234 -3.14159265 3.14159265
1674207941.31119704 4.81251847 -0.281871237 1.62720527e-312 0.999950285 0 0 -0.00997134076 0 0 0 3.12164964 -3.14159265 3.14159265
1674207941.51293421 5.20956275 -0.318109356 1.67333349e-312 0.999943292 0 0 -0.0106495154 0 0 0 3.12029322 -3.14159265 3.14159265
1674207941.61376572 5.43347005 -0.330452897 1.71946172e-312 0.999944795 0 0 -0.0105074818 0 0 0 3.1205773 -3.14159265 3.14159265
1674207941.81551838 5.8875071 -0.348786289 1.76978341e-312 0.999940347 0 0 -0.0109225714 0 0 0 3.11974708 -3.14159265 3.14159265
1674207942.01720667 6.34993974 -0.366784468 1.82805064e-312 0.999946223 0 0 -0.0103706439 0 0 0 3.12085099 -3.14159265 3.14159265
1674207942.21894932 6.80562839 -0.408780283 1.88955494e-312 0.999942563 0 0 -0.010717737 0 0 0 3.12015677 -3.14159265 3.14159265
1674207942.42067814 7.30592311 -0.449235964 1.94227291e-312 0.999931653 0 0 -0.0116914341 0 0 0 3.11820925 -3.14159265 3.14159265
1674207942.72327328 8.04970319 -0.513970633 1.99762677e-312 0.999921152 0 0 -0.0125574436 0 0 0 3.11647711 -3.14159265 3.14159265
1674207942.92500305 8.55571454 -0.536435448 2.04576057e-312 0.999923172 0 0 -0.0123955803 0 0 0 3.11680086 -3.14159265 3.14159265
1674207943.02579975 8.79636254 -0.542589652 2.09608227e-312 0.999921757 0 0 -0.0125092117 0 0 0 3.11657358 -3.14159265 3.14159265
1674207943.12666941 9.04962812 -0.55500719 2.14421607e-312 0.999927894 0 0 -0.0120085784 0 0 0 3.11757492 -3.14159265 3.14159265
1674207943.32840776 9.56146882 -0.592791699 2.19234987e-312 0.999924059 0 0 -0.0123237867 0 0 0 3.11694446 -3.14159265 3.14159265
1674207943.42928696 9.82634507 -0.623737347 2.25061709e-312 0.99991789 0 0 -0.012814601 0 0 0 3.11596275 -3.14159265 3.14159265
1674207943.63098812 10.2514766 -0.724329628 2.30597096e-312 0.999933008 0 0 -0.0115749479 0 0 0 3.11844224 -3.14159265 3.14159265
1674207943.73187399 10.5101241 -0.749252991 2.35629266e-312 0.999931348 0 0 -0.0117175199 0 0 0 3.11815708 -3.14159265 3.14159265
1674207943.83267498 10.7599751 -0.754111617 2.40661436e-312 0.999930619 0 0 -0.011779498 0 0 0 3.11803311 -3.14159265 3.14159265
1674207943.93355227 11.0366808 -0.76332693 2.45933233e-312 0.999935245 0 0 -0.0113800636 0 0 0 3.11883204 -3.14159265 3.14159265
1674207944.03445649 11.3182186 -0.767891732 2.50361542e-312 0.999941818 0 0 -0.0107870727 0 0 0 3.12001809 -3.14159265 3.14159265
1674207944.1353097 11.5916663 -0.76703588 2.55174922e-312 0.999945297 0 0 -0.0104595873 0 0 0 3.1206731 -3.14159265 3.14159265
1674207944.23614717 11.8386224 -0.784407121 2.59787744e-312 0.999950332 0 0 -0.00996658743 0 0 0 3.12165915 -3.14159265 3.14159265
1674207944.43787694 12.371489 -0.822348315 2.64819914e-312 0.999951787 0 0 -0.00981957793 0 0 0 3.12195318 -3.14159265 3.14159265
1674207944.6395731 12.9110448 -0.855697533 2.69852084e-312 0.999956211 0 0 -0.00935818337 0 0 0 3.12287601 -3.14159265 3.14159265
1674207944.74046421 13.1833901 -0.870496609 2.7512388e-312 0.99996199 0 0 -0.00871883145 0 0 0 3.12415477 -3.14159265 3.14159265
1674207944.94220519 13.710024 -0.872067415 2.80395677e-312 0.999968831 0 0 -0.00789532763 0 0 0 3.12580183 -3.14159265 3.14159265
1674207945.14386034 14.2894767 -0.897940057 2.85931064e-312 0.999970326 0 0 -0.00770366902 0 0 0 3.12618516 -3.14159265 3.14159265
1674207945.24477243 14.5800515 -0.894992131 2.91466451e-312 0.999969067 0 0 -0.0078654825 0 0 0 3.12586153 -3.14159265 3.14159265
1674207945.44644833 15.1589335 -0.928399539 2.9761688e-312 0.999981323 0 0 -0.00611176752 0 0 0 3.12936904 -3.14159265 3.14159265
1674207945.64816666 15.7330362 -0.967114802 3.041291e-312 0.999982538 0 0 -0.00590970857 0 0 0 3.12977317 -3.14159265 3.14159265
1674207945.84992099 16.3321511 -1.0290741 3.11509616e-312 0.999971508 0 0 -0.00754868954 0 0 0 3.12649513 -3.14159265 3.14159265
1674207946.05163622 16.899307 -1.06083081 3.2073526e-312 0.999961731 0 0 -0.00874853396 0 0 0 3.12409536 -3.14159265 3.14159265
1674207946.15256691 17.1706356 -1.06478406 3.28642956e-312 0.99995717 0 0 -0.00925522029 0 0 0 3.12308195 -3.14159265 3.14159265
1674207946.25334072 17.4541619 -1.08362367 3.36023471e-312 0.999953571 0 0 -0.00963620746 0 0 0 3.12231994 -3.14159265 3.14159265
1674207946.35422206 17.760969 -1.0915677 3.45249116e-312 0.999960098 0 0 -0.00893325582 0 0 0 3.1237259 -3.14159265 3.14159265
1674207946.4550426 18.0454521 -1.09755515 3.52629632e-312 0.99996597 0 0 -0.00824976081 0 0 0 3.12509294 -3.14159265 3.14159265
1674207946.55600023 18.3569571 -1.10556277 3.60010147e-312 0.999973114 0 0 -0.00733291921 0 0 0 3.12692668 -3.14159265 3.14159265
1674207946.65679479 18.6570226 -1.12141994 3.67917842e-312 0.999978843 0 0 -0.00650495855 0 0 0 3.12858264 -3.14159265 3.14159265
1674207946.75766373 18.9525619 -1.13273476 3.75298358e-312 0.999983123 0 0 -0.005809793 0 0 0 3.129973 -3.14159265 3.14159265
1674207946.95936966 19.5519392 -1.16681321 3.82678874e-312 0.999987871 0 0 -0.00492517622 0 0 0 3.13174226 -3.14159265 3.14159265
1674207947.16105008 20.13805 -1.19217425 3.90586569e-312 0.999990301 0 0 -0.00440441833 0 0 0 3.13278379 -3.14159265 3.14159265
1674207947.26197243 20.4492325 -1.21000547 3.97098789e-312 0.999996041 0 0 -0.00281385347 0 0 0 3.13596494 -3.14159265 3.14159265
1674207947.36280489 20.7641894 -1.21242116 4.04018022e-312 0.999999462 0 0 -0.0010372991 0 0 0 3.13951806 -3.14159265 3.14159265
1674207947.56450486 21.3417341 -1.19828314 4.10937256e-312 0.999999989 0 0 0.000151656028 0 0 0 0.000303312057 -0 0
1674207947.76625919 21.965526 -1.21441789 4.16763979e-312 0.999994963 0 0 0.00317399324 0 0 0 0.00634799713 -0 0
1674207947.86711192 22.2918942 -1.21717305 4.22914408e-312 0.99999123 0 0 0.00418816643 0 0 0 0.00837635734 -0 0
1674207948.06881714 22.9339229 -1.2476343 4.28449795e-312 0.999989933 0 0 0.00448713749 0 0 0 0.0089743051 -0 0
1674207948.27053022 23.5269279 -1.26463227 4.34962015e-312 0.999988255 0 0 0.00484662132 0 0 0 0.00969328058 -0 0
1674207948.37142134 23.8339467 -1.28934619 4.4286971e-312 0.999985186 0 0 0.00544305854 0 0 0 0.0108861708 -0 0
1674207948.4722271 24.1603923 -1.3026299 4.50250226e-312 0.999981314 0 0 0.0061132863 0 0 0 0.0122266488 -0 0
1674207948.57315063 24.4757142 -1.31427537 4.57630741e-312 0.999974649 0 0 0.00712053712 0 0 0 0.0142411946 -0 0
1674207948.67399263 24.8026476 -1.33589952 4.65538437e-312 0.999972362 0 0 0.00743476641 0 0 0 0.0148696698 -0 0
1674207948.77482557 25.1081261 -1.38147253 4.73446132e-312 0.999971971 0 0 0.00748718592 0 0 0 0.0149745117 -0 0
1674207948.8756671 25.4378215 -1.40579751 4.82671776e-312 0.999968101 0 0 0.00798725786 0 0 0 0.0159746856 -0 0
1674207948.97656536 25.7838977 -1.41291751 4.90052292e-312 0.999972686 0 0 0.00739101398 0 0 0 0.0147821625 -0 0
1674207949.07746434 26.1224641 -1.4265155 4.98568272e-312 0.999973141 0 0 0.00732926471 0 0 0 0.0146586607 -0 0
1674207949.17827249 26.4977549 -1.43101944 5.06475967e-312 0.999967651 0 0 0.00804347326 0 0 0 0.01608712 -0 0
1674207949.27915144 26.8180622 -1.42943527 5.15701612e-312 0.999971447 0 0 0.00755684598 0 0 0 0.0151138358 -0 0
1674207949.37996483 27.1564486 -1.42514591 5.23609307e-312 0.999972933 0 0 0.00735750153 0 0 0 0.0147151358 -0 0
1674207949.58171701 27.8197038 -1.4465017 5.30989823e-312 0.999968315 0 0 0.0079605245 0 0 0 0.0159212171 -0 0
1674207949.68257046 28.1625228 -1.47336065 5.40215467e-312 0.999966456 0 0 0.00819070652 0 0 0 0.0163815962 -0 0
1674207949.88431835 28.8385269 -1.5206941 5.48731447e-312 0.999965523 0 0 0.00830380121 0 0 0 0.0166077933 -0 0
1674207949.98520947 29.1684854 -1.5506973 5.57247426e-312 0.999965756 0 0 0.00827569919 0 0 0 0.0165515873 -0 0
1674207950.18686318 29.8242377 -1.56916048 5.65155122e-312 0.999966715 0 0 0.00815891749 0 0 0 0.016318016 -0 0
1674207950.2877357 30.1864783 -1.58673283 5.72535637e-312 0.999964962 0 0 0.00837102435 0 0 0 0.0167422442 -0 0
1674207950.48941827 30.8636566 -1.61218775 5.80443333e-312 0.999956593 0 0 0.00931730859 0 0 0 0.0186348868 -0 0
1674207950.6911633 31.5527411 -1.62922303 5.87823848e-312 0.99994398 0 0 0.0105847555 0 0 0 0.0211699062 -0 0
1674207950.79203582 31.907553 -1.65576575 5.95204364e-312 0.999942551 0 0 0.0107188667 0 0 0 0.0214381438 -0 0
1674207950.99379086 32.5989299 -1.70133022 6.04430008e-312 0.999931394 0 0 0.0117135307 0 0 0 0.0234275971 -0 0
1674207951.19553375 33.2770594 -1.76215316 6.12337704e-312 0.99992411 0 0 0.0123196804 0 0 0 0.024639984 -0 0
1674207951.39722276 33.9563254 -1.80383738 6.19718219e-312 0.999918698 0 0 0.012751394 0 0 0 0.0255034791 -0 0
1674207951.59952879 34.6296469 -1.8406672 6.28234199e-312 0.999915589 0 0 0.0129928992 0 0 0 0.0259865295 -0 0
1674207951.69976139 34.9571748 -1.84455329 6.36141894e-312 0.999918099 0 0 0.0127982646 0 0 0 0.0255972279 -0 0
1674207951.80065227 35.2916329 -1.86469861 6.42654114e-312 0.999910575 0 0 0.0133731577 0 0 0 0.0267471127 -0 0
1674207952.00238085 35.9435935 -1.92655657 6.51170094e-312 0.999898024 0 0 0.0142807919 0 0 0 0.0285625547 -0 0
1674207952.20410275 36.5976939 -1.97735147 6.59686073e-312 0.999897882 0 0 0.0142907737 0 0 0 0.0285825203 -0 0
1674207952.30492353 36.934728 -2.00253357 6.66605307e-312 0.999897571 0 0 0.0143124834 0 0 0 0.0286259442 -0 0
1674207952.40582633 37.2644283 -2.016646 6.72755736e-312 0.999894052 0 0 0.0145562757 0 0 0 0.0291135795 -0 0
1674207952.50663233 37.6021919 -2.02620721 6.78906166e-312 0.999884716 0 0 0.0151840146 0 0 0 0.0303691962 -0 0
1674207952.60751104 37.9473776 -2.04914632 6.85825399e-312 0.999874203 0 0 0.0158611902 0 0 0 0.0317237106 -0 0
1674207952.80926609 38.6291768 -2.06486666 6.92744633e-312 0.999851857 0 0 0.0172123417 0 0 0 0.0344263834 -0 0
1674207952.91010332 38.9524187 -2.09694948 6.99256853e-312 0.999843063 0 0 0.0177157994 0 0 0 0.0354334525 -0 0
1674207953.0109725 39.3086099 -2.10165908 7.06176086e-312 0.999839609 0 0 0.0179096518 0 0 0 0.0358212188 -0 0
1674207953.21269727 39.9744367 -2.14179728 7.13556602e-312 0.999840254 0 0 0.0178736215 0 0 0 0.0357491466 -0 0
1674207953.41441202 40.6598175 -2.18545709 7.20068821e-312 0.999822367 0 0 0.0188476803 0 0 0 0.0376975928 -0 0
1674207953.51525354 41.0020846 -2.21143192 7.26988055e-312 0.999807824 0 0 0.0196039513 0 0 0 0.0392104144 -0 0
1674207953.61612511 41.3382004 -2.24010275 7.33907288e-312 0.999797312 0 0 0.0201329482 0 0 0 0.0402686171 -0 0
1674207953.71696377 41.6605055 -2.26685802 7.41814983e-312 0.999795003 0 0 0.0202472776 0 0 0 0.0404973226 -0 0
1674207953.81783915 41.993768 -2.3065351 7.49195499e-312 0.99978196 0 0 0.0208813751 0 0 0 0.0417657858 -0 0
1674207953.91868305 42.3338553 -2.33237939 7.56114733e-312 0.999771196 0 0 0.0213905292 0 0 0 0.0427843215 -0 0
1674207954.22127295 43.251035 -2.39174034 7.64022428e-312 0.999767186 0 0 0.0215771708 0 0 0 0.0431576909 -0 0
1674207954.32212472 43.5988818 -2.40283497 7.70941661e-312 0.999746583 0 0 0.0225115395 0 0 0 0.0450268825 -0 0
1674207954.42296886 43.9581453 -2.44220672 7.77453881e-312 0.999734583 0 0 0.0230382876 0 0 0 0.0460806522 -0 0
1674207954.62469339 44.6650882 -2.4828214 7.85361576e-312 0.999701523 0 0 0.024430822 0 0 0 0.0488665059 -0 0
1674207954.72554564 45.0374614 -2.48822599 7.93269272e-312 0.999682108 0 0 0.0252127662 0 0 0 0.0504308764 -0 0
1674207954.82640409 45.3557486 -2.53463852 7.99781491e-312 0.999603774 0 0 0.0281477206 0 0 0 0.0563028776 -0 0
1674207955.02815461 46.1010875 -2.54768001 8.06700725e-312 0.999519739 0 0 0.0309885797 0 0 0 0.0619870831 -0 0
1674207955.22985721 46.8286286 -2.57415745 8.13619958e-312 0.999403067 0 0 0.0345472108 0 0 0 0.069108173 -0 0
1674207955.33068657 47.1925635 -2.59772343 8.20132178e-312 0.999365493 0 0 0.0356175804 0 0 0 0.0712502311 -0 0
1674207955.4315443 47.5709868 -2.62006734 8.26644398e-312 0.999338839 0 0 0.0363577258 0 0 0 0.0727314815 -0 0
1674207955.6333375 48.3057462 -2.6345038 8.34552093e-312 0.999261199 0 0 0.0384324934 0 0 0 0.0768839218 -0 0
1674207955.7342577 48.6936253 -2.65492968 8.41064313e-312 0.999204274 0 0 0.0398850757 0 0 0 0.0797913166 -0 0
1674207955.83501577 49.0831266 -2.67851052 8.48972008e-312 0.999143495 0 0 0.0413796674 0 0 0 0.0827829707 -0 0
1674207955.93589401 49.4444912 -2.69545752 8.56879703e-312 0.999052508 0 0 0.0435211124 0 0 0 0.0870697259 -0 0
1674207956.03670454 49.8190299 -2.70938366 8.64787399e-312 0.998943604 0 0 0.0459529759 0 0 0 0.0919383285 -0 0
1674207956.13759232 50.2000117 -2.72225107 8.73303378e-312 0.998863485 0 0 0.0476627573 0 0 0 0.0953616441 -0 0
1674207956.33928704 50.942746 -2.76106116 8.81819358e-312 0.998827218 0 0 0.0484168163 0 0 0 0.0968715053 -0 0
1674207956.44020772 51.2944536 -2.78299182 8.90335337e-312 0.998785585 0 0 0.0492681939 0 0 0 0.0985762953 -0 0
1674207956.54100466 51.6803428 -2.74344428 8.99560982e-312 0.998753424 0 0 0.0499159126 0 0 0 0.0998733285 -0 0
1674207956.74275351 52.4011805 -2.74471137 9.08076961e-312 0.998688446 0 0 0.051199498 0 0 0 0.102443787 -0 0
1674207956.84362316 52.7833266 -2.76889454 9.16592941e-312 0.998586316 0 0 0.0531542069 0 0 0 0.106358538 -0 0
1674207956.94447899 53.1466993 -2.82363974 9.25818586e-312 0.998552994 0 0 0.0537765661 0 0 0 0.107605039 -0 0
1674207957.14620495 53.8725995 -2.8811283 9.36889359e-312 0.998532476 0 0 0.0541562097 0 0 0 0.108365434 -0 0
1674207957.24706125 54.2974489 -2.93031403 9.46115004e-312 0.998544778 0 0 0.0539289092 0 0 0 0.107910168 -0 0
1674207957.3479321 54.6953211 -2.96715236 9.54630983e-312 0.998586545 0 0 0.0531499025 0 0 0 0.106349917 -0 0
1674207957.44879842 55.0944823 -2.9639389 9.63856628e-312 0.998594079 0 0 0.0530081572 0 0 0 0.106066026 -0 0
1674207957.5496459 55.4515953 -2.96889336 9.73082272e-312 0.998583624 0 0 0.053204753 0 0 0 0.106459773 -0 0
1674207957.65046024 55.8380171 -2.95760568 9.80462788e-312 0.998463322 0 0 0.0554165588 0 0 0 0.110889924 -0 0
1674207957.7513206 56.2445683 -2.9475034 9.88370483e-312 0.998372933 0 0 0.0570218132 0 0 0 0.114105519 -0 0
1674207957.85219646 56.6211855 -2.96699861 9.96886463e-312 0.998305679 0 0 0.0581873742 0 0 0 0.116440518 -0 0
1674207957.95306706 56.9977995 -3.01585491 1.00611211e-311 0.998270485 0 0 0.0587880865 0 0 0 0.117644003 -0 0
1674207958.05398798 57.394292 -3.03464195 1.01617645e-311 0.998191552 0 0 0.0601134345 0 0 0 0.120299396 -0 0
1674207958.1547966 57.781151 -3.06542496 1.02624079e-311 0.998142874 0 0 0.0609163644 0 0 0 0.121908204 -0 0
1674207958.25568199 58.1755227 -3.09147081 1.03630513e-311 0.998120444 0 0 0.0612827737 0 0 0 0.122642395 -0 0
1674207958.35653877 58.5556075 -3.09792979 1.04482111e-311 0.998113021 0 0 0.0614035618 0 0 0 0.122884427 -0 0
1674207958.45736384 59.0176814 -3.10556676 1.05404675e-311 0.998000477 0 0 0.0632063967 0 0 0 0.126497116 -0 0
1674207958.55826545 59.4105055 -3.10046286 1.06634761e-311 0.997876987 0 0 0.0651269409 0 0 0 0.130346137 -0 0
1674207958.65908289 59.7970067 -3.11182172 1.07557325e-311 0.997743784 0 0 0.0671367407 0 0 0 0.134374556 -0 0
1674207958.76000714 60.1735976 -3.11490467 1.08348095e-311 0.997708732 0 0 0.067655646 0 0 0 0.135414732 -0 0
1674207958.86079144 60.5762183 -3.12410369 1.09270659e-311 0.997664317 0 0 0.0683074654 0 0 0 0.136721393 -0 0
1674207958.96176195 60.9818223 -3.13985915 1.10277093e-311 0.997694024 0 0 0.0678721976 0 0 0 0.135848833 -0 0
1674207959.06249428 61.4388214 -3.14710584 1.11199658e-311 0.99772617 0 0 0.0673979915 0 0 0 0.134898244 -0 0
1674207959.16343784 61.8103606 -3.16419341 1.12429744e-311 0.997700009 0 0 0.0677841559 0 0 0 0.135672343 -0 0
1674207959.36510038 62.5883412 -3.20690685 1.13436178e-311 0.997632142 0 0 0.068775785 0 0 0 0.13766024 -0 0
1674207959.46601748 63.0013932 -3.20234375 1.14666264e-311 0.997605371 0 0 0.0691630242 0 0 0 0.138436567 -0 0
1674207959.56679487 63.3962179 -3.22135541 1.15773341e-311 0.997619446 0 0 0.0689597007 0 0 0 0.138028947 -0 0
1674207959.76853418 64.2030411 -3.25882726 1.16779775e-311 0.997646961 0 0 0.0685604906 0 0 0 0.137228633 -0 0
1674207959.86941028 64.5945334 -3.28009235 1.18009861e-311 0.997613069 0 0 0.0690519004 0 0 0 0.138213787 -0 0
1674207959.97028923 65.0165775 -3.29225624 1.19016295e-311 0.99763758 0 0 0.0686968601 0 0 0 0.137502016 -0 0
1674207960.17195559 65.7820746 -3.35716482 1.19867893e-311 0.997622544 0 0 0.0689148661 0 0 0 0.137939064 -0 0
1674207960.27287841 66.2269698 -3.37352253 1.2097497e-311 0.997631284 0 0 0.0687882306 0 0 0 0.137685191 -0 0
1674207960.3736937 66.6751622 -3.39437315 1.22082047e-311 0.997673478 0 0 0.0681735391 0 0 0 0.136452915 -0 0
1674207960.57540965 67.5232226 -3.47498147 1.23004612e-311 0.997673735 0 0 0.0681697747 0 0 0 0.136445368 -0 0
1674207960.67634463 67.9245921 -3.48368314 1.24011046e-311 0.997632152 0 0 0.0687756451 0 0 0 0.13765996 -0 0
1674207960.77711153 68.327437 -3.48782968 1.2493361e-311 0.997546698 0 0 0.0700041765 0 0 0 0.14012296 -0 0
1674207960.87798309 68.7463205 -3.51722928 1.2572438e-311 0.997460336 0 0 0.0712241348 0 0 0 0.142568982 -0 0
1674207960.97890091 69.1494467 -3.54017518 1.26575978e-311 0.997448324 0 0 0.071392161 0 0 0 0.142905893 -0 0
1674207961.07971668 69.5908444 -3.57641453 1.27498542e-311 0.997443696 0 0 0.0714567977 0 0 0 0.143035497 -0 0
1674207961.180619 70.0330581 -3.59165897 1.28421107e-311 0.997449751 0 0 0.0713722274 0 0 0 0.142865923 -0 0
1674207961.28143883 70.4668166 -3.60605871 1.29528184e-311 0.997447594 0 0 0.0714023625 0 0 0 0.142926348 -0 0
1674207961.38227415 70.9056798 -3.60185651 1.30534618e-311 0.997519186 0 0 0.070395127 0 0 0 0.140906794 -0 0
1674207961.48315668 71.3334994 -3.60532501 1.31457183e-311 0.997482392 0 0 0.0709145747 0 0 0 0.141948293 -0 0
1674207961.58402729 71.7776038 -3.62529243 1.32379747e-311 0.997477751 0 0 0.0709798295 0 0 0 0.142079132 -0 0
1674207961.68489599 72.2384655 -3.63672525 1.33302311e-311 0.997484905 0 0 0.0708792215 0 0 0 0.141877408 -0 0
1674207961.78577876 72.7131794 -3.70207841 1.34224876e-311 0.997524051 0 0 0.0703261566 0 0 0 0.140768511 -0 0
1674207961.88667822 73.1813187 -3.72290548 1.35076474e-311 0.997611481 0 0 0.0690748427 0 0 0 0.138259782 -0 0
1674207961.98747015 73.6430808 -3.75366434 1.35867243e-311 0.997660033 0 0 0.0683700128 0 0 0 0.136846781 -0 0
1674207962.18918443 74.4448049 -3.80774749 1.36658013e-311 0.997977899 0 0 0.0635618843 0 0 0 0.127209524 -0 0
1674207962.29000998 74.9292605 -3.840926 1.37448782e-311 0.997914284 0 0 0.0645529438 0 0 0 0.129195722 -0 0
1674207962.39089727 75.1741926 -3.82262023 1.38371347e-311 0.998291191 0 0 0.0584354198 0 0 0 0.116937455 -0 0
1674207962.59260798 76.1130741 -3.88722293 1.39293911e-311 0.998170508 0 0 0.0604618708 0 0 0 0.120997539 -0 0
1674207962.69353628 76.5930222 -3.90494986 1.40300345e-311 0.998147728 0 0 0.0608367782 0 0 0 0.121748736 -0 0
1674207962.99609804 77.7779793 -3.95721478 1.41530431e-311 0.998447671 0 0 0.0556978212 0 0 0 0.111453319 -0 0
1674207963.09693718 78.2683122 -4.01065107 1.42760517e-311 0.9984381 0 0 0.0558691341 0 0 0 0.111796479 -0 0
1674207963.19789791 78.7377912 -4.02236795 1.43766951e-311 0.998430854 0 0 0.0559984844 0 0 0 0.112055585 -0 0
1674207963.3995018 79.4574389 -3.9129556 1.44874028e-311 0.998745897 0 0 0.0500662879 0 0 0 0.100174456 -0 0
1674207963.50038528 79.9034187 -3.94546665 1.45796593e-311 0.998745584 0 0 0.0500725259 0 0 0 0.100186947 -0 0
1674207963.60122299 80.3569072 -3.98535319 1.46534644e-311 0.998748963 0 0 0.0500050808 0 0 0 0.100051888 -0 0
1674207963.70205975 80.8107965 -4.05295134 1.47185866e-311 0.998744527 0 0 0.0500936087 0 0 0 0.100229166 -0 0
1674207963.80294418 81.1365929 -3.9742362 1.4787779e-311 0.998948313 0 0 0.0458504993 0 0 0 0.0917331591 -0 0
1674207964.00467348 82.0332802 -4.01412566 1.48615841e-311 0.998948507 0 0 0.0458462612 0 0 0 0.091724674 -0 0
1674207964.10551381 82.4888014 -4.05530232 1.49307765e-311 0.998907624 0 0 0.046728566 0 0 0 0.093491177 -0 0
1674207964.20637131 82.8899162 -4.07850913 1.49999688e-311 0.998946118 0 0 0.045898294 0 0 0 0.0918288491 -0 0
1674207964.30724525 83.3480468 -4.09215585 1.50790458e-311 0.998939082 0 0 0.0460511751 0 0 0 0.0921349351 -0 0
1674207964.40810108 83.8091872 -4.12158393 1.5144168e-311 0.998897782 0 0 0.0469384759 0 0 0 0.093911458 -0 0
1674207964.50896835 84.1508023 -4.12601828 1.52092902e-311 0.99897107 0 0 0.0453519701 0 0 0 0.0907350624 -0 0
1674207964.60980034 84.5948496 -4.15884995 1.52830953e-311 0.998944982 0 0 0.0459230113 0 0 0 0.091878336 -0 0
1674207964.71069431 85.0478413 -4.19496491 1.53753518e-311 0.998918975 0 0 0.0464852825 0 0 0 0.0930040806 -0 0
1674207964.81160927 85.5096585 -4.22999889 1.54491569e-311 0.998927389 0 0 0.0463041212 0 0 0 0.0926413674 -0 0
1674207965.11411953 86.7637612 -4.2083628 1.55183492e-311 0.999191601 0 0 0.0402012999 0 0 0 0.0804242726 -0 0
1674207965.21494198 87.2247615 -4.23917219 1.55834714e-311 0.999203064 0 0 0.0399153661 0 0 0 0.0798519456 -0 0
1674207965.31582689 87.5996282 -4.25402357 1.56449757e-311 0.999277418 0 0 0.038008447 0 0 0 0.0760352088 -0 0
1674207965.51756716 88.5147004 -4.31244427 1.57187809e-311 0.999283476 0 0 0.0378488462 0 0 0 0.0757157774 -0 0
1674207965.71926785 89.4284301 -4.38898578 1.57925861e-311 0.9993244 0 0 0.0367524723 0 0 0 0.0735215024 -0 0
1674207965.82015681 89.9112453 -4.42427252 1.58777458e-311 0.999374036 0 0 0.0353770459 0 0 0 0.0707688587 -0 0
1674207965.92097497 90.3786493 -4.46784114 1.59700023e-311 0.999401553 0 0 0.0345909773 0 0 0 0.0691957586 -0 0
1674207966.02185583 90.829703 -4.48601272 1.60622587e-311 0.999426515 0 0 0.0338620805 0 0 0 0.0677371102 -0 0
1674207966.12269521 91.2776431 -4.50029537 1.61474185e-311 0.999402542 0 0 0.0345623882 0 0 0 0.0691385461 -0 0
1674207966.22358537 91.7330564 -4.531447 1.6239675e-311 0.99936784 0 0 0.0355516553 0 0 0 0.0711182973 -0 0
1674207966.42528152 92.6427515 -4.61409655 1.63503827e-311 0.999307678 0 0 0.037204353 0 0 0 0.0744258823 -0 0
1674207966.52615833 93.0906337 -4.66146195 1.64355425e-311 0.999333089 0 0 0.0365154485 0 0 0 0.0730471363 -0 0
1674207966.6269989 93.5772998 -4.70876365 1.6527799e-311 0.999328622 0 0 0.0366374788 0 0 0 0.0732913605 -0 0
1674207966.72783279 94.0434135 -4.72829128 1.66200554e-311 0.999331349 0 0 0.036563025 0 0 0 0.0731423529 -0 0
1674207966.82872438 94.4988258 -4.75160455 1.67206988e-311 0.999305827 0 0 0.0372540577 0 0 0 0.0745253607 -0 0
1674207967.03047538 95.428407 -4.80342171 1.68129552e-311 0.999205246 0 0 0.0398607018 0 0 0 0.07974253 -0 0
1674207967.1312995 95.8827101 -4.82188554 1.6898115e-311 0.999147278 0 0 0.0412882156 0 0 0 0.0825999109 -0 0
1674207967.23213339 96.3458114 -4.87124482 1.69987584e-311 0.99914925 0 0 0.0412404711 0 0 0 0.0825043404 -0 0
1674207967.33305359 96.8038779 -4.93234566 1.70910149e-311 0.999153149 0 0 0.0411458893 0 0 0 0.0823150161 -0 0
1674207967.4338603 97.2565784 -4.99506359 1.71916583e-311 0.999168287 0 0 0.0407766369 0 0 0 0.081575891 -0 0
1674207967.6356101 98.1923281 -5.07218673 1.72839147e-311 0.99910458 0 0 0.0423088518 0 0 0 0.0846429688 -0 0
1674207967.73645902 98.6397298 -5.07585828 1.73629917e-311 0.998995548 0 0 0.0448095375 0 0 0 0.0896490931 -0 0
1674207967.83730268 99.1030662 -5.09563485 1.74481515e-311 0.99895785 0 0 0.0456422334 0 0 0 0.0913161906 -0 0
1674207967.93817854 99.5691412 -5.11440001 1.75487949e-311 0.998904515 0 0 0.0467949678 0 0 0 0.093624126 -0 0
1674207968.03900957 100.025447 -5.1252532 1.76410513e-311 0.998930475 0 0 0.0462374969 0 0 0 0.092507976 -0 0
1674207968.1398797 100.484132 -5.14869088 1.77262111e-311 0.998933936 0 0 0.0461626675 0 0 0 0.0923581572 -0 0
1674207968.24086523 100.956411 -5.12248331 1.78184676e-311 0.99891287 0 0 0.0466162956 0 0 0 0.0932663913 -0 0
1674207968.44247699 101.85877 -5.16073219 1.79036273e-311 0.998840414 0 0 0.0481438143 0 0 0 0.0963248638 -0 0
1674207968.64430904 102.767536 -5.21152302 1.79827043e-311 0.998813871 0 0 0.0486913842 0 0 0 0.0974212896 -0 0
1674207968.7450285 103.227982 -5.22138725 1.80565095e-311 0.998798713 0 0 0.0490013414 0 0 0 0.0980419449 -0 0
1674207968.84596205 103.707161 -5.23807792 1.81416693e-311 0.998776984 0 0 0.049442259 0 0 0 0.0989248503 -0 0
1674207968.94674587 104.128746 -5.28922713 1.8226829e-311 0.99876015 0 0 0.0497811434 0 0 0 0.0996034546 -0 0
1674207969.14849424 105.019786 -5.32257688 1.83119888e-311 0.998817049 0 0 0.0486261425 0 0 0 0.0972906514 -0 0
1674207969.2493763 105.44386 -5.33463605 1.84126322e-311 0.998879033 0 0 0.0473357987 0 0 0 0.0947069878 -0 0
1674207969.35028696 105.871083 -5.35635877 1.8497792e-311 0.998913163 0 0 0.0466100063 0 0 0 0.0932537989 -0 0
1674207969.45110559 106.294318 -5.39038623 1.8576869e-311 0.998955284 0 0 0.0456983694 0 0 0 0.0914285799 -0 0
1674207969.55201817 106.708727 -5.42304303 1.86506741e-311 0.998974807 0 0 0.0452695859 0 0 0 0.0905701244 -0 0
1674207969.65278435 107.124627 -5.46130545 1.87297511e-311 0.999000187 0 0 0.0447059935 0 0 0 0.0894417974 -0 0
1674207969.8545258 107.944583 -5.52870446 1.88303945e-311 0.999047765 0 0 0.043629844 0 0 0 0.0872873958 -0 0
1674207969.95536685 108.354323 -5.57003207 1.89310379e-311 0.99905681 0 0 0.0434222373 0 0 0 0.0868717884 -0 0
1674207970.05623531 108.771797 -5.60372324 1.90232943e-311 0.999121962 0 0 0.0418963562 0 0 0 0.0838172453 -0 0
1674207970.15710402 109.162524 -5.63445701 1.91155508e-311 0.999160776 0 0 0.0409602739 0 0 0 0.081943472 -0 0
1674207970.25794244 109.573904 -5.67031649 1.92262585e-311 0.999188873 0 0 0.0402690536 0 0 0 0.0805598898 -0 0
1674207970.35880756 109.975784 -5.70686601 1.93369662e-311 0.999225579 0 0 0.0393476975 0 0 0 0.0787157156 -0 0
1674207970.5605917 110.83017 -5.77226233 1.9447674e-311 0.999362392 0 0 0.0357044738 0 0 0 0.0714241284 -0 0
1674207970.66143322 111.243952 -5.80952311 1.95706826e-311 0.999357801 0 0 0.0358327379 0 0 0 0.0716808209 -0 0
1674207970.76230478 111.640032 -5.82655687 1.96936912e-311 0.999390025 0 0 0.0349224492 0 0 0 0.0698591031 -0 0
1674207970.86314011 112.042245 -5.8633886 1.98166998e-311 0.999396383 0 0 0.03474002 0 0 0 0.0694940231 -0 0
1674207971.06490684 112.853821 -5.90662106 1.99550844e-311 0.999388223 0 0 0.034973994 0 0 0 0.0699622557 -0 0
1674207971.16570449 113.253675 -5.94288218 2.0078093e-311 0.999433892 0 0 0.0336436641 0 0 0 0.0673000284 -0 0
1674207971.26655436 113.664195 -5.96951278 2.01888008e-311 0.999450382 0 0 0.0331501864 0 0 0 0.066312522 -0 0
1674207971.46825528 114.491688 -6.00945435 2.02810572e-311 0.999499076 0 0 0.0316480118 0 0 0 0.0633065946 -0 0
1674207971.56920671 114.776421 -6.12378351 2.03733137e-311 0.999401493 0 0 0.0345927113 0 0 0 0.0691992286 -0 0
1674207971.77088976 115.572664 -6.16937554 2.04840214e-311 0.999436658 0 0 0.033561387 0 0 0 0.0671353811 -0 0
1674207971.97259092 116.396348 -6.24019105 2.05846648e-311 0.999521543 0 0 0.0309303299 0 0 0 0.0618705277 -0 0
1674207972.07342243 116.852192 -6.27231944 2.06953725e-311 0.999578387 0 0 0.0290352798 0 0 0 0.0580787221 -0 0
1674207972.1743052 117.226523 -6.3254305 2.08183811e-311 0.99958459 0 0 0.0288209411 0 0 0 0.0576498652 -0 0
1674207972.2751708 117.652088 -6.35544733 2.09190245e-311 0.999588395 0 0 0.0286887004 0 0 0 0.0573852744 -0 0
1674207972.3760457 118.03233 -6.38597294 2.10041843e-311 0.999610905 0 0 0.0278933502 0 0 0 0.0557939369 -0 0
1674207972.47689867 118.448046 -6.41716501 2.10964407e-311 0.999611873 0 0 0.0278586297 0 0 0 0.055724469 -0 0
1674207972.57772732 118.879415 -6.4558556 2.11970841e-311 0.999644889 0 0 0.0266476392 0 0 0 0.0533015878 -0 0
1674207972.67857075 119.281604 -6.50651455 2.13077919e-311 0.999675374 0 0 0.0254783483 0 0 0 0.0509622113 -0 0
1674207972.77943325 119.684888 -6.53742907 2.14084353e-311 0.999709462 0 0 0.0241037812 0 0 0 0.0482122317 -0 0
1674207972.88039017 120.100745 -6.58717176 2.15006917e-311 0.999726819 0 0 0.0233727889 0 0 0 0.0467498349 -0 0
1674207972.98115492 120.494011 -6.62784324 2.16390764e-311 0.999729195 0 0 0.0232709443 0 0 0 0.0465460904 -0 0
1674207973.08208561 120.876791 -6.66152295 2.1762085e-311 0.999726895 0 0 0.0233695287 0 0 0 0.0467433128 -0 0
1674207973.18289852 121.270498 -6.68490034 2.18727927e-311 0.999718026 0 0 0.0237459011 0 0 0 0.0474962664 -0 0
1674207973.28378081 121.664154 -6.7452415 2.19579525e-311 0.999679217 0 0 0.0253271031 0 0 0 0.0506596232 -0 0
1674207973.4855504 122.463003 -6.76926108 2.2050209e-311 0.9996437 0 0 0.02669218 0 0 0 0.0533907012 -0 0
1674207973.58635521 122.87599 -6.79001942 2.21609167e-311 0.999586662 0 0 0.0287489915 0 0 0 0.0575059063 -0 0
1674207973.68719101 123.299663 -6.84849672 2.23190706e-311 0.999501699 0 0 0.0315650837 0 0 0 0.0631406554 -0 0
1674207973.78804731 123.723823 -6.8773338 2.24420792e-311 0.999447333 0 0 0.0332419786 0 0 0 0.0664962077 -0 0
1674207973.88892651 124.118697 -6.8968161 2.25650878e-311 0.999405859 0 0 0.034466359 0 0 0 0.0689463733 -0 0
1674207973.98977375 124.515834 -6.93615343 2.26880964e-311 0.99932037 0 0 0.0368618732 0 0 0 0.0737404525 -0 0
1674207974.09062719 124.867775 -6.92293738 2.27803528e-311 0.999231864 0 0 0.0391877892 0 0 0 0.0783956524 -0 0
1674207974.29232502 125.663713 -6.92468922 2.28809962e-311 0.998981686 0 0 0.0451175243 0 0 0 0.0902656903 -0 0
1674207974.39323235 126.072309 -6.91854441 2.29732527e-311 0.998789875 0 0 0.0491811453 0 0 0 0.0984019867 -0 0
1674207974.49406528 126.469807 -6.92299833 2.30738961e-311 0.998621947 0 0 0.0524805419 0 0 0 0.105009324 -0 0
1674207974.69578648 127.264581 -6.9436048 2.31846038e-311 0.998394886 0 0 0.0566361274 0 0 0 0.113332899 -0 0
1674207974.79667282 127.653404 -6.95370482 2.32953115e-311 0.998299002 0 0 0.0583018244 0 0 0 0.116669808 -0 0
1674207974.89748383 128.049538 -6.9708342 2.3387568e-311 0.998213135 0 0 0.0597539745 0 0 0 0.119579181 -0 0
1674207974.99837494 128.477838 -6.98400133 2.35259526e-311 0.998120524 0 0 0.0612814783 0 0 0 0.122639799 -0 0
1674207975.09920311 128.88062 -7.01301247 2.36643373e-311 0.99807945 0 0 0.0619468471 0 0 0 0.12397307 -0 0
1674207975.20006895 129.26698 -7.02984656 2.37873459e-311 0.998096153 0 0 0.0616771379 0 0 0 0.123432618 -0 0
1674207975.40180469 130.068756 -7.08321985 2.38879893e-311 0.99805771 0 0 0.0622961304 0 0 0 0.124672988 -0 0
1674207975.50263548 130.451718 -7.10041839 2.39670663e-311 0.998102964 0 0 0.061566824 0 0 0 0.12321157 -0 0
1674207975.60349798 130.869453 -7.13417769 2.40677097e-311 0.998000198 0 0 0.0632107958 0 0 0 0.126505932 -0 0
1674207975.70439243 131.247699 -7.17136731 2.41599661e-311 0.997955366 0 0 0.0639146937 0 0 0 0.12791658 -0 0
1674207975.8052125 131.640037 -7.17456226 2.42451259e-311 0.997887853 0 0 0.064960239 0 0 0 0.130012026 -0 0
1674207975.90611744 132.010167 -7.19842969 2.43558336e-311 0.997805506 0 0 0.0662130833 0 0 0 0.132523121 -0 0
1674207976.00696707 132.363736 -7.18599855 2.44665414e-311 0.997746034 0 0 0.0671032924 0 0 0 0.134307508 -0 0
1674207976.10780764 132.699425 -7.18418489 2.4604926e-311 0.997763121 0 0 0.0668487496 0 0 0 0.133797277 -0 0
1674207976.20869446 133.085309 -7.18054789 2.47433107e-311 0.99768367 0 0 0.0680242206 0 0 0 0.136153583 -0 0
1674207976.30951977 133.413824 -7.20767615 2.48663193e-311 0.997623124 0 0 0.0689064725 0 0 0 0.137922237 -0 0
1674207976.41042805 133.738104 -7.23287696 2.49893279e-311 0.997521465 0 0 0.0703628218 0 0 0 0.140842024 -0 0
1674207976.51122785 134.055685 -7.24917663 2.51277126e-311 0.997444053 0 0 0.0714518075 0 0 0 0.143025491 -0 0
1674207976.6121099 134.381095 -7.28077573 2.52507212e-311 0.997356593 0 0 0.072662408 0 0 0 0.145453002 -0 0
1674207976.71295738 134.704941 -7.30987544 2.53737297e-311 0.997358749 0 0 0.0726328093 0 0 0 0.145393648 -0 0
1674207976.81382847 135.018038 -7.33288049 2.54967383e-311 0.997438662 0 0 0.0715270302 0 0 0 0.143176322 -0 0
1674207976.91470027 135.307694 -7.34771404 2.55973817e-311 0.99745042 0 0 0.0713628789 0 0 0 0.142847179 -0 0
1674207977.01553822 135.610385 -7.34757026 2.57080895e-311 0.997487438 0 0 0.0708435642 0 0 0 0.141805914 -0 0
1674207977.11640787 135.883672 -7.38377264 2.58464741e-311 0.997516316 0 0 0.0704357818 0 0 0 0.140988306 -0 0
1674207977.21724749 136.157958 -7.40731467 2.6004628e-311 0.997627934 0 0 0.0688367988 0 0 0 0.137782558 -0 0
1674207977.31814718 136.472837 -7.44329134 2.61276366e-311 0.997677666 0 0 0.0681122284 0 0 0 0.136330008 -0 0
1674207977.41898298 136.736725 -7.46697016 2.62660213e-311 0.997700595 0 0 0.0677755374 0 0 0 0.135655066 -0 0
1674207977.62073088 137.265672 -7.51311257 2.64505342e-311 0.997686578 0 0 0.0679815503 0 0 0 0.136068044 -0 0
1674207977.82242537 137.777656 -7.5535259 2.66086881e-311 0.997779731 0 0 0.0666003679 0 0 0 0.133299404 -0 0
1674207977.92331314 138.012126 -7.59918568 2.6766842e-311 0.997871197 0 0 0.0652155989 0 0 0 0.130523831 -0 0
1674207978.02414489 138.200911 -7.69763414 2.68775497e-311 0.997856414 0 0 0.0654414069 0 0 0 0.130976414 -0 0
1674207978.12500811 138.434861 -7.69762245 2.69882575e-311 0.997857013 0 0 0.0654322666 0 0 0 0.130958094 -0 0
1674207978.22587824 138.679313 -7.63813501 2.70889009e-311 0.997917985 0 0 0.0644956982 0 0 0 0.129080992 -0 0
1674207978.52844572 139.355982 -7.69705114 2.72119095e-311 0.998057677 0 0 0.062296654 0 0 0 0.124674038 -0 0
1674207978.62938499 139.562153 -7.73670128 2.73349181e-311 0.99815991 0 0 0.0606365694 0 0 0 0.121347578 -0 0
1674207978.73017502 139.760964 -7.76636144 2.74579267e-311 0.998147932 0 0 0.0608334242 0 0 0 0.121742016 -0 0
1674207978.83106279 139.955433 -7.80178466 2.75809353e-311 0.998175277 0 0 0.0603830818 0 0 0 0.120839672 -0 0
1674207979.03276682 140.390812 -7.81986433 2.77390892e-311 0.998292752 0 0 0.0584087372 0 0 0 0.116883999 -0 0
1674207979.13360643 140.573606 -7.84738548 2.78972431e-311 0.99836721 0 0 0.0571219181 0 0 0 0.114306056 -0 0
1674207979.23447394 140.785547 -7.86307393 2.8081756e-311 0.998431687 0 0 0.0559836249 0 0 0 0.11202582 -0 0
1674207979.33533001 140.955203 -7.84475093 2.83031714e-311 0.998510057 0 0 0.0545679905 0 0 0 0.109190215 -0 0
1674207979.43617511 141.158208 -7.86847087 2.85245869e-311 0.998493051 0 0 0.0548782875 0 0 0 0.109811741 -0 0
1674207979.53703499 141.346225 -7.87651761 2.87460024e-311 0.99856461 0 0 0.0535604253 0 0 0 0.107172134 -0 0
1674207979.63790751 141.52663 -7.88800666 2.90227717e-311 0.998576032 0 0 0.0533470464 0 0 0 0.106744765 -0 0
1674207979.7387383 141.712709 -7.9155211 2.9299541e-311 0.998499862 0 0 0.0547542231 0 0 0 0.109563238 -0 0
1674207979.83965635 141.889489 -7.97817918 2.94840539e-311 0.998519431 0 0 0.0543961949 0 0 0 0.108846113 -0 0
1674207979.94048643 142.017495 -8.02374768 2.98530797e-311 0.998558395 0 0 0.0536761727 0 0 0 0.107403962 -0 0
1674207980.04131937 142.184184 -8.03468932 3.02221055e-311 0.99850367 0 0 0.0546847416 0 0 0 0.109424067 -0 0
1674207980.14220476 142.34873 -8.07428633 3.05911313e-311 0.998501518 0 0 0.0547240255 0 0 0 0.109502753 -0 0
1674207980.24314618 142.587256 -7.93100289 3.07756442e-311 0.998540841 0 0 0.0540017538 0 0 0 0.10805607 -0 0
1674207980.34389925 142.728717 -7.93847665 3.09970596e-311 0.998501711 0 0 0.0547204946 0 0 0 0.10949568 -0 0
1674207980.44478941 142.840415 -7.9368503 3.1273829e-311 0.998540282 0 0 0.0540120769 0 0 0 0.108076746 -0 0
1674207980.54564333 142.964011 -7.95657495 3.16428548e-311 0.998559509 0 0 0.0536554407 0 0 0 0.107362438 -0 0
1674207980.6464901 143.096956 -7.94830958 3.20118805e-311 0.998544965 0 0 0.0539254389 0 0 0 0.107903217 -0 0
1674207980.74733829 143.207638 -7.95668879 3.22886499e-311 0.998620456 0 0 0.052508901 0 0 0 0.105066121 -0 0
1674207980.84819388 143.309313 -7.96713391 3.25100653e-311 0.99858472 0 0 0.0531841842 0 0 0 0.106418577 -0 0
1674207980.94914842 143.409701 -7.96970895 3.26945782e-311 0.998617557 0 0 0.0525640118 0 0 0 0.105176495 -0 0
1674207981.04994583 143.51508 -7.95421314 3.28790911e-311 0.998615136 0 0 0.052609975 0 0 0 0.105268549 -0 0
1674207981.15083361 143.608411 -7.95061328 3.31005066e-311 0.998570281 0 0 0.0534546045 0 0 0 0.106960188 -0 0
1674207981.25164986 143.724431 -7.93279448 3.33772759e-311 0.998526685 0 0 0.05426288 0 0 0 0.108579089 -0 0
1674207981.35256529 143.81131 -7.9458477 3.37463017e-311 0.998398821 0 0 0.0565667237 0 0 0 0.113193868 -0 0
1674207981.45341921 143.903589 -7.93793249 3.4023071e-311 0.9983341 0 0 0.0576976999 0 0 0 0.115459522 -0 0
1674207981.55423594 143.992651 -7.93031983 3.42998404e-311 0.998335766 0 0 0.0576688702 0 0 0 0.115401766 -0 0
1674207981.65512633 144.072062 -7.95054807 3.45212559e-311 0.998232957 0 0 0.0594219164 0 0 0 0.118913883 -0 0
1674207981.75596476 144.169276 -7.95347139 3.47426713e-311 0.998230466 0 0 0.0594637494 0 0 0 0.118997697 -0 0
1674207981.8568449 144.273121 -7.93279956 3.50194407e-311 0.998134378 0 0 0.0610554073 0 0 0 0.122186809 -0 0
1674207981.95770597 144.382232 -7.95277973 3.529621e-311 0.998095747 0 0 0.0616837083 0 0 0 0.123445784 -0 0
1674207982.05853987 144.480045 -7.9528247 3.55176255e-311 0.998011461 0 0 0.0630327235 0 0 0 0.126149076 -0 0
1674207982.15942693 144.584638 -7.94244092 3.57390409e-311 0.997946114 0 0 0.0640589858 0 0 0 0.128205757 -0 0
1674207982.26025748 144.679307 -7.95629081 3.60158103e-311 0.997857705 0 0 0.0654217145 0 0 0 0.130936944 -0 0
1674207982.36120963 144.767295 -7.94374518 3.62925796e-311 0.997790541 0 0 0.0664382121 0 0 0 0.132974372 -0 0
1674207982.462008 144.863146 -7.92811987 3.64770925e-311 0.997860935 0 0 0.0653724351 0 0 0 0.130838174 -0 0
1674207982.56287479 144.938041 -7.93722176 3.6698508e-311 0.997733839 0 0 0.0672843645 0 0 0 0.134670473 -0 0
1674207982.66372538 145.029748 -7.91906191 3.69752773e-311 0.997803076 0 0 0.066249684 0 0 0 0.132596484 -0 0
1674207982.76457167 145.103391 -7.92072997 3.71966928e-311 0.997775706 0 0 0.0666606422 0 0 0 0.133420221 -0 0
1674207982.86544299 145.18267 -7.91518991 3.74181082e-311 0.99770828 0 0 0.0676623091 0 0 0 0.135428089 -0 0
1674207982.96630287 145.240107 -7.93209673 3.76026211e-311 0.997647853 0 0 0.0685475056 0 0 0 0.137202602 -0 0
1674207983.06722832 145.310952 -7.92879599 3.78240366e-311 0.997594951 0 0 0.0693131571 0 0 0 0.138737556 -0 0
1674207983.16799283 145.373472 -7.93279837 3.80085495e-311 0.997607083 0 0 0.0691383218 0 0 0 0.138387044 -0 0
1674207983.26889038 145.46403 -7.92686326 3.81930624e-311 0.997563708 0 0 0.0697613741 0 0 0 0.139636165 -0 0
1674207983.3697176 145.508807 -7.97001311 3.83512163e-311 0.997456854 0 0 0.0712728881 0 0 0 0.142666738 -0 0
1674207983.47061682 145.54754 -7.95350282 3.85357292e-311 0.997431783 0 0 0.0716228913 0 0 0 0.143368537 -0 0
1674207983.57149744 145.591324 -7.95855694 3.87571447e-311 0.997473269 0 0 0.0710427849 0 0 0 0.142205362 -0 0
1674207983.67237473 145.648395 -7.95936276 3.9033914e-311 0.997379647 0 0 0.0723452809 0 0 0 0.144817074 -0 0
1674207983.77312636 145.682204 -7.95740853 3.91920679e-311 0.997385071 0 0 0.0722704671 0 0 0 0.144667054 -0 0
1674207983.87403703 145.720888 -7.96857593 3.93502218e-311 0.997353898 0 0 0.0726993938 0 0 0 0.14552717 -0 0
1674207983.97491884 145.775982 -7.97954849 3.95083757e-311 0.99727138 0 0 0.073822721 0 0 0 0.147779878 -0 0
1674207984.07572556 145.819114 -8.0016389 3.96928886e-311 0.997166648 0 0 0.0752241764 0 0 0 0.150590605 -0 0
1674207984.17664576 145.855191 -7.98530458 3.98510425e-311 0.997213145 0 0 0.0746052547 0 0 0 0.149349274 -0 0
1674207984.27745485 145.869317 -7.97055551 4.00091964e-311 0.997310375 0 0 0.073294043 0 0 0 0.14671965 -0 0
1674207984.37837744 145.890967 -7.97631523 4.02306119e-311 0.997325027 0 0 0.073094393 0 0 0 0.146319276 -0 0
1674207984.47917199 145.933437 -7.96892894 4.05073812e-311 0.997259432 0 0 0.0739839586 0 0 0 0.148103238 -0 0
1674207984.58002496 145.957472 -7.9768189 4.07287967e-311 0.997240451 0 0 0.0742393652 0 0 0 0.148615459 -0 0
1674207984.68088698 145.988164 -7.96765189 4.1005566e-311 0.997210337 0 0 0.0746427717 0 0 0 0.149424517 -0 0
1674207984.78175545 146.007423 -7.97090424 4.12823354e-311 0.99720726 0 0 0.074683866 0 0 0 0.149506936 -0 0
1674207984.88265133 146.02624 -7.95953722 4.14668483e-311 0.997218019 0 0 0.0745400803 0 0 0 0.149218561 -0 0
1674207984.98346496 146.059609 -7.96394135 4.16513611e-311 0.997165961 0 0 0.0752332723 0 0 0 0.150608849 -0 0
1674207985.08434057 146.062991 -7.96068941 4.1835874e-311 0.997162665 0 0 0.0752769564 0 0 0 0.150696465 -0 0
1674207985.1852212 146.09064 -7.95216196 4.20572895e-311 0.997174932 0 0 0.0751142768 0 0 0 0.150370182 -0 0
1674207985.28604984 146.071459 -7.96890149 4.23340588e-311 0.997177219 0 0 0.0750839105 0 0 0 0.150309278 -0 0
1674207985.38692212 146.091569 -7.97143171 4.25554743e-311 0.997122654 0 0 0.0758050969 0 0 0 0.151755773 -0 0
1674207985.48774481 146.08235 -7.96646722 4.27768898e-311 0.99726138 0 0 0.073957684 0 0 0 0.148050544 -0 0
1674207985.58866239 146.100123 -7.9609467 4.30536591e-311 0.997246286 0 0 0.0741609361 0 0 0 0.148458168 -0 0
1674207985.68954802 146.129708 -7.96767433 4.3238172e-311 0.997195616 0 0 0.0748391777 0 0 0 0.149818431 -0 0
1674207985.79037094 146.137618 -7.95854118 4.34595875e-311 0.997263327 0 0 0.0739314328 0 0 0 0.147997898 -0 0
1674207985.89122057 146.145358 -7.96721338 4.3681003e-311 0.997256782 0 0 0.0740196693 0 0 0 0.148174855 -0 0
1674207985.99210119 146.160103 -7.97278859 4.38655158e-311 0.997211106 0 0 0.0746325003 0 0 0 0.149403917 -0 0
1674207986.09295487 146.161772 -7.97284934 4.40500287e-311 0.99724606 0 0 0.0741639753 0 0 0 0.148464263 -0 0
1674207986.1937995 146.166406 -7.96586019 4.42345416e-311 0.997230677 0 0 0.074370543 0 0 0 0.148878542 -0 0
1674207986.29488182 146.169014 -7.96120419 4.43926955e-311 0.997238519 0 0 0.0742653079 0 0 0 0.148667488 -0 0
1674207986.39552402 146.203939 -7.96561415 4.45772084e-311 0.997150404 0 0 0.0754391898 0 0 0 0.151021857 -0 0
1674207986.49636507 146.186448 -7.95531774 4.47617213e-311 0.997237872 0 0 0.0742740001 0 0 0 0.148684921 -0 0
1674207986.59726119 146.200884 -7.9554725 4.49462342e-311 0.997212489 0 0 0.0746140123 0 0 0 0.149366838 -0 0
1674207986.69808197 146.185406 -7.95872531 4.51307471e-311 0.997216991 0 0 0.0745538223 0 0 0 0.149246121 -0 0
1674207986.79896021 146.19392 -7.9569471 4.53521626e-311 0.997271974 0 0 0.0738147002 0 0 0 0.147763793 -0 0
1674207987.00071526 146.188206 -7.9559012 4.5573578e-311 0.997284321 0 0 0.0736476979 0 0 0 0.147428876 -0 0
1674207987.10152864 146.201709 -7.97734456 4.57949935e-311 0.997181369 0 0 0.0750287828 0 0 0 0.15019871 -0 0
1674207987.20237303 146.18297 -7.97705535 4.59795064e-311 0.997194283 0 0 0.0748569427 0 0 0 0.149854061 -0 0
1674207987.30327988 146.193888 -7.97993358 4.61376603e-311 0.99718522 0 0 0.0749775708 0 0 0 0.150095997 -0 0
1674207987.40410328 146.185083 -7.98273623 4.62958142e-311 0.997175447 0 0 0.0751074448 0 0 0 0.150356479 -0 0
1674207987.5049746 146.193692 -7.94862263 4.64539681e-311 0.997246304 0 0 0.0741607002 0 0 0 0.148457694 -0 0
1674207987.60582685 146.18808 -7.97326802 4.6612122e-311 0.997203195 0 0 0.0747381264 0 0 0 0.149615761 -0 0
1674207987.70667744 146.200456 -7.98310012 4.67702759e-311 0.997160932 0 0 0.0752998985 0 0 0 0.15074248 -0 0
1674207987.80754399 146.187127 -7.9703584 4.69284298e-311 0.997208738 0 0 0.0746641347 0 0 0 0.149467363 -0 0
1674207987.9083817 146.191734 -7.96627569 4.70865837e-311 0.997189836 0 0 0.0749161541 0 0 0 0.149972817 -0 0
1674207988.11016607 146.372701 -8.04070937 4.72447376e-311 0.996838499 0 0 0.0794544344 0 0 0 0.159076544 -0 0
1674207988.21097469 146.38158 -8.01862101 4.74028916e-311 0.996862946 0 0 0.0791471263 0 0 0 0.158459986 -0 0
1674207988.4126997 146.438576 -8.02042449 4.75610455e-311 0.996799189 0 0 0.0799460931 0 0 0 0.160063 -0 0
1674207988.51356792 146.47007 -8.02543633 4.77455584e-311 0.996795916 0 0 0.0799868889 0 0 0 0.160144854 -0 0
1674207988.61443281 146.512023 -8.03814577 4.79300712e-311 0.996800764 0 0 0.0799264421 0 0 0 0.160023572 -0 0
