1687940887.25205612 0.00168300931 -0.0119313303 0 0.999999993 0 0 0.000118783663 0 0 0 0.000237567326 -0 0
1687940887.35290694 0.00731999009 -0.00342549408 0 0.999999925 0 0 0.000388404167 0 0 0 0.000776808354 -0 0
1687940887.45378113 -0.00100240434 -0.00583712551 0 0.999999927 0 0 0.000383027788 0 0 0 0.000766055595 -0 0
1687940887.55464268 -0.00379321408 -0.00584487001 0 0.999999857 0 0 0.000534838361 0 0 0 0.00106967677 -0 0
1687940887.65549183 0.00619702234 -0.008312238 0 0.999999956 0 0 0.000296159805 0 0 0 0.000592319619 -0 0
1687940887.75637603 0.00238544788 -0.00554915847 0 0.999999349 0 0 0.00114068894 0 0 0 0.00228137837 -0 0
1687940887.85720468 -0.00119508646 -0.00899629845 0 0.999999857 0 0 0.000534449884 0 0 0 0.00106889982 -0 0
1687940887.95807147 -5.53695415e-05 -0.0110151695 0 0.999999879 0 0 0.000491371579 0 0 0 0.000982743198 -0 0
1687940888.05894947 -0.000660676609 -0.0129356274 0 0.999999897 0 0 0.000453141617 0 0 0 0.000906283266 -0 0
1687940888.15981007 -0.00493781027 -0.0155472175 0 0.999999965 0 0 0.000265139864 0 0 0 0.000530279734 -0 0
1687940888.2606442 -0.0123748569 -0.024585233 0 0.999999856 0 0 0.000536231681 0 0 0 0.00107246341 -0 0
1687940888.36152315 -0.0227486508 -0.0234493392 0 0.99999958 0 0 -0.000916387552 0 0 0 3.13975988 -3.14159265 3.14159265
1687940888.46236372 -0.0304781632 -0.0296438686 0 0.99999985 0 0 -0.000548428455 0 0 0 3.1404958 -3.14159265 3.14159265
1687940888.56322455 -0.0279220782 -0.0192911659 0 0.999999993 0 0 -0.000116277812 0 0 0 3.1413601 -3.14159265 3.14159265
1687940888.6640811 -0.0174593513 -0.0220921309 0 0.999999858 0 0 -0.000533101763 0 0 0 3.14052645 -3.14159265 3.14159265
1687940888.76497078 -0.0307545858 -0.0352045643 0 0.999999932 0 0 -0.000367986545 0 0 0 3.14085668 -3.14159265 3.14159265
1687940888.86583352 -0.0195022904 -0.017877887 0 1 0 0 2.05073437e-05 0 0 0 4.10146875e-05 -0 0
1687940888.96666098 -0.0194841078 -0.0233165162 0 0.999999797 0 0 0.000637339625 0 0 0 0.00127467934 -0 0
1687940889.06752348 -0.019776866 -0.0311800526 0 0.999999993 0 0 -0.000116628774 0 0 0 3.1413594 -3.14159265 3.14159265
1687940889.1683836 -0.0212419733 -0.017573336 0 0.999999916 0 0 0.000410251636 0 0 0 0.000820503295 -0 0
1687940889.26924062 -0.0108203174 -0.00471149271 0 0.999999999 0 0 -4.07229754e-05 0 0 0 3.14151121 -3.14159265 3.14159265
1687940889.37011766 -0.0338147396 0.00134026186 0 0.999999634 0 0 -0.000855167281 0 0 0 3.13988232 -3.14159265 3.14159265
1687940889.47097397 -0.0303962262 -0.00909353274 0 0.999999993 0 0 -0.000118400001 0 0 0 3.14135585 -3.14159265 3.14159265
1687940889.57182789 -0.0181894924 -0.00640427478 0 0.999999999 0 0 -4.64351188e-05 0 0 0 3.14149978 -3.14159265 3.14159265
1687940889.67271924 -0.0302550218 -0.0179922912 0 0.99999999 0 0 -0.00014208352 0 0 0 3.14130849 -3.14159265 3.14159265
1687940889.77353859 -0.0348804231 -0.00225781068 0 0.999999973 0 0 -0.000231508815 0 0 0 3.14112964 -3.14159265 3.14159265
1687940889.87442136 -0.0418348356 -0.0065017236 0 0.999999742 0 0 0.000718855239 0 0 0 0.0014377106 -0 0
1687940889.97525644 -0.0586430717 -0.0167012576 0 1 0 0 -1.80920199e-05 0 0 0 3.14155647 -3.14159265 3.14159265
1687940890.07612562 -0.0558734943 -0.00935761306 0 0.999999709 0 0 0.000762596927 0 0 0 0.001525194 -0 0
1687940890.17697763 -0.0640665524 -0.00878833962 0 0.999999993 0 0 0.000116219474 0 0 0 0.000232438948 -0 0
1687940890.27783537 -0.101634988 -0.0192519664 0 0.999999996 0 0 -8.48055564e-05 0 0 0 3.14142304 -3.14159265 3.14159265
1687940890.37869835 -0.109240057 -0.0147109977 0 0.999999726 0 0 -0.000739712318 0 0 0 3.14011323 -3.14159265 3.14159265
1687940890.47956467 -0.120414263 -0.0215321853 0 0.999999626 0 0 -0.000865049632 0 0 0 3.13986255 -3.14159265 3.14159265
1687940890.58112121 -0.154869563 -0.00284844545 0 0.99999982 0 0 0.000600248671 0 0 0 0.00120049741 -0 0
1687940890.68127298 -0.203881425 -0.0441266018 0 0.999999955 0 0 -0.000301199541 0 0 0 3.14099025 -3.14159265 3.14159265
1687940890.7821312 -0.214354621 -0.0274085133 0 0.999999886 0 0 -0.000477132289 0 0 0 3.14063839 -3.14159265 3.14159265
1687940890.88300562 -0.279317992 -0.0386410919 0 0.999999843 0 0 -0.000560647483 0 0 0 3.14047136 -3.14159265 3.14159265
1687940890.98386312 -0.288851284 -0.0596943652 0 0.999999522 0 0 -0.000977505717 0 0 0 3.13963764 -3.14159265 3.14159265
1687940891.08472419 -0.322878442 -0.0431459977 0 0.999999891 0 0 0.000467142735 0 0 0 0.000934285504 -0 0
1687940891.18557453 -0.339401621 -0.0273003754 0 0.999999067 0 0 0.00136629008 0 0 0 0.00273258101 -0 0
1687940891.28643298 -0.327185208 -0.0143863294 0 0.999994584 0 0 0.00329134081 0 0 0 0.00658269351 -0 0
1687940891.38729572 -0.389623037 -0.0141779108 0 0.999995928 0 0 0.0028538243 0 0 0 0.00570765635 -0 0
1687940891.48815346 -0.441149382 -0.00366110402 0 0.999997776 0 0 0.00210917765 0 0 0 0.00421835842 -0 0
1687940891.58900833 -0.438568255 0.0013731589 0 0.999989201 0 0 0.00464734041 0 0 0 0.00929471427 -0 0
1687940891.68988729 -0.453727868 -0.0304053203 0 0.999994227 0 0 0.00339788019 0 0 0 0.00679577346 -0 0
1687940891.79075623 -0.498339007 -0.0255179959 0 0.999988196 0 0 0.00485883543 0 0 0 0.00971770909 -0 0
1687940891.89161444 -0.579529662 -0.0170178794 0 0.999999208 0 0 0.00125854836 0 0 0 0.00251709739 -0 0
1687940891.99244833 -0.598396353 -0.021393529 0 0.999997309 0 0 0.00231998472 0 0 0 0.0046399736 -0 0
1687940892.09332085 -0.64190237 -0.0278916846 0 0.999993093 0 0 0.0037167866 0 0 0 0.00743359032 -0 0
1687940892.19418955 -0.676911378 -0.0535319806 0 0.999994909 0 0 0.00319085919 0 0 0 0.00638172922 -0 0
1687940892.29502559 -0.724078919 -0.0821713771 0 0.999991963 0 0 0.00400920989 0 0 0 0.00801844126 -0 0
1687940892.39588785 -0.806191861 -0.0753490715 0 0.999992602 0 0 0.003846507 0 0 0 0.00769303296 -0 0
1687940892.49677563 -0.831780457 -0.0650985978 0 0.99999339 0 0 0.00363590719 0 0 0 0.00727183041 -0 0
1687940892.59761691 -0.911920058 -0.0594682042 0 0.999992784 0 0 0.00379903519 0 0 0 0.00759808866 -0 0
1687940892.69846344 -0.935905859 -0.0697136696 0 0.999987339 0 0 0.00503207699 0 0 0 0.0100641965 -0 0
1687940892.79932547 -1.00284464 -0.0853324789 0 0.999986583 0 0 0.00518012541 0 0 0 0.0103602972 -0 0
1687940892.90021992 -1.04925083 -0.101420093 0 0.999977275 0 0 0.00674156797 0 0 0 0.0134832381 -0 0
1687940893.0010438 -1.09321105 -0.0889607749 0 0.999974164 0 0 0.00718832434 0 0 0 0.0143767725 -0 0
1687940893.10190248 -1.1237174 -0.0951007199 0 0.999957328 0 0 0.00923803305 0 0 0 0.0184763289 -0 0
1687940893.20279026 -1.20625913 -0.0848445444 0 0.999962115 0 0 0.00870455761 0 0 0 0.0174093351 -0 0
1687940893.30362701 -1.27930679 -0.0684289521 0 0.999941494 0 0 0.0108170417 0 0 0 0.0216345053 -0 0
1687940893.40452027 -1.3222979 -0.0845304584 0 0.999940923 0 0 0.0108697055 0 0 0 0.021739839 -0 0
1687940893.50534678 -1.37515 -0.0767200374 0 0.999930366 0 0 0.0118009666 0 0 0 0.0236024811 -0 0
1687940893.60620022 -1.4766888 -0.0775227141 0 0.999899449 0 0 0.014180666 0 0 0 0.0283622826 -0 0
1687940893.70706534 -1.55681111 -0.0900270323 0 0.999886349 0 0 0.0150761257 0 0 0 0.0301533936 -0 0
1687940893.80792475 -1.64015928 -0.0753928878 0 0.999864331 0 0 0.0164718017 0 0 0 0.0329450933 -0 0
1687940893.90948701 -1.71485885 -0.0796320457 0 0.999842067 0 0 0.0177718931 0 0 0 0.0355456575 -0 0
1687940894.00963831 -1.76830542 -0.0881737795 0 0.999798217 0 0 0.0200879411 0 0 0 0.0401785846 -0 0
1687940894.11052537 -1.87645983 -0.065387583 0 0.999822142 0 0 0.018859597 0 0 0 0.0377214305 -0 0
1687940894.21137381 -1.97496515 -0.0967708372 0 0.99984426 0 0 0.0176481291 0 0 0 0.0352980907 -0 0
1687940894.31224203 -2.01641634 -0.0751163918 0 0.999908708 0 0 0.0135120718 0 0 0 0.0270249661 -0 0
1687940894.41307569 -2.18049975 -0.0899266209 0 0.999904661 0 0 0.0138082858 0 0 0 0.0276174494 -0 0
1687940894.51395273 -2.22590993 -0.142196452 0 0.999948321 0 0 0.0101663569 0 0 0 0.0203330641 -0 0
1687940894.61486268 -2.40068468 -0.129510928 0 0.999969375 0 0 0.00782619698 0 0 0 0.0156525537 -0 0
1687940894.71568298 -2.48953218 -0.167199431 0 0.99998814 0 0 0.00487036162 0 0 0 0.00974076176 -0 0
1687940894.81651568 -2.59883501 -0.141220538 0 0.999999776 0 0 0.000669462002 0 0 0 0.0013389241 -0 0
1687940894.9173913 -2.68501163 -0.170125282 0 0.999999968 0 0 -0.000252887608 0 0 0 3.14108688 -3.14159265 3.14159265
1687940895.0182569 -2.81683513 -0.170207517 0 0.999995984 0 0 -0.00283394381 0 0 0 3.13592476 -3.14159265 3.14159265
1687940895.11909866 -2.97667586 -0.198713371 0 0.999983577 0 0 -0.0057310455 0 0 0 3.1301305 -3.14159265 3.14159265
1687940895.21999741 -3.06040311 -0.218201884 0 0.99997429 0 0 -0.00717077396 0 0 0 3.12725098 -3.14159265 3.14159265
1687940895.32081604 -3.14110534 -0.242738991 0 0.999974482 0 0 -0.00714393916 0 0 0 3.12730465 -3.14159265 3.14159265
1687940895.4217 -3.28319128 -0.262781896 0 0.999958216 0 0 -0.00914146741 0 0 0 3.12330946 -3.14159265 3.14159265
1687940895.522542 -3.39868825 -0.270103094 0 0.999931555 0 0 -0.0116998211 0 0 0 3.11819248 -3.14159265 3.14159265
1687940895.62339211 -3.48788349 -0.298702747 0 0.999923558 0 0 -0.0123643696 0 0 0 3.11686328 -3.14159265 3.14159265
1687940895.72426605 -3.60029501 -0.291865231 0 0.999910938 0 0 -0.013346026 0 0 0 3.11489981 -3.14159265 3.14159265
1687940895.82513261 -3.73543223 -0.314923436 0 0.999858723 0 0 -0.0168087763 0 0 0 3.10797352 -3.14159265 3.14159265
1687940895.92599297 -3.85087326 -0.332055066 0 0.999810082 0 0 -0.0194884387 0 0 0 3.10261331 -3.14159265 3.14159265
1687940896.02682877 -3.94645419 -0.359009741 0 0.99978317 0 0 -0.0208233937 0 0 0 3.09994286 -3.14159265 3.14159265
1687940896.12769103 -4.0780531 -0.36477341 0 0.999722727 0 0 -0.0235471714 0 0 0 3.09449396 -3.14159265 3.14159265
1687940896.22855711 -4.2350529 -0.417231332 0 0.99967188 0 0 -0.0256150961 0 0 0 3.09035686 -3.14159265 3.14159265
1687940896.32946825 -4.28744941 -0.427751176 0 0.999627297 0 0 -0.0272995894 0 0 0 3.08698669 -3.14159265 3.14159265
1687940896.43027067 -4.44141708 -0.413725227 0 0.999652911 0 0 -0.0263449549 0 0 0 3.08889665 -3.14159265 3.14159265
1687940896.53112674 -4.62678475 -0.410272404 0 0.9996033 0 0 -0.0281645458 0 0 0 3.08525611 -3.14159265 3.14159265
1687940896.63199615 -4.72189063 -0.423701871 0 0.999655293 0 0 -0.0262544276 0 0 0 3.08907776 -3.14159265 3.14159265
1687940896.73285341 -4.89950993 -0.373842604 0 0.999658708 0 0 -0.0261240893 0 0 0 3.08933853 -3.14159265 3.14159265
1687940896.83400249 -5.02480442 -0.360841065 0 0.999679201 0 0 -0.0253277378 0 0 0 3.09093176 -3.14159265 3.14159265
1687940896.93458152 -5.16050974 -0.392467624 0 0.999682424 0 0 -0.0252002201 0 0 0 3.09118688 -3.14159265 3.14159265
1687940897.03543234 -5.23784844 -0.376619313 0 0.999707037 0 0 -0.0242041269 0 0 0 3.09317967 -3.14159265 3.14159265
1687940897.13629007 -5.29050351 -0.386320464 0 0.999739228 0 0 -0.0228358317 0 0 0 3.09591702 -3.14159265 3.14159265
1687940897.2371521 -5.42151304 -0.400191246 0 0.99967904 0 0 -0.0253341191 0 0 0 3.09091899 -3.14159265 3.14159265
1687940897.33800459 -5.52820092 -0.427049024 0 0.99956759 0 0 -0.0294046282 0 0 0 3.08277492 -3.14159265 3.14159265
1687940897.4388864 -5.61897396 -0.434806301 0 0.99948791 0 0 -0.0319987099 0 0 0 3.07758431 -3.14159265 3.14159265
1687940897.53976536 -5.71721939 -0.474114219 0 0.999418283 0 0 -0.0341041861 0 0 0 3.07337105 -3.14159265 3.14159265
1687940897.64059401 -5.79479929 -0.500654898 0 0.999365261 0 0 -0.0356240805 0 0 0 3.07032941 -3.14159265 3.14159265
1687940897.74144483 -5.90166936 -0.515547449 0 0.99937665 0 0 -0.0353031253 0 0 0 3.07097173 -3.14159265 3.14159265
1687940897.84231997 -6.00211592 -0.517596175 0 0.999351512 0 0 -0.0360077128 0 0 0 3.06956166 -3.14159265 3.14159265
1687940897.94319034 -6.0980561 -0.530340495 0 0.999314417 0 0 -0.0370228991 0 0 0 3.06752993 -3.14159265 3.14159265
1687940898.04403877 -6.16885231 -0.540464189 0 0.999319137 0 0 -0.0368953009 0 0 0 3.0677853 -3.14159265 3.14159265
1687940898.14490461 -6.27291215 -0.531269315 0 0.999285647 0 0 -0.0377914746 0 0 0 3.0659917 -3.14159265 3.14159265
1687940898.24575806 -6.38116672 -0.524277961 0 0.999228828 0 0 -0.0392651038 0 0 0 3.06304225 -3.14159265 3.14159265
1687940898.3466382 -6.46609617 -0.544997361 0 0.999174527 0 0 -0.0406234556 0 0 0 3.06032338 -3.14159265 3.14159265
1687940898.44747567 -6.57993584 -0.542706371 0 0.99908948 0 0 -0.0426639394 0 0 0 3.05623887 -3.14159265 3.14159265
1687940898.54832006 -6.6728924 -0.548656784 0 0.999004319 0 0 -0.0446135659 0 0 0 3.0523359 -3.14159265 3.14159265
1687940898.64917898 -6.79431974 -0.576884053 0 0.998930569 0 0 -0.0462354586 0 0 0 3.04908876 -3.14159265 3.14159265
1687940898.75004387 -6.87784942 -0.581224998 0 0.998925422 0 0 -0.0463465381 0 0 0 3.04886636 -3.14159265 3.14159265
1687940898.85091352 -6.98973688 -0.610630881 0 0.998858388 0 0 -0.0477694458 0 0 0 3.04601739 -3.14159265 3.14159265
1687940898.95175743 -7.12001513 -0.628324918 0 0.998784312 0 0 -0.0492939983 0 0 0 3.04296469 -3.14159265 3.14159265
1687940899.05264711 -7.24870112 -0.651170086 0 0.998683839 0 0 -0.051289272 0 0 0 3.03896908 -3.14159265 3.14159265
1687940899.15347767 -7.37502082 -0.678402494 0 0.998580074 0 0 -0.0532713383 0 0 0 3.03499952 -3.14159265 3.14159265
1687940899.55691576 -7.79913902 -0.732436212 0 0.998200773 0 0 -0.0599601312 0 0 0 3.02160042 -3.14159265 3.14159265
1687940899.65779209 -7.91458692 -0.752485875 0 0.998115635 0 0 -0.0613610509 0 0 0 3.01879341 -3.14159265 3.14159265
1687940899.75863695 -8.01839523 -0.737555986 0 0.998032142 0 0 -0.0627044201 0 0 0 3.01610149 -3.14159265 3.14159265
1687940899.85952497 -8.13196071 -0.762253989 0 0.997957158 0 0 -0.063886706 0 0 0 3.01373216 -3.14159265 3.14159265
1687940899.96035767 -8.22363908 -0.768021347 0 0.997866395 0 0 -0.0652890321 0 0 0 3.01092164 -3.14159265 3.14159265
1687940900.06123352 -8.3308147 -0.776766296 0 0.997699524 0 0 -0.0677912958 0 0 0 3.005906 -3.14159265 3.14159265
1687940900.16209626 -8.461708 -0.794042923 0 0.997608479 0 0 -0.0691181815 0 0 0 3.00324599 -3.14159265 3.14159265
1687940900.26293302 -8.60085548 -0.849729928 0 0.997476193 0 0 -0.071001724 0 0 0 2.99946962 -3.14159265 3.14159265
1687940900.36380768 -8.70068051 -0.853385507 0 0.99739191 0 0 -0.0721760236 0 0 0 2.99711498 -3.14159265 3.14159265
1687940900.46465921 -8.85674829 -0.873545967 0 0.997364553 0 0 -0.0725530746 0 0 0 2.9963589 -3.14159265 3.14159265
1687940900.56551766 -8.98260793 -0.889304169 0 0.997254435 0 0 -0.0740512788 0 0 0 2.99335441 -3.14159265 3.14159265
1687940900.66638327 -9.1054272 -0.881642846 0 0.99715595 0 0 -0.0753658517 0 0 0 2.99071789 -3.14159265 3.14159265
1687940900.7672472 -9.27244762 -0.859371666 0 0.99718527 0 0 -0.0749769054 0 0 0 2.99149799 -3.14159265 3.14159265
1687940900.86810064 -9.38701147 -0.836554452 0 0.997038678 0 0 -0.0769017189 0 0 0 2.98763722 -3.14159265 3.14159265
1687940900.96895885 -9.54345363 -0.877995373 0 0.996942013 0 0 -0.0781448785 0 0 0 2.98514339 -3.14159265 3.14159265
1687940901.06980944 -9.66538607 -0.890139296 0 0.996926517 0 0 -0.078342327 0 0 0 2.98474728 -3.14159265 3.14159265
1687940901.17067146 -9.79151218 -0.893551431 0 0.997033878 0 0 -0.0769639247 0 0 0 2.98751243 -3.14159265 3.14159265
1687940901.2715621 -9.92654939 -0.893904217 0 0.996989334 0 0 -0.077538821 0 0 0 2.98635919 -3.14159265 3.14159265
1687940901.37238884 -10.0412976 -0.8989485 0 0.997095263 0 0 -0.0761645392 0 0 0 2.98911591 -3.14159265 3.14159265
1687940901.47325563 -10.1636437 -0.922085718 0 0.997394945 0 0 -0.0721340717 0 0 0 2.9971991 -3.14159265 3.14159265
1687940901.57410979 -10.2911983 -0.894118964 0 0.997325882 0 0 -0.0730827232 0 0 0 2.99529678 -3.14159265 3.14159265
1687940901.6749959 -10.4103914 -0.891298264 0 0.997419624 0 0 -0.0717920191 0 0 0 2.99788499 -3.14159265 3.14159265
1687940901.77582741 -10.6241047 -0.879102969 0 0.997536354 0 0 -0.0701514277 0 0 0 3.00117447 -3.14159265 3.14159265
1687940901.87668705 -10.7618638 -0.856143906 0 0.997613643 0 0 -0.0690436032 0 0 0 3.0033955 -3.14159265 3.14159265
1687940901.97754574 -10.8709515 -0.824981025 0 0.99780904 0 0 -0.0661598044 0 0 0 3.00917632 -3.14159265 3.14159265
1687940902.07842875 -10.9743303 -0.787362521 0 0.997893583 0 0 -0.064872154 0 0 0 3.01175717 -3.14159265 3.14159265
1687940902.17926741 -11.1528753 -0.778741109 0 0.998135163 0 0 -0.0610425753 0 0 0 3.01943156 -3.14159265 3.14159265
1687940902.28012371 -11.3195982 -0.766064839 0 0.998221148 0 0 -0.0596199528 0 0 0 3.02228199 -3.14159265 3.14159265
1687940902.38098168 -11.424228 -0.748378223 0 0.998407522 0 0 -0.0564129466 0 0 0 3.02870683 -3.14159265 3.14159265
1687940902.48184943 -11.5633318 -0.713269664 0 0.998479466 0 0 -0.0551249179 0 0 0 3.0312869 -3.14159265 3.14159265
1687940902.58272696 -11.6910748 -0.68556571 0 0.998630519 0 0 -0.0523171685 0 0 0 3.03691053 -3.14159265 3.14159265
1687940902.68358994 -11.7942389 -0.69970426 0 0.998795199 0 0 -0.0490729077 0 0 0 3.0434074 -3.14159265 3.14159265
1687940902.78443503 -11.8980688 -0.686369481 0 0.998890007 0 0 -0.0471036442 0 0 0 3.04735049 -3.14159265 3.14159265
1687940902.88528013 -12.0494155 -0.672306431 0 0.998815468 0 0 -0.0486586198 0 0 0 3.04423697 -3.14159265 3.14159265
1687940902.98616791 -12.2121275 -0.691223094 0 0.998838673 0 0 -0.0481799238 0 0 0 3.04519549 -3.14159265 3.14159265
1687940903.08699894 -12.3150727 -0.733361023 0 0.998894842 0 0 -0.0470010048 0 0 0 3.047556 -3.14159265 3.14159265
1687940903.18787813 -12.4296902 -0.73660328 0 0.998920778 0 0 -0.046446517 0 0 0 3.04866619 -3.14159265 3.14159265
1687940903.28873444 -12.5359311 -0.76704423 0 0.998939672 0 0 -0.0460383664 0 0 0 3.04948336 -3.14159265 3.14159265
1687940903.38958502 -12.6807197 -0.749614732 0 0.9989073 0 0 -0.0467354867 0 0 0 3.04808762 -3.14159265 3.14159265
1687940903.49045372 -12.7439929 -0.722991258 0 0.998872042 0 0 -0.04748308 0 0 0 3.04659077 -3.14159265 3.14159265
1687940903.59129667 -12.9012469 -0.723647676 0 0.998891097 0 0 -0.0470805295 0 0 0 3.04739677 -3.14159265 3.14159265
1687940903.69215727 -13.0061714 -0.679437332 0 0.99904937 0 0 -0.0435930786 0 0 0 3.05437886 -3.14159265 3.14159265
1687940903.79302454 -13.1109175 -0.71933575 0 0.998909635 0 0 -0.0466855495 0 0 0 3.0481876 -3.14159265 3.14159265
1687940903.8948617 -13.2290686 -0.720195871 0 0.99892441 0 0 -0.0463683478 0 0 0 3.04882269 -3.14159265 3.14159265
1687940903.99477601 -13.3162215 -0.731391814 0 0.99881337 0 0 -0.048701666 0 0 0 3.04415078 -3.14159265 3.14159265
1687940904.09559679 -13.4071433 -0.738871288 0 0.998845257 0 0 -0.0480432294 0 0 0 3.04546919 -3.14159265 3.14159265
1687940904.19647455 -13.4915489 -0.745692038 0 0.998866238 0 0 -0.0476050368 0 0 0 3.04634658 -3.14159265 3.14159265
1687940904.2973299 -13.5879501 -0.756998672 0 0.998880969 0 0 -0.0472949133 0 0 0 3.04696753 -3.14159265 3.14159265
1687940904.39820528 -13.6766011 -0.769509693 0 0.998799725 0 0 -0.0489806968 0 0 0 3.04359205 -3.14159265 3.14159265
1687940904.49905586 -13.7582753 -0.790114265 0 0.998893747 0 0 -0.0470242786 0 0 0 3.0475094 -3.14159265 3.14159265
1687940904.59989333 -13.8323507 -0.80598361 0 0.998908697 0 0 -0.0467056276 0 0 0 3.0481474 -3.14159265 3.14159265
1687940904.70075798 -13.9232126 -0.849432916 0 0.998999378 0 0 -0.0447240758 0 0 0 3.05211466 -3.14159265 3.14159265
1687940904.80161524 -14.0107191 -0.85580553 0 0.998868566 0 0 -0.0475561526 0 0 0 3.04644446 -3.14159265 3.14159265
1687940904.90247202 -14.1476423 -0.85504305 0 0.99886225 0 0 -0.0476886413 0 0 0 3.04617918 -3.14159265 3.14159265
1687940905.00333548 -14.3139032 -0.818153598 0 0.998699126 0 0 -0.0509907423 0 0 0 3.03956692 -3.14159265 3.14159265
1687940905.20506859 -14.5211365 -0.852876463 0 0.998549235 0 0 -0.0538463145 0 0 0 3.03384792 -3.14159265 3.14159265
1687940905.30591106 -14.635366 -0.868823484 0 0.998542565 0 0 -0.0539698585 0 0 0 3.03360047 -3.14159265 3.14159265
1687940905.40679383 -14.7016195 -0.81577873 0 0.998193589 0 0 -0.0600796074 0 0 0 3.02136103 -3.14159265 3.14159265
1687940905.50763607 -14.7725868 -0.86494367 0 0.998235875 0 0 -0.0593728733 0 0 0 3.02277703 -3.14159265 3.14159265
1687940905.60850453 -14.8755786 -0.91461472 0 0.998277393 0 0 -0.0586706546 0 0 0 3.02418392 -3.14159265 3.14159265
1687940905.70937252 -14.9395368 -0.91298446 0 0.998109338 0 0 -0.0614633921 0 0 0 3.01858834 -3.14159265 3.14159265
1687940905.81021214 -15.0156523 -0.886442174 0 0.997992944 0 0 -0.0633252228 0 0 0 3.01485741 -3.14159265 3.14159265
1687940905.91107559 -15.150622 -0.959097861 0 0.99807624 0 0 -0.0619985393 0 0 0 3.017516 -3.14159265 3.14159265
1687940906.11281919 -15.4112006 -1.05455398 0 0.998271456 0 0 -0.0587715858 0 0 0 3.02398171 -3.14159265 3.14159265
1687940906.5162251 -15.4112006 -1.05455398 0 0.998271456 0 0 -0.0587715858 0 0 0 3.02398171 -3.14159265 3.14159265
1687940906.61712074 -15.5443293 -1.0277301 0 0.998324358 0 0 -0.057866026 0 0 0 3.02579592 -3.14159265 3.14159265
1687940907.02052379 -15.5443293 -1.0277301 0 0.998324358 0 0 -0.057866026 0 0 0 3.02579592 -3.14159265 3.14159265
1687940907.12142491 -15.5443293 -1.0277301 0 0.998324358 0 0 -0.057866026 0 0 0 3.02579592 -3.14159265 3.14159265
1687940907.2222414 -15.7117771 -1.04418023 0 0.998306166 0 0 -0.0581790186 0 0 0 3.02516887 -3.14159265 3.14159265
1687940907.32312059 -15.7988886 -1.06027652 0 0.998328659 0 0 -0.0577917738 0 0 0 3.02594467 -3.14159265 3.14159265
1687940907.42397332 -15.9628593 -1.0182685 0 0.998345377 0 0 -0.0575022445 0 0 0 3.02652469 -3.14159265 3.14159265
1687940907.52486753 -16.0633599 -1.03587459 0 0.998402054 0 0 -0.0565096269 0 0 0 3.02851316 -3.14159265 3.14159265
1687940907.62569451 -16.1693393 -1.00158371 0 0.998399267 0 0 -0.0565588593 0 0 0 3.02841454 -3.14159265 3.14159265
1687940907.72654057 -16.2932628 -0.996012253 0 0.998593584 0 0 -0.0530174872 0 0 0 3.03550794 -3.14159265 3.14159265
1687940907.82739925 -16.3985025 -0.947558244 0 0.998656939 0 0 -0.0518104059 0 0 0 3.03792543 -3.14159265 3.14159265
1687940907.92830491 -16.4781352 -0.944215886 0 0.9988284 0 0 -0.0483924319 0 0 0 3.04476997 -3.14159265 3.14159265
1687940908.02913523 -16.6290984 -0.919721947 0 0.998903974 0 0 -0.0468065259 0 0 0 3.04794539 -3.14159265 3.14159265
1687940908.12997794 -16.7654297 -0.878490414 0 0.998956773 0 0 -0.0456657998 0 0 0 3.05022928 -3.14159265 3.14159265
1687940908.23083639 -16.9089489 -0.884247472 0 0.999021909 0 0 -0.0442179244 0 0 0 3.05312796 -3.14159265 3.14159265
1687940908.33171797 -17.0411221 -0.861968106 0 0.999112362 0 0 -0.0421246695 0 0 0 3.05731838 -3.14159265 3.14159265
1687940908.4325614 -17.1715502 -0.872064582 0 0.999171924 0 0 -0.0406874316 0 0 0 3.06019532 -3.14159265 3.14159265
1687940908.53341556 -17.3028343 -0.823961505 0 0.99925182 0 0 -0.0386755852 0 0 0 3.06422219 -3.14159265 3.14159265
1687940908.63430643 -17.4360422 -0.792112201 0 0.999356233 0 0 -0.0358764555 0 0 0 3.06982434 -3.14159265 3.14159265
1687940908.73513937 -17.5648661 -0.775634342 0 0.999454909 0 0 -0.0330134123 0 0 0 3.07555383 -3.14159265 3.14159265
1687940908.83600855 -17.676314 -0.728289606 0 0.999556194 0 0 -0.0297895049 0 0 0 3.08200483 -3.14159265 3.14159265
1687940908.93686199 -17.8397539 -0.702991882 0 0.999604165 0 0 -0.0281338523 0 0 0 3.08531752 -3.14159265 3.14159265
1687940909.03771448 -17.9770724 -0.677766962 0 0.999646643 0 0 -0.0265817603 0 0 0 3.08842287 -3.14159265 3.14159265
1687940909.13857746 -18.1037504 -0.665622925 0 0.999703386 0 0 -0.0243544757 0 0 0 3.09287889 -3.14159265 3.14159265
1687940909.23943806 -18.2588349 -0.629889821 0 0.999719255 0 0 -0.0236941292 0 0 0 3.09419996 -3.14159265 3.14159265
1687940909.34032488 -18.3642158 -0.631483763 0 0.999739636 0 0 -0.0228179711 0 0 0 3.09595275 -3.14159265 3.14159265
1687940909.44115257 -18.4653844 -0.609806961 0 0.999801206 0 0 -0.0199386224 0 0 0 3.10171277 -3.14159265 3.14159265
1687940909.54201698 -18.6000809 -0.603624562 0 0.999831268 0 0 -0.0183694383 0 0 0 3.10485171 -3.14159265 3.14159265
1687940909.64290166 -18.7311548 -0.564645881 0 0.999853143 0 0 -0.0171374758 0 0 0 3.10731602 -3.14159265 3.14159265
1687940909.74375701 -18.8652482 -0.534676306 0 0.999892228 0 0 -0.0146810253 0 0 0 3.11222955 -3.14159265 3.14159265
1687940909.84459257 -19.0022296 -0.505443957 0 0.99992944 0 0 -0.0118791632 0 0 0 3.11783377 -3.14159265 3.14159265
1687940909.9454608 -19.1280589 -0.482196037 0 0.999958541 0 0 -0.00910587978 0 0 0 3.12338064 -3.14159265 3.14159265
1687940910.04632568 -19.2686578 -0.434809313 0 0.999971969 0 0 -0.00748744603 0 0 0 3.12661762 -3.14159265 3.14159265
1687940910.14720082 -19.3866483 -0.429511025 0 0.999985252 0 0 -0.00543108564 0 0 0 3.13073043 -3.14159265 3.14159265
1687940910.24803019 -19.5274131 -0.391175247 0 0.999990679 0 0 -0.00431766078 0 0 0 3.13295731 -3.14159265 3.14159265
1687940910.34890079 -19.6452915 -0.381949829 0 0.999997937 0 0 -0.00203138723 0 0 0 3.13752988 -3.14159265 3.14159265
1687940910.44976568 -19.745468 -0.364215149 0 0.999999979 0 0 -0.000204368659 0 0 0 3.14118392 -3.14159265 3.14159265
1687940910.55063725 -19.8736692 -0.357987877 0 0.999998521 0 0 0.00172000063 0 0 0 0.00344000296 -0 0
1687940910.65149117 -20.0232547 -0.325476985 0 0.999998061 0 0 0.00196921518 0 0 0 0.00393843291 -0 0
1687940910.75235319 -20.1628356 -0.320753043 0 0.999991522 0 0 0.0041177955 0 0 0 0.00823561428 -0 0
1687940910.85318971 -20.2976913 -0.306084909 0 0.999988823 0 0 0.00472804959 0 0 0 0.0094561344 -0 0
1687940910.95407414 -20.4212044 -0.297453118 0 0.999967245 0 0 0.00809373602 0 0 0 0.0161876488 -0 0
1687940911.0549264 -20.5562536 -0.261965613 0 0.999937936 0 0 0.0111411154 0 0 0 0.0222826918 -0 0
1687940911.15580559 -20.7106637 -0.236629099 0 0.999913765 0 0 0.0131324651 0 0 0 0.0262656852 -0 0
1687940911.25662422 -20.85146 -0.219724177 0 0.999877813 0 0 0.0156319572 0 0 0 0.0312651878 -0 0
1687940911.35748434 -20.9994554 -0.211177674 0 0.999832212 0 0 0.018317951 0 0 0 0.0366379512 -0 0
1687940911.45834851 -21.1235247 -0.191958057 0 0.999789573 0 0 0.0205136482 0 0 0 0.0410301745 -0 0
1687940911.55920792 -21.2806268 -0.177363523 0 0.999724705 0 0 0.0234630504 0 0 0 0.0469304075 -0 0
1687940911.66010976 -21.4436627 -0.125016041 0 0.999723614 0 0 0.0235094726 0 0 0 0.0470232774 -0 0
1687940911.76092196 -21.5733626 -0.0912325599 0 0.999692949 0 0 0.0247791955 0 0 0 0.049563464 -0 0
1687940911.8617816 -21.7415027 -0.0967349576 0 0.999645372 0 0 0.0266295103 0 0 0 0.0532653172 -0 0
1687940911.96264195 -21.8861587 -0.0717789938 0 0.999656885 0 0 0.0261937291 0 0 0 0.0523934507 -0 0
1687940912.06350851 -21.9909064 -0.0852693699 0 0.999662677 0 0 0.025971741 0 0 0 0.0519493234 -0 0
1687940912.16436338 -22.1288557 -0.107807972 0 0.999675795 0 0 0.025461827 0 0 0 0.0509291579 -0 0
1687940912.26521826 -22.2998423 -0.104832512 0 0.999718066 0 0 0.0237442205 0 0 0 0.0474929043 -0 0
1687940912.36608028 -22.4321376 -0.130933158 0 0.999702251 0 0 0.0244010313 0 0 0 0.0488069067 -0 0
1687940912.46694803 -22.5473989 -0.170351026 0 0.999712825 0 0 0.0239638967 0 0 0 0.0479323819 -0 0
1687940912.5678885 -22.6959799 -0.175970395 0 0.999753733 0 0 0.0221917296 0 0 0 0.044387103 -0 0
1687940912.66865778 -22.8486463 -0.203985607 0 0.999768785 0 0 0.0215029647 0 0 0 0.0430092443 -0 0
1687940912.76952672 -22.9955624 -0.180101921 0 0.999803021 0 0 0.019847391 0 0 0 0.0396973886 -0 0
1687940912.87038827 -23.1173178 -0.209423502 0 0.999782833 0 0 0.0208395411 0 0 0 0.0416820997 -0 0
1687940912.97124195 -23.2732717 -0.206177063 0 0.99979123 0 0 0.0204327412 0 0 0 0.0408683265 -0 0
1687940913.07209516 -23.4038381 -0.188125001 0 0.999830702 0 0 0.0184002141 0 0 0 0.0368025051 -0 0
1687940913.17296934 -23.5446397 -0.181260434 0 0.999857723 0 0 0.016868138 0 0 0 0.033737876 -0 0
1687940913.27385521 -23.6807634 -0.195639862 0 0.999882199 0 0 0.0153488649 0 0 0 0.0306989352 -0 0
1687940913.37469769 -23.8249322 -0.214143016 0 0.999881261 0 0 0.0154098568 0 0 0 0.0308209336 -0 0
1687940913.47553635 -23.9674939 -0.207806274 0 0.999895709 0 0 0.0144420108 0 0 0 0.0288850259 -0 0
1687940913.57640958 -24.0987672 -0.231295353 0 0.99987262 0 0 0.0159606834 0 0 0 0.0319227222 -0 0
1687940913.67726183 -24.2548324 -0.219772684 0 0.999868725 0 0 0.016202869 0 0 0 0.032407156 -0 0
1687940913.77812219 -24.399062 -0.218919729 0 0.999855469 0 0 0.0170012097 0 0 0 0.0340040576 -0 0
1687940913.87900972 -24.5325436 -0.238298766 0 0.999845426 0 0 0.0175818993 0 0 0 0.0351656105 -0 0
1687940913.9798317 -24.6846438 -0.229622868 0 0.999829302 0 0 0.0184761279 0 0 0 0.0369543586 -0 0
1687940914.08071351 -24.8288161 -0.231650947 0 0.999817857 0 0 0.0190854315 0 0 0 0.0381731806 -0 0
1687940914.18155575 -24.9420108 -0.19513255 0 0.999819447 0 0 0.019001938 0 0 0 0.0380061634 -0 0
1687940914.28241253 -25.0622131 -0.187738007 0 0.999795127 0 0 0.0202411524 0 0 0 0.0404850695 -0 0
1687940914.38329959 -25.2058619 -0.177155074 0 0.999780648 0 0 0.02094412 0 0 0 0.0418913031 -0 0
1687940914.48417377 -25.3348415 -0.191605807 0 0.999787485 0 0 0.0206151576 0 0 0 0.0412332361 -0 0
1687940914.68585157 -25.5967662 -0.193769832 0 0.999768772 0 0 0.021503558 0 0 0 0.043010431 -0 0
1687940914.78671241 -25.7228628 -0.203796663 0 0.999742776 0 0 0.0226799895 0 0 0 0.0453638686 -0 0
1687940914.88758993 -25.858326 -0.220932283 0 0.999700112 0 0 0.0244884743 0 0 0 0.048981845 -0 0
1687940914.98845387 -25.9739717 -0.203426984 0 0.999622361 0 0 0.02747972 0 0 0 0.0549663594 -0 0
1687940915.08930254 -26.1022484 -0.187443117 0 0.999535009 0 0 0.0304920635 0 0 0 0.0609935811 -0 0
1687940915.19016171 -26.2297617 -0.149129653 0 0.99943485 0 0 0.0336151746 0 0 0 0.0672430171 -0 0
1687940915.29100657 -26.3459632 -0.116029861 0 0.999379908 0 0 0.0352107925 0 0 0 0.0704361445 -0 0
1687940915.39189458 -26.4828879 -0.102511342 0 0.999302982 0 0 0.0373302716 0 0 0 0.0746778945 -0 0
1687940915.49274278 -26.5907288 -0.0792658191 0 0.999226103 0 0 0.0393344086 0 0 0 0.0786891174 -0 0
1687940915.59358501 -26.7402053 -0.0595417739 0 0.999168825 0 0 0.0407634499 0 0 0 0.0815494949 -0 0
1687940915.69446039 -26.8355797 -0.0579086502 0 0.99916343 0 0 0.0408954772 0 0 0 0.08181377 -0 0
1687940915.79530835 -26.9683593 -0.0567127999 0 0.999095316 0 0 0.0425270547 0 0 0 0.0850797677 -0 0
1687940915.89619064 -27.082806 -0.0638064446 0 0.999047571 0 0 0.0436342961 0 0 0 0.0872963084 -0 0
1687940915.99704051 -27.2077425 -0.0630888749 0 0.999021294 0 0 0.0442318197 0 0 0 0.0884925106 -0 0
1687940916.09790754 -27.3433679 -0.0823845036 0 0.998980087 0 0 0.0451529227 0 0 0 0.0903365594 -0 0
1687940916.19875431 -27.4673072 -0.0685841503 0 0.999005999 0 0 0.0445759445 0 0 0 0.0891814397 -0 0
1687940916.29961252 -27.5879546 -0.0635654908 0 0.999009415 0 0 0.0444993184 0 0 0 0.0890280353 -0 0
1687940916.40046263 -27.7416923 -0.0717875112 0 0.998999977 0 0 0.0447106889 0 0 0 0.0894511975 -0 0
1687940916.50132084 -27.8905794 -0.0828080321 0 0.998992945 0 0 0.0448675318 0 0 0 0.0897651985 -0 0
1687940916.60218811 -28.0052817 -0.0788650107 0 0.9990604 0 0 0.0433395619 0 0 0 0.0867062819 -0 0
1687940916.70304894 -28.1251772 -0.0628377986 0 0.999142399 0 0 0.0414061054 0 0 0 0.0828358923 -0 0
1687940916.80391598 -28.2733274 -0.0766063 0 0.999183296 0 0 0.0404071845 0 0 0 0.0808363767 -0 0
1687940916.90476012 -28.3931404 -0.0736117989 0 0.99923849 0 0 0.0390184477 0 0 0 0.07805671 -0 0
1687940917.00562477 -28.5289719 -0.053904549 0 0.999241922 0 0 0.0389304554 0 0 0 0.0778805917 -0 0
1687940917.1064868 -28.6665209 -0.0380311027 0 0.999236285 0 0 0.0390748745 0 0 0 0.0781696498 -0 0
1687940917.20735455 -28.8326851 -0.0256716189 0 0.999172745 0 0 0.0406672516 0 0 0 0.0813569388 -0 0
1687940917.30819774 -28.9707106 -0.00189033224 0 0.999152559 0 0 0.041160227 0 0 0 0.0823437159 -0 0
1687940917.4090867 -29.0925915 -0.0157590518 0 0.999140746 0 0 0.0414459964 0 0 0 0.0829157427 -0 0
1687940917.50993013 -29.3006221 -0.0401943375 0 0.999198398 0 0 0.0400320143 0 0 0 0.0800854287 -0 0
1687940917.61077738 -29.4254401 -0.0575309938 0 0.999241114 0 0 0.0389512066 0 0 0 0.0779221255 -0 0
1687940917.71163607 -29.5968722 -0.0918571193 0 0.999274289 0 0 0.0380906281 0 0 0 0.0761996901 -0 0
1687940917.81252027 -29.768226 -0.118955221 0 0.999371837 0 0 0.0354391187 0 0 0 0.0708930822 -0 0
1687940918.01424217 -30.0192984 -0.161153355 0 0.999500707 0 0 0.0315964672 0 0 0 0.0632034539 -0 0
1687940918.11510611 -30.1329571 -0.170156543 0 0.99958609 0 0 0.0287688698 0 0 0 0.0575456794 -0 0
1687940918.21594596 -30.2668545 -0.152118477 0 0.999675089 0 0 0.0254895459 0 0 0 0.0509846138 -0 0
1687940918.31682396 -30.3878824 -0.169057283 0 0.999690696 0 0 0.0248699181 0 0 0 0.0497449651 -0 0
1687940918.41766715 -30.4940346 -0.176638455 0 0.999726377 0 0 0.0233917014 0 0 0 0.0467876702 -0 0
1687940918.51851511 -30.5831516 -0.188310168 0 0.999768675 0 0 0.0215080639 0 0 0 0.0430194451 -0 0
1687940918.61937881 -30.7306437 -0.206206214 0 0.999814484 0 0 0.0192613077 0 0 0 0.0385249978 -0 0
1687940918.72026491 -30.9005129 -0.20076519 0 0.999875151 0 0 0.0158013199 0 0 0 0.0316039551 -0 0
1687940918.8211062 -31.0170531 -0.247792275 0 0.999870472 0 0 0.01609469 0 0 0 0.0321907698 -0 0
1687940918.92198467 -31.1852155 -0.291074667 0 0.999898708 0 0 0.0142328529 0 0 0 0.0284666669 -0 0
1687940919.02281237 -31.3042793 -0.291204736 0 0.99993209 0 0 0.0116539883 0 0 0 0.0233085042 -0 0
1687940919.12367702 -31.4358506 -0.322912897 0 0.999951238 0 0 0.00987530957 0 0 0 0.0197509402 -0 0
1687940919.22454405 -31.5494041 -0.343257343 0 0.999968196 0 0 0.00797535349 0 0 0 0.0159508761 -0 0
1687940919.32542419 -31.6349337 -0.382402182 0 0.99997503 0 0 0.00706684252 0 0 0 0.0141338027 -0 0
1687940919.42625356 -31.7664817 -0.407683445 0 0.999985869 0 0 0.00531610662 0 0 0 0.0106322633 -0 0
1687940919.52711487 -31.9146774 -0.415166954 0 0.999999422 0 0 0.00107496615 0 0 0 0.00214993272 -0 0
1687940919.62797737 -32.0065024 -0.442585115 0 0.999999344 0 0 0.00114565264 0 0 0 0.00229130579 -0 0
1687940919.7288444 -32.1549213 -0.449917452 0 0.99999883 0 0 -0.00152970674 0 0 0 3.13853324 -3.14159265 3.14159265
1687940919.82969952 -32.2697383 -0.44870018 0 0.999998418 0 0 -0.00177874744 0 0 0 3.13803516 -3.14159265 3.14159265
1687940919.93056583 -32.3612276 -0.447062667 0 0.999999893 0 0 -0.00046256163 0 0 0 3.14066753 -3.14159265 3.14159265
1687940920.03145027 -32.4320325 -0.430499707 0 0.999999956 0 0 0.000296920004 0 0 0 0.000593840017 -0 0
1687940920.13226819 -32.5250507 -0.408644124 0 0.999999997 0 0 -7.20222835e-05 0 0 0 3.14144861 -3.14159265 3.14159265
1687940920.23316431 -32.6481598 -0.406676176 0 0.999999988 0 0 0.000154508249 0 0 0 0.0003090165 -0 0
1687940920.33400893 -32.7522054 -0.397008274 0 0.999999868 0 0 0.000512936601 0 0 0 0.00102587325 -0 0
1687940920.43486118 -32.8783961 -0.3735496 0 0.999999786 0 0 0.000653999025 0 0 0 0.00130799814 -0 0
1687940920.53570652 -32.9559606 -0.385678461 0 0.999997219 0 0 0.00235853145 0 0 0 0.00471706728 -0 0
1687940920.63656521 -33.0778974 -0.356905033 0 0.999997805 0 0 0.00209525985 0 0 0 0.00419052276 -0 0
1687940920.73746252 -33.1563649 -0.3550773 0 0.999995638 0 0 0.00295348516 0 0 0 0.00590697891 -0 0
1687940920.83829641 -33.2698546 -0.332186488 0 0.999997802 0 0 0.00209688979 0 0 0 0.00419378266 -0 0
1687940920.93915892 -33.3535611 -0.328547213 0 0.999999428 0 0 0.00106959613 0 0 0 0.00213919267 -0 0
1687940921.04000139 -33.4560833 -0.318007014 0 0.999999882 0 0 0.000485196019 0 0 0 0.000970392075 -0 0
1687940921.14089227 -33.5415328 -0.313111411 0 0.999999885 0 0 -0.00047939985 0 0 0 3.14063385 -3.14159265 3.14159265
1687940921.24175024 -33.6543764 -0.306376352 0 0.999999891 0 0 0.000467211059 0 0 0 0.000934422152 -0 0
1687940921.34260941 -33.7407431 -0.29563827 0 0.999999926 0 0 -0.000383949275 0 0 0 3.14082476 -3.14159265 3.14159265
1687940921.44344616 -33.8394169 -0.274397812 0 0.999999983 0 0 0.000185697062 0 0 0 0.000371394127 -0 0
1687940921.54432511 -33.9394135 -0.269656318 0 0.999999567 0 0 0.00093020441 0 0 0 0.00186040909 -0 0
1687940921.64518785 -34.0340613 -0.280275146 0 0.999998512 0 0 0.00172493246 0 0 0 0.00344986663 -0 0
1687940921.74603653 -34.1334851 -0.267624429 0 0.999997699 0 0 0.00214533122 0 0 0 0.00429066573 -0 0
1687940921.84689474 -34.2344195 -0.257690617 0 0.999997326 0 0 0.00231268671 0 0 0 0.00462537755 -0 0
1687940921.94774103 -34.3320555 -0.248890596 0 0.999995969 0 0 0.00283949816 0 0 0 0.00567900395 -0 0
1687940922.04861879 -34.4300762 -0.242494177 0 0.999994954 0 0 0.00317663205 0 0 0 0.00635327479 -0 0
1687940922.14945698 -34.5332741 -0.233443093 0 0.999994018 0 0 0.00345887816 0 0 0 0.00691777011 -0 0
1687940922.25031805 -34.6316664 -0.224783844 0 0.999992998 0 0 0.0037421706 0 0 0 0.00748435867 -0 0
1687940922.35118008 -34.7423531 -0.211361601 0 0.99999267 0 0 0.00382895981 0 0 0 0.00765793833 -0 0
1687940922.45205212 -34.8007259 -0.209293759 0 0.99998813 0 0 0.00487245197 0 0 0 0.00974494251 -0 0
1687940922.55484915 -34.9217434 -0.199635599 0 0.999978635 0 0 0.00653679913 0 0 0 0.0130736914 -0 0
1687940922.65375662 -35.0414209 -0.173248402 0 0.999971487 0 0 0.00755148281 0 0 0 0.0151031092 -0 0
1687940922.75463438 -35.1423824 -0.159833335 0 0.999954102 0 0 0.00958094839 0 0 0 0.0191621899 -0 0
1687940922.85549903 -35.2508211 -0.138860072 0 0.999937962 0 0 0.0111387993 0 0 0 0.0222780593 -0 0
1687940922.95634747 -35.3597882 -0.112851732 0 0.999911121 0 0 0.0133323234 0 0 0 0.0266654369 -0 0
1687940923.05719805 -35.4409607 -0.104735742 0 0.999867153 0 0 0.0162995718 0 0 0 0.0326005872 -0 0
1687940923.15808296 -35.570075 -0.0670326321 0 0.999833508 0 0 0.0182470944 0 0 0 0.0364962142 -0 0
1687940923.25891829 -35.6751391 -0.0404298059 0 0.999762479 0 0 0.0217941862 0 0 0 0.0435918238 -0 0
1687940923.3597908 -35.7952065 -0.0116218198 0 0.999733504 0 0 0.0230851007 0 0 0 0.0461743033 -0 0
1687940923.46063185 -35.901774 0.0116929821 0 0.999663977 0 0 0.0259216593 0 0 0 0.0518491263 -0 0
1687940923.56151485 -36.0091906 0.0249015348 0 0.999624842 0 0 0.0273893229 0 0 0 0.054785497 -0 0
1687940923.66236115 -36.1399487 0.0543883596 0 0.999602666 0 0 0.0281870683 0 0 0 0.0563816042 -0 0
1687940923.76322484 -36.2297798 0.0727956175 0 0.999585291 0 0 0.0287966462 0 0 0 0.0576012553 -0 0
1687940923.86410093 -36.3489574 0.0869775582 0 0.999582514 0 0 0.0288928613 0 0 0 0.0577937655 -0 0
1687940923.9649334 -36.4912328 0.098271309 0 0.99957758 0 0 0.029063075 0 0 0 0.0581343359 -0 0
1687940924.0658164 -36.6155992 0.100327565 0 0.999553596 0 0 0.0298765696 0 0 0 0.0597620321 -0 0
1687940924.16666269 -36.7046168 0.114385334 0 0.999563413 0 0 0.0295462916 0 0 0 0.0591011843 -0 0
1687940924.26750898 -36.8198521 0.105977889 0 0.999535289 0 0 0.0304828835 0 0 0 0.0609752127 -0 0
1687940924.36837149 -36.9326368 0.118877963 0 0.999571008 0 0 0.0292882139 0 0 0 0.0585848056 -0 0
1687940924.46926737 -37.0766396 0.106410393 0 0.999543685 0 0 0.0302063087 0 0 0 0.0604218082 -0 0
1687940924.57010937 -37.1842859 0.100687386 0 0.999583162 0 0 0.0288704269 0 0 0 0.0577488781 -0 0
1687940924.67095089 -37.3280209 0.0823257076 0 0.999594552 0 0 0.0284733502 0 0 0 0.0569543979 -0 0
1687940924.77180719 -37.485638 0.0708430507 0 0.999613888 0 0 0.0277862489 0 0 0 0.0555796512 -0 0
1687940924.87269068 -37.6174907 0.0646371425 0 0.999647072 0 0 0.0265656 0 0 0 0.0531374515 -0 0
1687940924.97353101 -37.7391788 0.0413620421 0 0.999637787 0 0 0.0269127095 0 0 0 0.0538319187 -0 0
1687940925.07439995 -37.8409789 0.0385223254 0 0.999623355 0 0 0.0274435536 0 0 0 0.0548939992 -0 0
1687940925.17524576 -37.9690998 0.0324816402 0 0.999630265 0 0 0.0271906808 0 0 0 0.0543880648 -0 0
1687940925.27615404 -38.0838319 0.0228618189 0 0.999668694 0 0 0.0257391083 0 0 0 0.0514839023 -0 0
1687940925.37697124 -38.2158943 0.0112982742 0 0.999710522 0 0 0.0240597664 0 0 0 0.0481241765 -0 0
1687940925.47782397 -38.3468697 0.00533359287 0 0.999765604 0 0 0.0216503173 0 0 0 0.043304018 -0 0
1687940925.57868242 -38.473138 -0.0224094735 0 0.999784678 0 0 0.0207508468 0 0 0 0.0415046725 -0 0
1687940925.67955303 -38.6028094 -0.0590014585 0 0.99983718 0 0 0.018044744 0 0 0 0.0360914469 -0 0
1687940925.78041887 -38.7286424 -0.0806094143 0 0.999891379 0 0 0.0147387524 0 0 0 0.0294785721 -0 0
1687940925.88128066 -38.8609085 -0.105297976 0 0.999942969 0 0 0.0106797974 0 0 0 0.0213600009 -0 0
1687940925.98215437 -38.9640826 -0.16373761 0 0.999977227 0 0 0.00674877133 0 0 0 0.0134976451 -0 0
1687940926.08298802 -39.0848122 -0.189236667 0 0.999992743 0 0 0.00380967666 0 0 0 0.00761937174 -0 0
1687940926.18387127 -39.2475057 -0.217840918 0 0.999997706 0 0 0.00214172828 0 0 0 0.00428345984 -0 0
1687940926.28470755 -39.3677173 -0.24578184 0 0.999994753 0 0 0.00323934177 0 0 0 0.00647869488 -0 0
1687940926.38556004 -39.4824453 -0.257960442 0 0.999997061 0 0 0.00242461157 0 0 0 0.0048492279 -0 0
1687940926.48642659 -39.5934472 -0.289907573 0 0.999995623 0 0 0.00295854753 0 0 0 0.00591710369 -0 0
1687940926.5872879 -39.7387766 -0.30216614 0 0.999997971 0 0 0.00201457156 0 0 0 0.00402914585 -0 0
1687940926.68814135 -39.8768706 -0.287879828 0 0.999999852 0 0 0.000544375828 0 0 0 0.00108875171 -0 0
1687940926.78900433 -39.998548 -0.280260951 0 0.999999841 0 0 -0.000564214997 0 0 0 3.14046422 -3.14159265 3.14159265
1687940926.88988304 -40.1658374 -0.302933747 0 0.999998834 0 0 0.00152707056 0 0 0 0.00305414231 -0 0
1687940926.99072504 -40.2960632 -0.276806413 0 0.999996846 0 0 0.00251169231 0 0 0 0.00502338991 -0 0
1687940927.09159088 -40.4254082 -0.278523132 0 0.999993328 0 0 0.00365303021 0 0 0 0.00730607666 -0 0
1687940927.19245172 -40.5745682 -0.266289585 0 0.999992203 0 0 0.00394881785 0 0 0 0.00789765623 -0 0
1687940927.29329395 -40.6641029 -0.256286694 0 0.999991398 0 0 0.00414786493 0 0 0 0.00829575365 -0 0
1687940927.39416695 -40.8026192 -0.240701802 0 0.999993199 0 0 0.00368796409 0 0 0 0.00737594491 -0 0
1687940927.49502587 -40.940548 -0.240935823 0 0.999991748 0 0 0.00406256659 0 0 0 0.00812515552 -0 0
1687940927.59588766 -41.0756695 -0.248346494 0 0.999991716 0 0 0.00407025173 0 0 0 0.00814052594 -0 0
1687940927.69676328 -41.1804689 -0.245681049 0 0.999987577 0 0 0.00498460762 0 0 0 0.00996925652 -0 0
1687940927.79762435 -41.346882 -0.208491858 0 0.999987842 0 0 0.00493104549 0 0 0 0.00986213094 -0 0
1687940927.898458 -41.4559754 -0.203985648 0 0.99998362 0 0 0.00572364818 0 0 0 0.0114473589 -0 0
1687940927.99931192 -41.5841692 -0.209757117 0 0.999975932 0 0 0.00693791839 0 0 0 0.0138759481 -0 0
1687940928.10020781 -41.7399541 -0.216513692 0 0.999974054 0 0 0.00720357224 0 0 0 0.0144072691 -0 0
1687940928.20105219 -41.866428 -0.235826722 0 0.999914352 0 0 0.0130877384 0 0 0 0.0261762241 -0 0
1687940928.30189848 -42.0002737 -0.210870587 0 0.999834982 0 0 0.0181661644 0 0 0 0.0363343274 -0 0
1687940928.40276814 -42.1438196 -0.127823496 0 0.999752482 0 0 0.0222480209 0 0 0 0.0444997134 -0 0
1687940928.50361109 -42.2525142 -0.0997783765 0 0.999489401 0 0 0.031952117 0 0 0 0.0639151128 -0 0
1687940928.60486054 -42.4305509 -0.0379598025 0 0.999239045 0 0 0.0390042353 0 0 0 0.0780282636 -0 0
1687940928.70533991 -42.5539691 0.0320366244 0 0.998989417 0 0 0.0449460243 0 0 0 0.089922342 -0 0
1687940928.80618978 -42.6736087 0.0932904269 0 0.998762463 0 0 0.0497347142 0 0 0 0.099510481 -0 0
1687940928.90708494 -42.8065404 0.149402113 0 0.998465171 0 0 0.0553832273 0 0 0 0.110823159 -0 0
1687940929.00792789 -42.9378402 0.196107002 0 0.998163878 0 0 0.0605712253 0 0 0 0.121216649 -0 0
1687940929.10876799 -43.0690253 0.236627194 0 0.997873662 0 0 0.0651778702 0 0 0 0.130448212 -0 0
1687940929.2096262 -43.1948314 0.288008672 0 0.997584687 0 0 0.0694607305 0 0 0 0.139033415 -0 0
1687940929.31051493 -43.3025818 0.322069169 0 0.997161783 0 0 0.0752886402 0 0 0 0.150719899 -0 0
1687940929.41136432 -43.4383265 0.341527749 0 0.996757258 0 0 0.0804671885 0 0 0 0.161108559 -0 0
1687940929.51221275 -43.5735541 0.410057726 0 0.996397257 0 0 0.0848086463 0 0 0 0.169821282 -0 0
1687940929.61309767 -43.7006273 0.442123676 0 0.996119114 0 0 0.088015406 0 0 0 0.176258885 -0 0
1687940929.71392345 -43.8097068 0.472896745 0 0.996012661 0 0 0.0892119951 0 0 0 0.178661515 -0 0
1687940929.81481242 -43.9586154 0.497766807 0 0.996027793 0 0 0.0890428913 0 0 0 0.178321956 -0 0
1687940929.91564631 -44.0619257 0.508475777 0 0.996119833 0 0 0.0880072608 0 0 0 0.176242531 -0 0
1687940930.01650643 -44.1954806 0.498018933 0 0.99624972 0 0 0.0865245335 0 0 0 0.17326572 -0 0
1687940930.11736441 -44.3186463 0.504853873 0 0.996601846 0 0 0.0823696565 0 0 0 0.16492617 -0 0
1687940930.21822691 -44.4575977 0.49462983 0 0.996776145 0 0 0.0802328894 0 0 0 0.160638441 -0 0
1687940930.31910491 -44.5942431 0.48619233 0 0.996927534 0 0 0.0783293859 0 0 0 0.156819412 -0 0
1687940930.41995502 -44.7334695 0.456680171 0 0.996981789 0 0 0.0776357654 0 0 0 0.155427934 -0 0
1687940930.52083111 -44.8820278 0.448191122 0 0.997084165 0 0 0.0763096906 0 0 0 0.152767892 -0 0
1687940930.6216712 -45.0144321 0.433367421 0 0.997108401 0 0 0.0759923523 0 0 0 0.152131367 -0 0
1687940930.72254443 -45.1415296 0.469342423 0 0.997231175 0 0 0.0743638624 0 0 0 0.148865144 -0 0
1687940930.82340717 -45.283545 0.478456973 0 0.997242345 0 0 0.0742139099 0 0 0 0.148564408 -0 0
1687940930.92426896 -45.4189873 0.519795764 0 0.997354494 0 0 0.0726912239 0 0 0 0.145510787 -0 0
1687940931.02509785 -45.5752452 0.49645399 0 0.997384389 0 0 0.0722798775 0 0 0 0.144685924 -0 0
1687940931.1259706 -45.708463 0.500047691 0 0.997495801 0 0 0.0707257221 0 0 0 0.141569637 -0 0
1687940931.22776556 -45.8359451 0.503560436 0 0.997663315 0 0 0.068322107 0 0 0 0.136750745 -0 0
1687940931.32767963 -45.9839133 0.497730078 0 0.997812734 0 0 0.0661040625 0 0 0 0.132304601 -0 0
1687940931.42856073 -46.0999915 0.48245866 0 0.997934691 0 0 0.064236695 0 0 0 0.128561909 -0 0
1687940931.52942991 -46.1966988 0.444910374 0 0.997956713 0 0 0.0638936596 0 0 0 0.127874426 -0 0
1687940931.63026714 -46.3280806 0.444719408 0 0.998002246 0 0 0.0631784473 0 0 0 0.126441105 -0 0
1687940931.73111677 -46.4491004 0.451544599 0 0.997952509 0 0 0.0639592856 0 0 0 0.128005947 -0 0
1687940931.83199072 -46.5938734 0.457283288 0 0.997929176 0 0 0.0643223072 0 0 0 0.128733488 -0 0
1687940931.93286419 -46.7187612 0.458256428 0 0.997872199 0 0 0.0652002716 0 0 0 0.130493111 -0 0
1687940932.03373361 -46.8601713 0.451012633 0 0.997836808 0 0 0.0657396723 0 0 0 0.131574232 -0 0
1687940932.13455629 -46.9974085 0.431521489 0 0.997876139 0 0 0.0651399392 0 0 0 0.130372189 -0 0
1687940932.23541594 -47.1213025 0.388544209 0 0.99790613 0 0 0.0646788603 0 0 0 0.129448082 -0 0
1687940932.33629656 -47.2626531 0.364536682 0 0.997963977 0 0 0.0637800962 0 0 0 0.127646835 -0 0
1687940932.43714285 -47.3916352 0.330810713 0 0.99799763 0 0 0.0632513227 0 0 0 0.126587148 -0 0
1687940932.53800583 -47.5630545 0.338861329 0 0.998109188 0 0 0.0614658318 0 0 0 0.123009202 -0 0
1687940932.63885736 -47.6671182 0.324982398 0 0.998166166 0 0 0.0605334997 0 0 0 0.121141059 -0 0
1687940932.73973703 -47.8213779 0.316339378 0 0.998260507 0 0 0.0589572787 0 0 0 0.117982975 -0 0
1687940932.84058595 -47.945239 0.298643548 0 0.998393066 0 0 0.0566682085 0 0 0 0.113397164 -0 0
1687940932.94143152 -48.0895162 0.276714579 0 0.99854355 0 0 0.0539516286 0 0 0 0.107955673 -0 0
1687940933.04232454 -48.1904885 0.265335554 0 0.998831876 0 0 0.0483206348 0 0 0 0.0966789169 -0 0
1687940933.14318609 -48.352486 0.155673966 0 0.998839656 0 0 0.0481595471 0 0 0 0.0963563659 -0 0
1687940933.24401665 -48.4930362 0.121976614 0 0.998983559 0 0 0.0450760396 0 0 0 0.0901826365 -0 0
1687940933.34491062 -48.6218452 0.0840373715 0 0.999104976 0 0 0.0422994938 0 0 0 0.0846242359 -0 0
1687940933.44574356 -48.7460012 0.0253309197 0 0.999221797 0 0 0.0394436382 0 0 0 0.0789077462 -0 0
1687940933.54660463 -48.8598234 -0.0249002704 0 0.99938718 0 0 0.0350037643 0 0 0 0.0700218327 -0 0
1687940933.64746284 -49.080728 -0.0892489964 0 0.999496183 0 0 0.0317392403 0 0 0 0.0634891433 -0 0
1687940933.74830818 -49.2099427 -0.125789553 0 0.999660806 0 0 0.0260436906 0 0 0 0.0520932713 -0 0
1687940933.84919572 -49.3406183 -0.157214192 0 0.999788734 0 0 0.0205544897 0 0 0 0.0411118746 -0 0
1687940933.9500525 -49.4979082 -0.278444877 0 0.999833411 0 0 0.0182524205 0 0 0 0.0365068682 -0 0
1687940934.05089521 -49.6102071 -0.302703748 0 0.999916546 0 0 0.0129190538 0 0 0 0.0258388265 -0 0
1687940934.15174747 -49.7287131 -0.366818794 0 0.999941933 0 0 0.0107764238 0 0 0 0.0215532648 -0 0
1687940934.25260639 -49.8600806 -0.376966217 0 0.999959108 0 0 0.00904332715 0 0 0 0.0180869008 -0 0
1687940934.35347009 -49.970145 -0.341956821 0 0.999975885 0 0 0.00694472157 0 0 0 0.0138895548 -0 0
1687940934.45435834 -50.0880703 -0.352839942 0 0.999968146 0 0 0.00798172432 0 0 0 0.0159636181 -0 0
1687940934.55519819 -50.2544183 -0.313333854 0 0.999978462 0 0 0.00656313558 0 0 0 0.0131263654 -0 0
1687940934.65604544 -50.3975827 -0.2893864 0 0.99998482 0 0 0.0055099016 0 0 0 0.011019859 -0 0
1687940934.75691056 -50.5226122 -0.280052407 0 0.999993723 0 0 0.00354324607 0 0 0 0.00708650698 -0 0
1687940934.85777187 -50.6508218 -0.294191748 0 0.999994044 0 0 0.00345147313 0 0 0 0.00690295997 -0 0
1687940934.95963192 -50.7898086 -0.273071688 0 0.999996538 0 0 0.00263140409 0 0 0 0.00526281426 -0 0
1687940935.05951118 -50.9258786 -0.276512502 0 0.999993915 0 0 0.00348855066 0 0 0 0.00697711548 -0 0
1687940935.16034484 -51.1096534 -0.257664848 0 0.999993446 0 0 0.00362051223 0 0 0 0.00724104028 -0 0
1687940935.2612114 -51.2231169 -0.24186276 0 0.999990062 0 0 0.00445821074 0 0 0 0.00891645102 -0 0
1687940935.36217403 -51.3459195 -0.229158807 0 0.999981082 0 0 0.00615112233 0 0 0 0.0123023222 -0 0
1687940935.46293688 -51.4874322 -0.229499186 0 0.999972226 0 0 0.00745305822 0 0 0 0.0149062544 -0 0
1687940935.56381178 -51.6167366 -0.216048872 0 0.999960275 0 0 0.00891333126 0 0 0 0.0178268986 -0 0
1687940935.66466141 -51.7767488 -0.19630615 0 0.999946568 0 0 0.0103374064 0 0 0 0.0206751811 -0 0
1687940935.76550627 -51.8595742 -0.181280776 0 0.99992768 0 0 0.0120264216 0 0 0 0.024053423 -0 0
1687940935.86638165 -51.9684083 -0.165808535 0 0.999899126 0 0 0.0142034186 0 0 0 0.0284077924 -0 0
1687940935.96721816 -52.0869883 0.00340043745 0 0.999923837 0 0 0.0123417721 0 0 0 0.024684171 -0 0
1687940936.06810093 -52.2352678 0.0726818487 0 0.999892988 0 0 0.0146291688 0 0 0 0.0292593812 -0 0
1687940936.16895008 -52.3311032 0.165581382 0 0.999864369 0 0 0.0164694446 0 0 0 0.0329403784 -0 0
1687940936.26981783 -52.4424844 0.197356668 0 0.999835256 0 0 0.0181510692 0 0 0 0.0363041321 -0 0
1687940936.37068796 -52.5694826 0.248807599 0 0.999817232 0 0 0.0191181406 0 0 0 0.0382386108 -0 0
1687940936.47153664 -52.7200107 0.280411256 0 0.999764196 0 0 0.0217152663 0 0 0 0.0434339466 -0 0
1687940936.57238626 -52.832304 0.296325475 0 0.999694732 0 0 0.0247071577 0 0 0 0.0494193442 -0 0
1687940936.67325163 -52.8897451 0.318476356 0 0.999695312 0 0 0.0246836562 0 0 0 0.0493723269 -0 0
1687940936.77409601 -53.0159385 0.370206872 0 0.999686681 0 0 0.0250307814 0 0 0 0.0500667919 -0 0
1687940936.87497258 -53.2010802 0.427482619 0 0.999619211 0 0 0.0275940603 0 0 0 0.0551951268 -0 0
1687940936.97583151 -53.3196825 0.436740802 0 0.999607547 0 0 0.028013437 0 0 0 0.0560342044 -0 0
1687940937.07667542 -53.4534694 0.443006462 0 0.999618654 0 0 0.0276142306 0 0 0 0.0552354827 -0 0
1687940937.17753363 -53.5791688 0.457200615 0 0.999625722 0 0 0.0273571838 0 0 0 0.0547211948 -0 0
1687940937.27841496 -53.6899659 0.439444095 0 0.999648272 0 0 0.0265204304 0 0 0 0.0530470804 -0 0
1687940937.37925506 -53.8517221 0.459425136 0 0.999638037 0 0 0.0269034308 0 0 0 0.0538133545 -0 0
1687940937.48011303 -53.9444266 0.475346189 0 0.999608522 0 0 0.027978611 0 0 0 0.0559645252 -0 0
1687940937.58097076 -54.083203 0.496714098 0 0.999591925 0 0 0.0285654222 0 0 0 0.0571386169 -0 0
1687940937.68185377 -54.1723427 0.455885457 0 0.999589633 0 0 0.0286455068 0 0 0 0.0572988517 -0 0
1687940937.78271985 -54.2749357 0.462657672 0 0.999596455 0 0 0.0284064613 0 0 0 0.056820566 -0 0
1687940937.88359332 -54.365648 0.47338274 0 0.999625989 0 0 0.0273474459 0 0 0 0.0547017117 -0 0
1687940937.98442483 -54.4947924 0.452390366 0 0.999618052 0 0 0.0276360122 0 0 0 0.0552790625 -0 0
1687940938.08528733 -54.5963809 0.437099226 0 0.999610839 0 0 0.0278957049 0 0 0 0.0557986482 -0 0
1687940938.18613911 -54.7071192 0.42150743 0 0.999574301 0 0 0.0291756197 0 0 0 0.0583595209 -0 0
1687940938.28699374 -54.8157138 0.428373548 0 0.999512928 0 0 0.0312074903 0 0 0 0.0624251162 -0 0
1687940938.38786912 -54.9513387 0.470703495 0 0.999465591 0 0 0.032688427 0 0 0 0.0653885025 -0 0
1687940938.48871374 -55.0277787 0.481155521 0 0.999371849 0 0 0.0354387865 0 0 0 0.0708924174 -0 0
1687940938.58962202 -55.1470941 0.507863994 0 0.99932195 0 0 0.036819023 0 0 0 0.0736546938 -0 0
1687940938.6904428 -55.2718735 0.551910365 0 0.999358334 0 0 0.0358178898 0 0 0 0.0716511057 -0 0
1687940938.7912879 -55.374904 0.533382973 0 0.999349178 0 0 0.036072437 0 0 0 0.0721605292 -0 0
1687940938.89215541 -55.4873676 0.539379622 0 0.999375834 0 0 0.0353262392 0 0 0 0.0706671817 -0 0
1687940938.99311781 -55.6237558 0.539630735 0 0.999353238 0 0 0.0359597888 0 0 0 0.0719350865 -0 0
1687940939.09389019 -55.7219092 0.514214712 0 0.999285886 0 0 0.0377851564 0 0 0 0.0755883065 -0 0
1687940939.19473648 -55.8616196 0.514515241 0 0.999252315 0 0 0.0386627943 0 0 0 0.0773448661 -0 0
1687940939.29558778 -55.9923637 0.513234683 0 0.999258409 0 0 0.038504969 0 0 0 0.0770289803 -0 0
1687940939.3964591 -56.1094942 0.534088687 0 0.999180672 0 0 0.040472017 0 0 0 0.0809661478 -0 0
1687940939.49730635 -56.215579 0.517326481 0 0.999200401 0 0 0.0399819792 0 0 0 0.0799852782 -0 0
1687940939.59816504 -56.315671 0.512157107 0 0.99916472 0 0 0.0408639555 0 0 0 0.0817506738 -0 0
1687940939.69902277 -56.4164318 0.506204418 0 0.999192437 0 0 0.0401805096 0 0 0 0.0803826584 -0 0
1687940939.79988956 -56.5101264 0.504848651 0 0.99918722 0 0 0.040310036 0 0 0 0.0806419212 -0 0
1687940939.90098333 -56.6268643 0.536119494 0 0.999207498 0 0 0.0398042185 0 0 0 0.0796294736 -0 0
1687940940.00162745 -56.7237765 0.527367993 0 0.999244958 0 0 0.0388524609 0 0 0 0.0777244845 -0 0
1687940940.10246086 -56.8410715 0.507879465 0 0.99930558 0 0 0.0372606801 0 0 0 0.0745386146 -0 0
1687940940.20333624 -56.9518167 0.473561255 0 0.999373321 0 0 0.0353972375 0 0 0 0.0708092671 -0 0
1687940940.30421305 -57.0548372 0.436536136 0 0.999435349 0 0 0.0336003467 0 0 0 0.0672133445 -0 0
1687940940.40507078 -57.2003256 0.412662693 0 0.999519046 0 0 0.0310109084 0 0 0 0.062031762 -0 0
1687940940.50590014 -57.3376558 0.38260274 0 0.999547444 0 0 0.0300816902 0 0 0 0.0601724579 -0 0
1687940940.6067791 -57.4867501 0.365759222 0 0.999605518 0 0 0.028085736 0 0 0 0.0561788593 -0 0
1687940940.70763087 -57.6390631 0.372187222 0 0.999654572 0 0 0.026281854 0 0 0 0.0525697612 -0 0
1687940940.80847788 -57.7487765 0.365897406 0 0.999665466 0 0 0.025864176 0 0 0 0.051734121 -0 0
1687940940.90933895 -57.8895868 0.366667237 0 0.999707341 0 0 0.0241915559 0 0 0 0.0483878322 -0 0
1687940941.01020908 -58.0031088 0.3482242 0 0.999759498 0 0 0.0219304916 0 0 0 0.0438644997 -0 0
1687940941.11106682 -58.1083067 0.352547949 0 0.999813867 0 0 0.0192933212 0 0 0 0.0385890366 -0 0
1687940941.2119379 -58.2423206 0.326100689 0 0.999843854 0 0 0.0176710674 0 0 0 0.0353439744 -0 0
1687940941.31278944 -58.3542795 0.280185196 0 0.999863787 0 0 0.0165047416 0 0 0 0.033010982 -0 0
1687940941.41364813 -58.4691795 0.262043677 0 0.999911939 0 0 0.0132708257 0 0 0 0.0265424304 -0 0
1687940941.51450109 -58.5903117 0.237593395 0 0.999948398 0 0 0.0101588071 0 0 0 0.0203179637 -0 0
1687940941.61537123 -58.7085797 0.205321135 0 0.999966412 0 0 0.00819597304 0 0 0 0.0163921296 -0 0
1687940941.7162149 -58.8418068 0.201744595 0 0.999966975 0 0 0.00812710115 0 0 0 0.0162543812 -0 0
1687940941.81708121 -58.9167352 0.243906701 0 0.999974672 0 0 0.00711730076 0 0 0 0.0142347217 -0 0
1687940941.91793299 -59.0406806 0.256897453 0 0.999967783 0 0 0.00802698767 0 0 0 0.0160541477 -0 0
1687940942.01879358 -59.1763668 0.27280551 0 0.999969264 0 0 0.00784033383 0 0 0 0.0156808283 -0 0
1687940942.11965322 -59.2793198 0.286158463 0 0.999977095 0 0 0.00676825008 0 0 0 0.0135366035 -0 0
1687940942.22053432 -59.3924464 0.304849961 0 0.999994426 0 0 0.00333885652 0 0 0 0.00667772544 -0 0
1687940942.32139349 -59.5331099 0.30706186 0 0.999999959 0 0 -0.000285207431 0 0 0 3.14102224 -3.14159265 3.14159265
1687940942.42223263 -59.6167618 0.258230384 0 0.99999625 0 0 -0.00273847585 0 0 0 3.1361157 -3.14159265 3.14159265
1687940942.52309036 -59.7553809 0.235606886 0 0.999986904 0 0 -0.00511787023 0 0 0 3.13135687 -3.14159265 3.14159265
1687940942.62398195 -59.8661394 0.203650177 0 0.99997671 0 0 -0.00682497137 0 0 0 3.1279426 -3.14159265 3.14159265
1687940942.72482991 -59.9850885 0.209490462 0 0.999963801 0 0 -0.00850865491 0 0 0 3.12457514 -3.14159265 3.14159265
1687940942.82566977 -60.120881 0.225086703 0 0.999962872 0 0 -0.0086171349 0 0 0 3.12435817 -3.14159265 3.14159265
1687940942.92653441 -60.2473888 0.236863699 0 0.999966953 0 0 -0.00812971222 0 0 0 3.12533305 -3.14159265 3.14159265
1687940943.02739406 -60.3518473 0.260721201 0 0.999963849 0 0 -0.00850293332 0 0 0 3.12458658 -3.14159265 3.14159265
1687940943.12829399 -60.4894338 0.267819294 0 0.999955318 0 0 -0.00945309673 0 0 0 3.12268618 -3.14159265 3.14159265
1687940943.22913742 -60.599572 0.286913171 0 0.999933865 0 0 -0.0115006362 0 0 0 3.11859087 -3.14159265 3.14159265
1687940943.32997513 -60.7201208 0.268599891 0 0.99990846 0 0 -0.0135304287 0 0 0 3.11453097 -3.14159265 3.14159265
1687940943.4308598 -60.8121713 0.262520419 0 0.999902006 0 0 -0.0139992037 0 0 0 3.11359333 -3.14159265 3.14159265
1687940943.53171921 -60.9268146 0.254761175 0 0.999914129 0 0 -0.0131047183 0 0 0 3.11538247 -3.14159265 3.14159265
1687940943.63257551 -61.0694267 0.255201119 0 0.999919411 0 0 -0.0126953699 0 0 0 3.11620123 -3.14159265 3.14159265
1687940943.7334044 -61.1886673 0.251338997 0 0.999927048 0 0 -0.0120788622 0 0 0 3.11743434 -3.14159265 3.14159265
1687940943.83429241 -61.3340987 0.264132798 0 0.999925463 0 0 -0.0122093718 0 0 0 3.1171733 -3.14159265 3.14159265
1687940943.93514848 -61.4438816 0.261291328 0 0.999925803 0 0 -0.0121815002 0 0 0 3.11722905 -3.14159265 3.14159265
1687940944.03599691 -61.5979674 0.269654332 0 0.999935254 0 0 -0.0113792546 0 0 0 3.11883365 -3.14159265 3.14159265
1687940944.13684297 -61.7244782 0.285474717 0 0.999947552 0 0 -0.0102417492 0 0 0 3.1211088 -3.14159265 3.14159265
1687940944.2377069 -61.8458877 0.283704701 0 0.999961354 0 0 -0.00879147071 0 0 0 3.12400949 -3.14159265 3.14159265
1687940944.33857679 -61.9886079 0.280571051 0 0.999975364 0 0 -0.00701938721 0 0 0 3.12755376 -3.14159265 3.14159265
1687940944.43942976 -62.096029 0.295176646 0 0.999982986 0 0 -0.00583334316 0 0 0 3.1299259 -3.14159265 3.14159265
1687940944.54029012 -62.2162976 0.306796929 0 0.999989221 0 0 -0.00464306903 0 0 0 3.13230648 -3.14159265 3.14159265
1687940944.64114475 -62.3602103 0.33075659 0 0.999996793 0 0 -0.00253269076 0 0 0 3.13652727 -3.14159265 3.14159265
1687940944.74202347 -62.4873717 0.353003943 0 0.999998585 0 0 -0.00168238015 0 0 0 3.13822789 -3.14159265 3.14159265
1687940944.84289742 -62.6124881 0.390027335 0 0.999999802 0 0 -0.000629826205 0 0 0 3.140333 -3.14159265 3.14159265
1687940944.94375324 -62.7313923 0.418489569 0 0.999999866 0 0 -0.000517474656 0 0 0 3.1405577 -3.14159265 3.14159265
1687940945.04462171 -62.8927464 0.407057101 0 0.999998608 0 0 0.00166880102 0 0 0 0.0033376036 -0 0
1687940945.14546347 -63.0202169 0.441502697 0 0.999996781 0 0 0.0025373841 0 0 0 0.00507477365 -0 0
1687940945.24630642 -63.1630822 0.454638438 0 0.999983209 0 0 0.00579502188 0 0 0 0.0115901086 -0 0
1687940945.34716558 -63.308556 0.480284909 0 0.999975891 0 0 0.00694381519 0 0 0 0.013887742 -0 0
1687940945.44803381 -63.4526966 0.495363152 0 0.99996313 0 0 0.00858713626 0 0 0 0.0171744836 -0 0
1687940945.54891157 -63.6039729 0.499994776 0 0.99994837 0 0 0.0101615678 0 0 0 0.0203234854 -0 0
1687940945.64975595 -63.7271625 0.507837979 0 0.999941447 0 0 0.0108214 0 0 0 0.0216432225 -0 0
1687940945.75059867 -63.8700897 0.515992058 0 0.999920147 0 0 0.0126372258 0 0 0 0.0252751243 -0 0
1687940945.85146117 -63.9836374 0.534420542 0 0.999897423 0 0 0.0143228387 0 0 0 0.028646657 -0 0
1687940945.95233679 -64.126903 0.560185033 0 0.999864131 0 0 0.0164839097 0 0 0 0.0329693126 -0 0
1687940946.05317974 -64.2619583 0.580410605 0 0.999836385 0 0 0.0180887389 0 0 0 0.0361794509 -0 0
1687940946.15405035 -64.3802994 0.595324839 0 0.999819731 0 0 0.0189869641 0 0 0 0.0379762101 -0 0
1687940946.2549088 -64.5192594 0.617177672 0 0.99980642 0 0 0.0196754042 0 0 0 0.0393533478 -0 0
1687940946.35578012 -64.6508078 0.645784218 0 0.999799682 0 0 0.0200148944 0 0 0 0.0400324619 -0 0
1687940946.4566288 -64.7727241 0.653694723 0 0.999734756 0 0 0.0230307818 0 0 0 0.0460656365 -0 0
1687940946.55749035 -64.9030298 0.68095077 0 0.99968048 0 0 0.0252772082 0 0 0 0.0505598014 -0 0
1687940946.65833473 -65.049121 0.716934373 0 0.999595853 0 0 0.0284276459 0 0 0 0.0568629524 -0 0
1687940946.75920272 -65.1969305 0.750916811 0 0.999501226 0 0 0.0315800484 0 0 0 0.0631705997 -0 0
1687940946.86005592 -65.3329261 0.806567303 0 0.999411144 0 0 0.0343127681 0 0 0 0.0686390096 -0 0
1687940946.96091127 -65.4739493 0.826820325 0 0.9993195 0 0 0.0368854683 0 0 0 0.0737876748 -0 0
1687940947.0617981 -65.6243455 0.861286896 0 0.999221282 0 0 0.0394566783 0 0 0 0.0789338468 -0 0
1687940947.1626327 -65.7502666 0.874891804 0 0.999167276 0 0 0.0408013989 0 0 0 0.0816254562 -0 0
1687940947.26352859 -65.8874543 0.90462306 0 0.999061639 0 0 0.0433109888 0 0 0 0.0866490821 -0 0
1687940947.36436605 -66.0272532 0.910494311 0 0.998903557 0 0 0.046815414 0 0 0 0.0936650633 -0 0
1687940947.46521425 -66.190609 0.921893425 0 0.998741589 0 0 0.0501521488 0 0 0 0.100346393 -0 0
1687940947.56607056 -66.3256437 0.94044213 0 0.99856576 0 0 0.0535389928 0 0 0 0.107129207 -0 0
1687940947.66695213 -66.4549902 0.973817687 0 0.998323905 0 0 0.0578738321 0 0 0 0.115812376 -0 0
1687940947.76779032 -66.5766526 1.01979503 0 0.99811603 0 0 0.0613546248 0 0 0 0.122786368 -0 0
1687940947.86864758 -66.7014605 1.05252444 0 0.997901074 0 0 0.064756824 0 0 0 0.129604337 -0 0
1687940948.0703783 -66.9932 1.15432844 0 0.997830828 0 0 0.065830375 0 0 0 0.131756031 -0 0
1687940948.17125082 -67.1360466 1.15906658 0 0.997667363 0 0 0.0682629639 0 0 0 0.136632182 -0 0
1687940948.27210379 -67.2352718 1.15358554 0 0.997637819 0 0 0.0686933989 0 0 0 0.137495078 -0 0
1687940948.37295461 -67.373836 1.15117688 0 0.997704246 0 0 0.0677217663 0 0 0 0.135547276 -0 0
1687940948.47383261 -67.5093521 1.13889359 0 0.997658668 0 0 0.0683899287 0 0 0 0.136886706 -0 0
1687940948.57467818 -67.7190465 1.1277739 0 0.99773034 0 0 0.0673362296 0 0 0 0.134774439 -0 0
1687940948.67552853 -67.7827685 1.11873666 0 0.997746749 0 0 0.0670926599 0 0 0 0.134286195 -0 0
1687940948.77639866 -67.9056117 1.09194285 0 0.99770446 0 0 0.0677186103 0 0 0 0.13554095 -0 0
1687940948.87726164 -68.0440051 1.07118978 0 0.997804959 0 0 0.0662213255 0 0 0 0.132539642 -0 0
1687940948.97813988 -68.1731549 1.09145588 0 0.997686437 0 0 0.0679836314 0 0 0 0.136072216 -0 0
1687940949.07896471 -68.2748528 1.07684067 0 0.997560247 0 0 0.0698108377 0 0 0 0.139735334 -0 0
1687940949.17986608 -68.3750886 1.08172956 0 0.997672268 0 0 0.0681912466 0 0 0 0.136488413 -0 0
1687940949.28070736 -68.4491132 1.07732686 0 0.997822359 0 0 0.0659586242 0 0 0 0.132013088 -0 0
1687940949.38154984 -68.5832697 1.07996234 0 0.998115747 0 0 0.0613592272 0 0 0 0.12279559 -0 0
1687940949.48241758 -68.6430065 1.02534977 0 0.99818624 0 0 0.0602015809 0 0 0 0.120476009 -0 0
1687940949.58326054 -68.7513298 0.975161841 0 0.998473709 0 0 0.0552290949 0 0 0 0.110514421 -0 0
1687940949.68412542 -68.8351802 0.962333884 0 0.998775056 0 0 0.0494811846 0 0 0 0.0990027968 -0 0
1687940949.78500795 -68.9711726 0.889012702 0 0.998901191 0 0 0.0468658843 0 0 0 0.0937661148 -0 0
1687940949.88584256 -69.0682691 0.893784126 0 0.99893214 0 0 0.04620151 0 0 0 0.0924359252 -0 0
1687940949.98670602 -69.168127 0.882549592 0 0.998962929 0 0 0.0455309405 0 0 0 0.0910933732 -0 0
1687940950.08760309 -69.27401 0.897475471 0 0.998853453 0 0 0.0478725263 0 0 0 0.0957816615 -0 0
1687940950.18842268 -69.3680534 0.887104937 0 0.998881011 0 0 0.0472940386 0 0 0 0.0946233739 -0 0
1687940950.28931713 -69.470183 0.890810023 0 0.998976809 0 0 0.0452253817 0 0 0 0.0904816255 -0 0
1687940950.39013767 -69.6021979 0.906694069 0 0.998914468 0 0 0.0465820405 0 0 0 0.0931978066 -0 0
1687940950.4910264 -69.6589985 0.862285218 0 0.999073675 0 0 0.0430324563 0 0 0 0.0860914971 -0 0
1687940950.591887 -69.7690721 0.841875345 0 0.998989819 0 0 0.0449370895 0 0 0 0.0899044544 -0 0
1687940950.69271612 -69.8905343 0.80982654 0 0.999007765 0 0 0.0445363473 0 0 0 0.0891021666 -0 0
1687940950.79359102 -69.9806929 0.793287103 0 0.999048929 0 0 0.0436031916 0 0 0 0.0872340403 -0 0
1687940950.89446449 -70.0528417 0.786412434 0 0.999005731 0 0 0.0445819498 0 0 0 0.0891934624 -0 0
1687940950.99531078 -70.1543286 0.796490975 0 0.9989874 0 0 0.0449908235 0 0 0 0.0900120311 -0 0
1687940951.09615707 -70.2225081 0.801210876 0 0.999002901 0 0 0.0446453134 0 0 0 0.0893203158 -0 0
1687940951.19703054 -70.3169449 0.806216799 0 0.99899492 0 0 0.0448235395 0 0 0 0.0896771253 -0 0
1687940951.2979095 -70.4065941 0.814128061 0 0.998992496 0 0 0.0448775429 0 0 0 0.0897852407 -0 0
1687940951.39875484 -70.5321417 0.841163321 0 0.999055564 0 0 0.0434509007 0 0 0 0.0869291694 -0 0
1687940951.4995966 -70.6335378 0.846550225 0 0.999097309 0 0 0.0424801915 0 0 0 0.0849859565 -0 0
1687940951.60047483 -70.7676031 0.851598592 0 0.999126937 0 0 0.041777547 0 0 0 0.0835794187 -0 0
1687940951.70133066 -70.8428298 0.836802642 0 0.999093465 0 0 0.0425705128 0 0 0 0.0851667628 -0 0
1687940951.80218983 -70.9388044 0.83529821 0 0.999054752 0 0 0.043469558 0 0 0 0.0869665194 -0 0
1687940951.90306902 -71.070393 0.843913649 0 0.999042816 0 0 0.0437430251 0 0 0 0.0875139742 -0 0
1687940952.00389338 -71.1547573 0.856384414 0 0.999023598 0 0 0.0441797487 0 0 0 0.0883882669 -0 0
1687940952.10475755 -71.2741827 0.847896164 0 0.99893623 0 0 0.0461129951 0 0 0 0.0922587065 -0 0
1687940952.20561647 -71.401835 0.84628141 0 0.998841586 0 0 0.0481195076 0 0 0 0.096276194 -0 0
1687940952.30648828 -71.504103 0.849638216 0 0.998823145 0 0 0.0485007816 0 0 0 0.0970396334 -0 0
1687940952.40733123 -71.6097598 0.833457399 0 0.998832443 0 0 0.0483089148 0 0 0 0.0966554495 -0 0
1687940952.50819254 -71.7333986 0.826199709 0 0.998843504 0 0 0.0480796653 0 0 0 0.096196417 -0 0
1687940952.60905576 -71.8055193 0.814022647 0 0.998862575 0 0 0.0476818329 0 0 0 0.0953998386 -0 0
1687940952.70991659 -71.9176327 0.814734935 0 0.998855867 0 0 0.0478221434 0 0 0 0.0956807801 -0 0
1687940952.81077766 -72.0135482 0.830656238 0 0.998844664 0 0 0.0480555552 0 0 0 0.0961481411 -0 0
1687940952.91163731 -72.0905636 0.835312636 0 0.998759173 0 0 0.0498007476 0 0 0 0.0996427117 -0 0
1687940953.0124898 -72.2054402 0.833529316 0 0.998742059 0 0 0.0501427984 0 0 0 0.100327669 -0 0
1687940953.1133666 -72.3095527 0.850857916 0 0.99869393 0 0 0.0510924044 0 0 0 0.102229319 -0 0
1687940953.21420622 -72.3902648 0.855498267 0 0.998710739 0 0 0.0507627764 0 0 0 0.101569206 -0 0
1687940953.31506658 -72.4837818 0.860568879 0 0.998700767 0 0 0.0509585938 0 0 0 0.101961349 -0 0
1687940953.41593552 -72.6064858 0.844620269 0 0.998663075 0 0 0.0516919952 0 0 0 0.103430087 -0 0
1687940953.51679254 -72.7297417 0.840889312 0 0.998652426 0 0 0.0518973286 0 0 0 0.103841306 -0 0
1687940953.61766243 -72.7938362 0.844114161 0 0.998616358 0 0 0.0525867733 0 0 0 0.105222081 -0 0
1687940953.71852493 -72.8984066 0.842566629 0 0.998673055 0 0 0.0514988293 0 0 0 0.10304324 -0 0
1687940953.81937885 -72.9955597 0.8311673 0 0.998768197 0 0 0.0496194483 0 0 0 0.0992796643 -0 0
1687940953.92027164 -73.0862428 0.830512131 0 0.998735397 0 0 0.0502753191 0 0 0 0.100593045 -0 0
1687940954.02108479 -73.1931343 0.829513834 0 0.998773624 0 0 0.0495100806 0 0 0 0.0990606597 -0 0
1687940954.1219759 -73.3341676 0.805883341 0 0.998602571 0 0 0.0528479517 0 0 0 0.105745165 -0 0
1687940954.2228179 -73.4259742 0.819768935 0 0.998671532 0 0 0.0515283491 0 0 0 0.103102358 -0 0
1687940954.32367182 -73.5342371 0.841472915 0 0.998747421 0 0 0.0500358789 0 0 0 0.100113561 -0 0
1687940954.42452288 -73.6230054 0.822397669 0 0.998630193 0 0 0.0523233917 0 0 0 0.104694592 -0 0
1687940954.52538204 -73.7135794 0.813362826 0 0.998638574 0 0 0.0521631907 0 0 0 0.104373751 -0 0
1687940954.62625456 -73.8516517 0.832412529 0 0.998747952 0 0 0.0500252755 0 0 0 0.100092328 -0 0
1687940954.72710133 -73.9431219 0.829681334 0 0.998740433 0 0 0.0501751776 0 0 0 0.100392509 -0 0
1687940954.82795906 -74.0382197 0.825991217 0 0.998757693 0 0 0.0498304233 0 0 0 0.099702137 -0 0
1687940954.92881775 -74.1146707 0.825213445 0 0.998750153 0 0 0.0499813204 0 0 0 0.100004308 -0 0
1687940955.02970529 -74.1816957 0.808432068 0 0.99876487 0 0 0.0496863584 0 0 0 0.0994136498 -0 0
1687940955.13054657 -74.2873248 0.802769336 0 0.998760286 0 0 0.0497784259 0 0 0 0.0995980129 -0 0
1687940955.23139811 -74.3719455 0.821801163 0 0.998762693 0 0 0.0497300935 0 0 0 0.0995012283 -0 0
1687940955.33228636 -74.444555 0.822229085 0 0.998804303 0 0 0.0488872531 0 0 0 0.0978134945 -0 0
1687940955.4331193 -74.5220205 0.816440694 0 0.998794599 0 0 0.0490851232 0 0 0 0.0982097103 -0 0
1687940955.53398728 -74.6157799 0.80865439 0 0.998768029 0 0 0.0496228286 0 0 0 0.0992864332 -0 0
1687940955.63558722 -74.6750998 0.818293131 0 0.998768773 0 0 0.0496078468 0 0 0 0.0992564327 -0 0
1687940955.73569822 -74.7777111 0.816799626 0 0.998758437 0 0 0.0498155055 0 0 0 0.0996722641 -0 0
1687940955.836555 -74.8601987 0.830617165 0 0.998733413 0 0 0.0503146982 0 0 0 0.100671903 -0 0
1687940955.9374249 -74.9256819 0.831561313 0 0.998716684 0 0 0.0506456811 0 0 0 0.101334714 -0 0
1687940956.03829098 -74.9748638 0.843476076 0 0.998751727 0 0 0.0499498431 0 0 0 0.0999412743 -0 0
1687940956.13913703 -75.0651996 0.869238617 0 0.998735953 0 0 0.0502642729 0 0 0 0.100570925 -0 0
1687940956.23999262 -75.1011468 0.868506145 0 0.998737054 0 0 0.0502423876 0 0 0 0.100527099 -0 0
1687940956.34085846 -75.1659667 0.892692753 0 0.998717028 0 0 0.0506389065 0 0 0 0.101321147 -0 0
1687940956.44172025 -75.2477781 0.880562376 0 0.998740358 0 0 0.0501766569 0 0 0 0.100395471 -0 0
1687940956.54257298 -75.3052052 0.886509256 0 0.998649171 0 0 0.0519599156 0 0 0 0.103966649 -0 0
1687940956.64347029 -75.3423406 0.898352509 0 0.998653901 0 0 0.0518689376 0 0 0 0.103784447 -0 0
1687940956.7443285 -75.4208707 0.896661216 0 0.998656154 0 0 0.0518255362 0 0 0 0.103697528 -0 0
1687940956.84518027 -75.4614679 0.899486716 0 0.99864849 0 0 0.0519730049 0 0 0 0.103992863 -0 0
1687940956.9460392 -75.5333192 0.935584308 0 0.998622591 0 0 0.0524682904 0 0 0 0.104984788 -0 0
1687940957.04690051 -75.5946581 0.93356669 0 0.998667236 0 0 0.0516115507 0 0 0 0.103268983 -0 0
1687940957.14773989 -75.6491111 0.932410513 0 0.998698854 0 0 0.0509960697 0 0 0 0.102036398 -0 0
1687940957.24861813 -75.7022292 0.925181394 0 0.998701878 0 0 0.0509368205 0 0 0 0.101917745 -0 0
1687940957.34946299 -75.773705 0.932841465 0 0.998722021 0 0 0.0505403184 0 0 0 0.101123718 -0 0
1687940957.45030689 -75.8334676 0.932716047 0 0.998681777 0 0 0.0513294067 0 0 0 0.102703946 -0 0
1687940957.55119181 -75.8752334 0.939966668 0 0.998672755 0 0 0.0515046356 0 0 0 0.103054868 -0 0
1687940957.65204024 -75.9098433 0.935611853 0 0.998689482 0 0 0.0511792698 0 0 0 0.102403277 -0 0
1687940957.75288773 -75.9362408 0.934169586 0 0.998715891 0 0 0.0506613111 0 0 0 0.101366014 -0 0
1687940957.8537457 -75.9856083 0.941950451 0 0.99874409 0 0 0.0501023135 0 0 0 0.100246597 -0 0
1687940957.95463872 -76.0346268 0.937129878 0 0.99876103 0 0 0.0497634806 0 0 0 0.0995680853 -0 0
1687940958.05547237 -76.0711997 0.940054887 0 0.99880735 0 0 0.0488249677 0 0 0 0.0976887747 -0 0
1687940958.15634203 -76.1206505 0.958696752 0 0.998783753 0 0 0.0493053146 0 0 0 0.0986506269 -0 0
1687940958.25718522 -76.1549794 0.956901079 0 0.998772778 0 0 0.049527134 0 0 0 0.0990948085 -0 0
1687940958.35806227 -76.1980904 0.958312119 0 0.998750073 0 0 0.049982919 0 0 0 0.100007509 -0 0
1687940958.45892477 -76.2144905 0.962765006 0 0.998736149 0 0 0.050260362 0 0 0 0.100563093 -0 0
1687940958.55978155 -76.2414285 0.962125592 0 0.998735392 0 0 0.0502754033 0 0 0 0.100593214 -0 0
1687940958.66062355 -76.2570361 0.958646011 0 0.99876721 0 0 0.0496393034 0 0 0 0.0993194234 -0 0
