1687940887.25205612 0.00168300931 -0.0119313303 0 0.999999993 0 0 0.000118783663 0 0 0 0.000237567326 -0 0
1687940887.35290694 0.00563698078 0.00850583626 0 0.999999964 0 0 0.000269620511 0 0 0 0.000539241028 -0 0
1687940887.45378113 -0.00832239443 -0.00241163142 0 1 0 0 -5.3763794e-06 0 0 0 3.1415819 -3.14159265 3.14159265
1687940887.55464268 -0.00279080974 -7.74450851e-06 0 0.999999988 0 0 0.000151810588 0 0 0 0.000303621178 -0 0
1687940887.65549183 0.00999023643 -0.00246736799 0 0.999999972 0 0 -0.000238678575 0 0 0 3.1411153 -3.14159265 3.14159265
1687940887.75637603 -0.00381157446 0.00276307953 0 0.999999643 0 0 0.000844529274 0 0 0 0.00168905875 -0 0
1687940887.85720468 -0.00358053434 -0.00344713998 0 0.999999816 0 0 -0.000606239238 0 0 0 3.14038018 -3.14159265 3.14159265
1687940887.95807147 0.00113971692 -0.002018871 0 0.999999999 0 0 -4.30783101e-05 0 0 0 3.1415065 -3.14159265 3.14159265
1687940888.05894947 -0.000605307068 -0.00192045795 0 0.999999999 0 0 -3.82299662e-05 0 0 0 3.14151619 -3.14159265 3.14159265
1687940888.15981007 -0.00427713366 -0.00261159012 0 0.999999982 0 0 -0.000188001765 0 0 0 3.14121665 -3.14159265 3.14159265
1687940888.2606442 -0.00743704659 -0.00903801546 0 0.999999963 0 0 0.000271091837 0 0 0 0.00054218368 -0 0
1687940888.36152315 -0.0103737939 0.00113589381 0 0.999998945 0 0 -0.00145261888 0 0 0 3.13868741 -3.14159265 3.14159265
1687940888.46236372 -0.0077295124 -0.0061945294 0 0.999999932 0 0 0.00036795919 0 0 0 0.000735918396 -0 0
1687940888.56322455 0.00255608496 0.0103527027 0 0.999999907 0 0 0.000432150657 0 0 0 0.000864301342 -0 0
1687940888.6640811 0.010462727 -0.00280096503 0 0.999999913 0 0 -0.000416823964 0 0 0 3.14075901 -3.14159265 3.14159265
1687940888.76497078 -0.0132952346 -0.0131124333 0 0.999999986 0 0 0.000165115235 0 0 0 0.000330230471 -0 0
1687940888.86583352 0.0112522955 0.0173266773 0 0.999999925 0 0 0.000388493887 0 0 0 0.000776987793 -0 0
1687940888.96666098 1.81825054e-05 -0.00543862916 0 0.99999981 0 0 0.000616832285 0 0 0 0.00123366465 -0 0
1687940889.06752348 -0.00029275818 -0.00786353649 0 0.999999716 0 0 -0.000753968371 0 0 0 3.14008472 -3.14159265 3.14159265
1687940889.1683836 -0.00146510728 0.0136067167 0 0.999999861 0 0 0.000526880398 0 0 0 0.00105376084 -0 0
1687940889.26924062 0.0104216559 0.0128618433 0 0.999999898 0 0 -0.000450974608 0 0 0 3.1406907 -3.14159265 3.14159265
1687940889.37011766 -0.0229944222 0.00605175457 0 0.999999668 0 0 -0.00081444432 0 0 0 3.13996376 -3.14159265 3.14159265
1687940889.47097397 0.00341851341 -0.0104337946 0 0.999999729 0 0 0.000736767318 0 0 0 0.00147353477 -0 0
1687940889.57182789 0.0122067338 0.00268925795 0 0.999999997 0 0 7.19648822e-05 0 0 0 0.000143929764 -0 0
1687940889.67271924 -0.0120655294 -0.0115880164 0 0.999999995 0 0 -9.56484018e-05 0 0 0 3.14140136 -3.14159265 3.14159265
1687940889.77353859 -0.00462540137 0.0157344805 0 0.999999996 0 0 -8.94252966e-05 0 0 0 3.1414138 -3.14159265 3.14159265
1687940889.87442136 -0.00695441247 -0.00424391292 0 0.999999548 0 0 0.000950363976 0 0 0 0.00190072824 -0 0
1687940889.97525644 -0.0168082361 -0.010199534 0 0.999999728 0 0 -0.000736947255 0 0 0 3.14011876 -3.14159265 3.14159265
1687940890.07612562 0.00276957741 0.00734364458 0 0.999999695 0 0 0.000780688942 0 0 0 0.00156137804 -0 0
1687940890.17697763 -0.0081930581 0.000569273438 0 0.999999791 0 0 -0.000646377482 0 0 0 3.1402999 -3.14159265 3.14159265
1687940890.27783537 -0.0375684358 -0.0104636268 0 0.99999998 0 0 -0.000201025029 0 0 0 3.1411906 -3.14159265 3.14159265
1687940890.37869835 -0.00760506928 0.00454096875 0 0.999999786 0 0 -0.000654906782 0 0 0 3.14028284 -3.14159265 3.14159265
1687940890.47956467 -0.0111742057 -0.0068211876 0 0.999999992 0 0 -0.000125337354 0 0 0 3.14134198 -3.14159265 3.14159265
1687940890.58112121 -0.0344553 0.0186837398 0 0.999998926 0 0 0.00146529792 0 0 0 0.00293059689 -0 0
1687940890.68127298 -0.0490118615 -0.0412781564 0 0.999999594 0 0 -0.000901448131 0 0 0 3.13978976 -3.14159265 3.14159265
1687940890.7821312 -0.0104731962 0.0167180885 0 0.999999985 0 0 -0.00017593276 0 0 0 3.14124079 -3.14159265 3.14159265
1687940890.88300562 -0.0649633706 -0.0112325785 0 0.999999997 0 0 -8.35152052e-05 0 0 0 3.14142562 -3.14159265 3.14159265
1687940890.98386312 -0.00953329228 -0.0210532734 0 0.999999913 0 0 -0.000416858349 0 0 0 3.14075894 -3.14159265 3.14159265
1687940891.08472419 -0.0340271585 0.0165483675 0 0.999998956 0 0 0.00144464812 0 0 0 0.00288929725 -0 0
1687940891.18557453 -0.0165231784 0.0158456223 0 0.999999596 0 0 0.000899147632 0 0 0 0.00179829551 -0 0
1687940891.28643298 0.0122164129 0.0129140459 0 0.999998147 0 0 0.00192505506 0 0 0 0.0038501125 -0 0
1687940891.38729572 -0.0624378289 0.000208418646 0 0.999999904 0 0 -0.000437518566 0 0 0 3.14071762 -3.14159265 3.14159265
1687940891.48815346 -0.0515263447 0.0105168068 0 0.999999723 0 0 -0.000744648898 0 0 0 3.14010336 -3.14159265 3.14159265
1687940891.58900833 0.0025811268 0.00503426292 0 0.999996779 0 0 0.0025381752 0 0 0 0.00507635585 -0 0
1687940891.68988729 -0.0151596128 -0.0317784792 0 0.999999219 0 0 -0.00124947008 0 0 0 3.13909371 -3.14159265 3.14159265
1687940891.79075623 -0.0446111398 0.00488732441 0 0.999998933 0 0 0.0014609673 0 0 0 0.00292193564 -0 0
1687940891.89161444 -0.0811906544 0.00850011649 0 0.999993519 0 0 -0.00360029808 0 0 0 3.13439204 -3.14159265 3.14159265
1687940891.99244833 -0.0188666912 -0.0043756496 0 0.999999437 0 0 0.00106143791 0 0 0 0.00212287621 -0 0
1687940892.09332085 -0.0435060168 -0.0064981556 0 0.999999024 0 0 0.0013968079 0 0 0 0.00279361672 -0 0
1687940892.19418955 -0.0350090085 -0.025640296 0 0.999999862 0 0 -0.000525930525 0 0 0 3.14054079 -3.14159265 3.14159265
1687940892.29502559 -0.0471675403 -0.0286393966 0 0.999999665 0 0 0.000818355927 0 0 0 0.00163671204 -0 0
1687940892.39588785 -0.0821129422 0.0068223056 0 0.999999987 0 0 -0.000162704147 0 0 0 3.14126725 -3.14159265 3.14159265
1687940892.49677563 -0.0255885963 0.0102504737 0 0.999999978 0 0 -0.000210601275 0 0 0 3.14117145 -3.14159265 3.14159265
1687940892.59761691 -0.0801396005 0.00563039359 0 0.999999987 0 0 0.000163129126 0 0 0 0.000326258253 -0 0
1687940892.69846344 -0.023985801 -0.0102454654 0 0.99999924 0 0 0.00123305359 0 0 0 0.0024661078 -0 0
1687940892.79932547 -0.0669387777 -0.0156188093 0 0.999999989 0 0 0.00014805035 0 0 0 0.000296100702 -0 0
1687940892.90021992 -0.0464061942 -0.0160876138 0 0.999998781 0 0 0.00156146982 0 0 0 0.00312294092 -0 0
1687940893.0010438 -0.0439602214 0.0124593178 0 0.9999999 0 0 0.000446767191 0 0 0 0.000893534411 -0 0
1687940893.10190248 -0.0305063456 -0.00613994505 0 0.999997899 0 0 0.00204977677 0 0 0 0.00409955641 -0 0
1687940893.20279026 -0.0825417342 0.0102561756 0 0.999999858 0 0 -0.000533496888 0 0 0 3.14052566 -3.14159265 3.14159265
1687940893.30362701 -0.0730476591 0.0164155923 0 0.999997768 0 0 0.00211258356 0 0 0 0.00422517026 -0 0
1687940893.40452027 -0.0429911102 -0.0161015064 0 0.999999999 0 0 5.26668514e-05 0 0 0 0.000105333703 -0 0
1687940893.50534678 -0.0528520973 0.007810421 0 0.999999566 0 0 0.000931320879 0 0 0 0.00186264203 -0 0
1687940893.60620022 -0.101538801 -0.000802676624 0 0.999997168 0 0 0.00237989854 0 0 0 0.00475980157 -0 0
1687940893.70706534 -0.0801223098 -0.0125043183 0 0.999999599 0 0 0.000895555383 0 0 0 0.00179111101 -0 0
1687940893.80792475 -0.0833481723 0.0146341445 0 0.999999026 0 0 0.00139584938 0 0 0 0.00279169967 -0 0
1687940893.90948701 -0.0746995671 -0.0042391579 0 0.999999155 0 0 0.00130028174 0 0 0 0.00260056422 -0 0
1687940894.00963831 -0.0534465679 -0.00854173383 0 0.999997317 0 0 0.00231646147 0 0 0 0.00463292708 -0 0
1687940894.11052537 -0.108154415 0.0227861965 0 0.999999245 0 0 -0.00122857676 0 0 0 3.1391355 -3.14159265 3.14159265
1687940894.21137381 -0.0985053235 -0.0313832542 0 0.999999266 0 0 -0.00121166959 0 0 0 3.13916931 -3.14159265 3.14159265
1687940894.31224203 -0.041451184 0.0216544454 0 0.999991444 0 0 -0.00413655051 0 0 0 3.13331953 -3.14159265 3.14159265
1687940894.41307569 -0.164083413 -0.0148102291 0 0.999999956 0 0 0.00029624163 0 0 0 0.000592483269 -0 0
1687940894.51395273 -0.0454101802 -0.052269831 0 0.999993367 0 0 -0.00364218459 0 0 0 3.13430827 -3.14159265 3.14159265
1687940894.61486268 -0.174774753 0.0126855239 0 0.999997262 0 0 -0.00234025302 0 0 0 3.13691214 -3.14159265 3.14159265
1687940894.71568298 -0.0888474935 -0.0376885032 0 0.999995631 0 0 -0.00295589169 0 0 0 3.13568086 -3.14159265 3.14159265
1687940894.81651568 -0.109302833 0.0259788929 0 0.999991176 0 0 -0.00420090647 0 0 0 3.13319082 -3.14159265 3.14159265
1687940894.9173913 -0.0861766206 -0.0289047433 0 0.999999575 0 0 -0.000922349531 0 0 0 3.13974795 -3.14159265 3.14159265
1687940895.0182569 -0.131823499 -8.22358705e-05 0 0.999996669 0 0 -0.00258105713 0 0 0 3.13643053 -3.14159265 3.14159265
1687940895.11909866 -0.15984073 -0.0285058538 0 0.999995803 0 0 -0.00289712521 0 0 0 3.1357984 -3.14159265 3.14159265
1687940895.21999741 -0.0837272522 -0.0194885127 0 0.999998964 0 0 -0.00143975805 0 0 0 3.13871314 -3.14159265 3.14159265
1687940895.32081604 -0.080702225 -0.024537107 0 1 0 0 2.68354911e-05 0 0 0 5.36709823e-05 -0 0
1687940895.4217 -0.142085937 -0.0200429048 0 0.999998005 0 0 -0.00199759348 0 0 0 3.13759746 -3.14159265 3.14159265
1687940895.522542 -0.115496976 -0.00732119786 0 0.999996727 0 0 -0.00255849052 0 0 0 3.13647567 -3.14159265 3.14159265
1687940895.62339211 -0.0891952404 -0.0285996531 0 0.999999779 0 0 -0.0006645966 0 0 0 3.14026346 -3.14159265 3.14159265
1687940895.72426605 -0.112411519 0.00683751528 0 0.999999518 0 0 -0.000981737393 0 0 0 3.13962918 -3.14159265 3.14159265
1687940895.82513261 -0.135137216 -0.0230582048 0 0.999994003 0 0 -0.00346313871 0 0 0 3.13466636 -3.14159265 3.14159265
1687940895.92599297 -0.115441037 -0.01713163 0 0.999996409 0 0 -0.00268010142 0 0 0 3.13623244 -3.14159265 3.14159265
1687940896.02682877 -0.095580924 -0.0269546751 0 0.999999109 0 0 -0.00133522598 0 0 0 3.1389222 -3.14159265 3.14159265
1687940896.12769103 -0.131598909 -0.00576366856 0 0.999996289 0 0 -0.00272444577 0 0 0 3.13614376 -3.14159265 3.14159265
1687940896.22855711 -0.156999805 -0.0524579224 0 0.999997861 0 0 -0.00206854857 0 0 0 3.13745555 -3.14159265 3.14159265
1687940896.32946825 -0.0523965091 -0.0105198434 0 0.99999858 0 0 -0.00168508264 0 0 0 3.13822249 -3.14159265 3.14159265
1687940896.43027067 -0.153967672 0.014025949 0 0.999999544 0 0 0.000954978026 0 0 0 0.00190995634 -0 0
1687940896.53112674 -0.185367672 0.00345282292 0 0.999998343 0 0 -0.00182026637 0 0 0 3.13795212 -3.14159265 3.14159265
1687940896.63199615 -0.0951058755 -0.0134294669 0 0.999998174 0 0 0.00191082478 0 0 0 0.0038216519 -0 0
1687940896.73285341 -0.177619298 0.0498592667 0 0.999999992 0 0 0.000130383034 0 0 0 0.000260766069 -0 0
1687940896.83400249 -0.125294492 0.0130015388 0 0.999999683 0 0 0.000796615165 0 0 0 0.0015932305 -0 0
1687940896.93458152 -0.135705321 -0.0316265589 0 0.999999992 0 0 0.000127558344 0 0 0 0.000255116689 -0 0
1687940897.03543234 -0.0773387009 0.0158483109 0 0.999999504 0 0 0.0009963971 0 0 0 0.00199279453 -0 0
1687940897.13629007 -0.0526550658 -0.00970115091 0 0.999999063 0 0 0.00136867359 0 0 0 0.00273734803 -0 0
1687940897.2371521 -0.131009529 -0.0138707822 0 0.999996877 0 0 -0.00249901038 0 0 0 3.13659463 -3.14159265 3.14159265
1687940897.33800459 -0.106687887 -0.0268577778 0 0.999991709 0 0 -0.00407202618 0 0 0 3.13344858 -3.14159265 3.14159265
1687940897.4388864 -0.0907730369 -0.00775727753 0 0.999996632 0 0 -0.00259530295 0 0 0 3.13640204 -3.14159265 3.14159265
1687940897.53976536 -0.0982454308 -0.0393079172 0 0.999997781 0 0 -0.00210662596 0 0 0 3.1373794 -3.14159265 3.14159265
1687940897.64059401 -0.0775798994 -0.026540679 0 0.999998844 0 0 -0.00152081851 0 0 0 3.13855102 -3.14159265 3.14159265
1687940897.74144483 -0.106870069 -0.0148925513 0 0.999999948 0 0 0.000321157209 0 0 0 0.00064231443 -0 0
1687940897.84231997 -0.100446555 -0.0020487261 0 0.999999751 0 0 -0.000705035756 0 0 0 3.14018258 -3.14159265 3.14159265
1687940897.94319034 -0.0959401864 -0.01274432 0 0.999999484 0 0 -0.00101586365 0 0 0 3.13956093 -3.14159265 3.14159265
1687940898.04403877 -0.0707962049 -0.010123694 0 0.999999992 0 0 0.000127685456 0 0 0 0.000255370913 -0 0
1687940898.14490461 -0.104059842 0.00919487416 0 0.999999598 0 0 -0.000896799155 0 0 0 3.13979906 -3.14159265 3.14159265
1687940898.24575806 -0.10825457 0.00699135429 0 0.999998913 0 0 -0.00147472382 0 0 0 3.1386432 -3.14159265 3.14159265
1687940898.3466382 -0.0849294526 -0.0207194009 0 0.999999076 0 0 -0.00135943635 0 0 0 3.13887378 -3.14159265 3.14159265
1687940898.44747567 -0.113839666 0.00229099056 0 0.999997915 0 0 -0.00204225439 0 0 0 3.13750814 -3.14159265 3.14159265
1687940898.54832006 -0.0929565596 -0.00595041272 0 0.999998096 0 0 -0.0019514846 0 0 0 3.13768968 -3.14159265 3.14159265
1687940898.64917898 -0.121427347 -0.0282272691 0 0.999998682 0 0 -0.00162356806 0 0 0 3.13834552 -3.14159265 3.14159265
1687940898.75004387 -0.0835296759 -0.00434094526 0 0.999999994 0 0 -0.000111198746 0 0 0 3.14137026 -3.14159265 3.14159265
1687940898.85091352 -0.111887456 -0.0294058834 0 0.999998985 0 0 -0.00142448537 0 0 0 3.13874368 -3.14159265 3.14159265
1687940898.95175743 -0.130278251 -0.0176940368 0 0.999998835 0 0 -0.00152635066 0 0 0 3.13853995 -3.14159265 3.14159265
1687940899.05264711 -0.128685989 -0.0228451674 0 0.999998004 0 0 -0.0019978008 0 0 0 3.13759705 -3.14159265 3.14159265
1687940899.15347767 -0.126319708 -0.0272324082 0 0.99999803 0 0 -0.00198477961 0 0 0 3.13762309 -3.14159265 3.14159265
1687940899.55691576 -0.424118198 -0.0540337185 0 0.999977558 0 0 -0.00669950123 0 0 0 3.12819355 -3.14159265 3.14159265
1687940899.65779209 -0.115447898 -0.0200496629 0 0.999999015 0 0 -0.001403504 0 0 0 3.13878564 -3.14159265 3.14159265
1687940899.75863695 -0.103808312 0.0149298891 0 0.999999094 0 0 -0.00134596099 0 0 0 3.13890073 -3.14159265 3.14159265
1687940899.85952497 -0.113565481 -0.024698003 0 0.999999298 0 0 -0.00118466121 0 0 0 3.13922333 -3.14159265 3.14159265
1687940899.96035767 -0.0916783642 -0.00576735792 0 0.999999013 0 0 -0.00140525991 0 0 0 3.13878213 -3.14159265 3.14159265
1687940900.06123352 -0.10717562 -0.00874494933 0 0.999996855 0 0 -0.00250781962 0 0 0 3.13657701 -3.14159265 3.14159265
1687940900.16209626 -0.130893299 -0.0172766264 0 0.999999116 0 0 -0.00133000532 0 0 0 3.13893264 -3.14159265 3.14159265
1687940900.26293302 -0.139147484 -0.0556870049 0 0.999998217 0 0 -0.00188818135 0 0 0 3.13781629 -3.14159265 3.14159265
1687940900.36380768 -0.0998250285 -0.00365557929 0 0.999999307 0 0 -0.00117732014 0 0 0 3.13923801 -3.14159265 3.14159265
1687940900.46465921 -0.156067785 -0.0201604601 0 0.999999929 0 0 -0.000378042097 0 0 0 3.14083657 -3.14159265 3.14159265
1687940900.56551766 -0.125859639 -0.0157582018 0 0.999998872 0 0 -0.00150224523 0 0 0 3.13858816 -3.14159265 3.14159265
1687940900.66638327 -0.122819267 0.00766132263 0 0.999999131 0 0 -0.00131825661 0 0 0 3.13895614 -3.14159265 3.14159265
1687940900.7672472 -0.167020423 0.0222711802 0 0.999999924 0 0 0.00039004996 0 0 0 0.000780099939 -0 0
1687940900.86810064 -0.114563851 0.0228172143 0 0.999998137 0 0 -0.00193038676 0 0 0 3.13773188 -3.14159265 3.14159265
1687940900.96895885 -0.156442157 -0.0414409218 0 0.999999223 0 0 -0.00124691186 0 0 0 3.13909883 -3.14159265 3.14159265
1687940901.06980944 -0.121932435 -0.0121439232 0 0.99999998 0 0 -0.000198055735 0 0 0 3.14119654 -3.14159265 3.14159265
1687940901.17067146 -0.126126112 -0.00341213494 0 0.999999044 0 0 0.00138257678 0 0 0 0.00276515444 -0 0
1687940901.2715621 -0.135037211 -0.000352786012 0 0.999999834 0 0 -0.000576619394 0 0 0 3.14043941 -3.14159265 3.14159265
1687940901.37238884 -0.114748235 -0.0050442829 0 0.99999905 0 0 0.00137835785 0 0 0 0.00275671658 -0 0
1687940901.47325563 -0.122346039 -0.0231372175 0 0.999991833 0 0 0.0040415852 0 0 0 0.0080831924 -0 0
1687940901.57410979 -0.127554606 0.0279667533 0 0.999999548 0 0 -0.000951161969 0 0 0 3.13969033 -3.14159265 3.14159265
1687940901.6749959 -0.119193173 0.00282070095 0 0.999999163 0 0 0.00129410352 0 0 0 0.00258820777 -0 0
1687940901.77582741 -0.213713228 0.012195295 0 0.999998647 0 0 0.00164473832 0 0 0 0.00328947812 -0 0
1687940901.87668705 -0.137759104 0.022959063 0 0.999999383 0 0 0.00111051724 0 0 0 0.00222103493 -0 0
1687940901.97754574 -0.10908777 0.0311628805 0 0.999995823 0 0 0.00289040791 0 0 0 0.00578082387 -0 0
1687940902.07842875 -0.10337877 0.037618504 0 0.999999167 0 0 0.0012904226 0 0 0 0.00258084592 -0 0
1687940902.17926741 -0.178544971 0.00862141218 0 0.999992638 0 0 0.00383718376 0 0 0 0.00767438636 -0 0
1687940902.28012371 -0.166722899 0.01267627 0 0.999998984 0 0 0.00142521828 0 0 0 0.00285043753 -0 0
1687940902.38098168 -0.104629833 0.0176866162 0 0.99999484 0 0 0.00321241304 0 0 0 0.00642483713 -0 0
1687940902.48184943 -0.139103759 0.0351085584 0 0.999999168 0 0 0.00129003612 0 0 0 0.00258007296 -0 0
1687940902.58272696 -0.127743038 0.0277039545 0 0.999996047 0 0 0.00281180691 0 0 0 0.00562362122 -0 0
1687940902.68358994 -0.103164134 -0.0141385506 0 0.999994724 0 0 0.00324843343 0 0 0 0.0064968783 -0 0
1687940902.78443503 -0.103829805 0.0133347788 0 0.999998057 0 0 0.00197154344 0 0 0 0.00394308943 -0 0
1687940902.88528013 -0.151346755 0.0140630504 0 0.999998788 0 0 -0.0015567607 0 0 0 3.13847913 -3.14159265 3.14159265
1687940902.98616791 -0.162712043 -0.0189166628 0 0.999999885 0 0 0.000479258164 0 0 0 0.000958516364 -0 0
1687940903.08699894 -0.102945182 -0.0421379292 0 0.999999303 0 0 0.00118025612 0 0 0 0.00236051279 -0 0
1687940903.18787813 -0.114617465 -0.00324225716 0 0.999999846 0 0 0.000555094003 0 0 0 0.00111018806 -0 0
1687940903.28873444 -0.106240903 -0.0304409501 0 0.999999917 0 0 0.00040858766 0 0 0 0.000817175342 -0 0
1687940903.38958502 -0.144788553 0.017429498 0 0.999999756 0 0 -0.000697871509 0 0 0 3.14019691 -3.14159265 3.14159265
1687940903.49045372 -0.0632732615 0.0266234747 0 0.99999972 0 0 -0.000748424192 0 0 0 3.14009581 -3.14159265 3.14159265
1687940903.59129667 -0.157253978 -0.000656418641 0 0.999999919 0 0 0.000403001267 0 0 0 0.000806002555 -0 0
1687940903.69215727 -0.104924548 0.044210344 0 0.999993906 0 0 0.00349103516 0 0 0 0.00698208451 -0 0
1687940903.79302454 -0.104746071 -0.039898418 0 0.999995209 0 0 -0.00309562254 0 0 0 3.1354014 -3.14159265 3.14159265
1687940903.8948617 -0.11815108 -0.000860121047 0 0.99999995 0 0 0.000317545585 0 0 0 0.000635091181 -0 0
1687940903.99477601 -0.0871529203 -0.0111959431 0 0.999997272 0 0 -0.00233595728 0 0 0 3.13692073 -3.14159265 3.14159265
1687940904.09559679 -0.0909218219 -0.00747947309 0 0.999999783 0 0 0.000659208313 0 0 0 0.00131841672 -0 0
1687940904.19647455 -0.0844055797 -0.00682075066 0 0.999999904 0 0 0.000438694582 0 0 0 0.000877389191 -0 0
1687940904.2973299 -0.0964012221 -0.0113066342 0 0.999999952 0 0 0.000310473211 0 0 0 0.000620946432 -0 0
1687940904.39820528 -0.0886509914 -0.0125110204 0 0.999998576 0 0 -0.00168773954 0 0 0 3.13821717 -3.14159265 3.14159265
1687940904.49905586 -0.081674133 -0.0206045722 0 0.999998082 0 0 0.00195867524 0 0 0 0.00391735298 -0 0
1687940904.59989333 -0.0740754652 -0.015869345 0 0.999999949 0 0 0.000319001455 0 0 0 0.000638002921 -0 0
1687940904.70075798 -0.0908618697 -0.0434493056 0 0.999998033 0 0 0.00198362461 0 0 0 0.00396725182 -0 0
1687940904.80161524 -0.0875065441 -0.00637261402 0 0.999995981 0 0 -0.00283509338 0 0 0 3.13592246 -3.14159265 3.14159265
1687940904.90247202 -0.136923119 0.000762479538 0 0.999999991 0 0 -0.000132639125 0 0 0 3.14132738 -3.14159265 3.14159265
1687940905.00333548 -0.166260935 0.0368894518 0 0.999994535 0 0 -0.0033061232 0 0 0 3.1349804 -3.14159265 3.14159265
1687940905.20506859 -0.207233293 -0.0347228648 0 0.999995912 0 0 -0.00285950051 0 0 0 3.13587364 -3.14159265 3.14159265
1687940905.30591106 -0.114229534 -0.0159470202 0 0.999999992 0 0 -0.000123723921 0 0 0 3.14134521 -3.14159265 3.14159265
1687940905.40679383 -0.0662534361 0.0530447538 0 0.999981275 0 0 -0.00611967858 0 0 0 3.12935322 -3.14159265 3.14159265
1687940905.50763607 -0.0709673518 -0.0491649398 0 0.999999749 0 0 0.000707998049 0 0 0 0.00141599622 -0 0
1687940905.60850453 -0.102991746 -0.0496710506 0 0.999999753 0 0 0.000703444921 0 0 0 0.00140688996 -0 0
1687940905.70937252 -0.0639582622 0.00163025965 0 0.999996086 0 0 -0.00279778664 0 0 0 3.13599707 -3.14159265 3.14159265
1687940905.81021214 -0.0761155268 0.026542286 0 0.99999826 0 0 -0.00186546455 0 0 0 3.13786172 -3.14159265 3.14159265
1687940905.91107559 -0.13496968 -0.0726556869 0 0.999999116 0 0 0.0013292955 0 0 0 0.00265859178 -0 0
1687940906.11281919 -0.260578627 -0.0954561157 0 0.999994774 0 0 0.00323284876 0 0 0 0.00646570877 -0 0
1687940906.5162251 0 0 0 1 0 0 0 0 0 0 0 -0 0
1687940906.61712074 -0.133128675 0.0268238751 0 0.999999589 0 0 0.000907103551 0 0 0 0.00181420735 -0 0
1687940907.02052379 0 0 0 1 0 0 0 0 0 0 0 -0 0
1687940907.12142491 0 0 0 1 0 0 0 0 0 0 0 -0 0
1687940907.2222414 -0.167447775 -0.0164501268 0 0.999999951 0 0 -0.000313520729 0 0 0 3.14096561 -3.14159265 3.14159265
1687940907.32312059 -0.0871114662 -0.0160962866 0 0.999999925 0 0 0.000387897462 0 0 0 0.000775794944 -0 0
1687940907.42397332 -0.163970761 0.0420080113 0 0.999999958 0 0 0.000290011585 0 0 0 0.000580023178 -0 0
1687940907.52486753 -0.100500617 -0.0176060818 0 0.999999506 0 0 0.000994234193 0 0 0 0.00198846871 -0 0
1687940907.62569451 -0.105979403 0.0342908771 0 0.999999999 0 0 -4.93112644e-05 0 0 0 3.14149403 -3.14159265 3.14159265
1687940907.72654057 -0.123923499 0.00557145602 0 0.99999371 0 0 0.00354669374 0 0 0 0.00709340236 -0 0
1687940907.82739925 -0.105239688 0.0484540086 0 0.999999269 0 0 0.0012087425 0 0 0 0.00241748558 -0 0
1687940907.92830491 -0.0796326654 0.00334235778 0 0.999994144 0 0 0.00342226693 0 0 0 0.00684454722 -0 0
1687940908.02913523 -0.15096323 0.0244939393 0 0.99999874 0 0 0.00158770515 0 0 0 0.00317541163 -0 0
1687940908.12997794 -0.136331294 0.0412315334 0 0.999999348 0 0 0.00114194725 0 0 0 0.00228389501 -0 0
1687940908.23083639 -0.143519223 -0.00575705856 0 0.99999895 0 0 0.00144933934 0 0 0 0.0028986797 -0 0
1687940908.33171797 -0.132173146 0.0222793659 0 0.999997805 0 0 0.00209520723 0 0 0 0.00419041752 -0 0
1687940908.4325614 -0.130428097 -0.0100964759 0 0.999998965 0 0 0.00143847114 0 0 0 0.00287694327 -0 0
1687940908.53341556 -0.131284108 0.0481030773 0 0.999997973 0 0 0.00201343117 0 0 0 0.00402686506 -0 0
1687940908.63430643 -0.133207903 0.0318493043 0 0.999996077 0 0 0.00280107366 0 0 0 0.00560215464 -0 0
1687940908.73513937 -0.12882395 0.0164778581 0 0.999995897 0 0 0.00286474028 0 0 0 0.00572948839 -0 0
1687940908.83600855 -0.111447889 0.0473447366 0 0.999994798 0 0 0.00322549382 0 0 0 0.00645099882 -0 0
1687940908.93686199 -0.163439859 0.0252977237 0 0.999998628 0 0 0.00165634686 0 0 0 0.00331269524 -0 0
1687940909.03771448 -0.13731847 0.0252249205 0 0.999998795 0 0 0.00155267271 0 0 0 0.00310534666 -0 0
1687940909.13857746 -0.126678028 0.0121440368 0 0.999997518 0 0 0.00222800582 0 0 0 0.00445601533 -0 0
1687940909.23943806 -0.155084503 0.0357331041 0 0.999999782 0 0 0.000660537115 0 0 0 0.00132107433 -0 0
1687940909.34032488 -0.10538092 -0.00159394208 0 0.999999616 0 0 0.000876395097 0 0 0 0.00175279042 -0 0
1687940909.44115257 -0.101168623 0.0216768016 0 0.999995853 0 0 0.00288000388 0 0 0 0.00576001572 -0 0
1687940909.54201698 -0.134696502 0.00618239944 0 0.999998768 0 0 0.00156947161 0 0 0 0.00313894451 -0 0
1687940909.64290166 -0.131073853 0.0389786811 0 0.999999241 0 0 0.00123215644 0 0 0 0.00246431351 -0 0
1687940909.74375701 -0.134093374 0.0299695743 0 0.999996982 0 0 0.00245675958 0 0 0 0.0049135241 -0 0
1687940909.84459257 -0.136981407 0.0292323492 0 0.999996074 0 0 0.00280210646 0 0 0 0.00560422026 -0 0
1687940909.9454608 -0.1258293 0.0232479204 0 0.999996154 0 0 0.00277343339 0 0 0 0.0055468739 -0 0
1687940910.04632568 -0.140598962 0.0473867243 0 0.99999869 0 0 0.00161848892 0 0 0 0.00323697926 -0 0
1687940910.14720082 -0.117990411 0.0052982873 0 0.999997886 0 0 0.0020564022 0 0 0 0.00411280731 -0 0
1687940910.24803019 -0.140764897 0.0383357779 0 0.99999938 0 0 0.00111343792 0 0 0 0.0022268763 -0 0
1687940910.34890079 -0.117878397 0.00922541815 0 0.999997386 0 0 0.00228628357 0 0 0 0.00457257113 -0 0
1687940910.44976568 -0.10017648 0.0177346798 0 0.999998331 0 0 0.00182701895 0 0 0 0.00365403993 -0 0
1687940910.55063725 -0.128201169 0.00622727271 0 0.999998148 0 0 0.00192436895 0 0 0 0.00384874028 -0 0
1687940910.65149117 -0.149585495 0.0325108913 0 0.999999969 0 0 0.000249214969 0 0 0 0.000498429944 -0 0
1687940910.75235319 -0.139580892 0.00472394294 0 0.999997692 0 0 0.00214858903 0 0 0 0.00429718137 -0 0
1687940910.85318971 -0.134855688 0.0146681339 0 0.999999814 0 0 0.000610260025 0 0 0 0.00122052013 -0 0
1687940910.95407414 -0.123513083 0.00863179089 0 0.999994336 0 0 0.00336575084 0 0 0 0.00673151438 -0 0
1687940911.0549264 -0.135049295 0.0354875044 0 0.999995356 0 0 0.00304751679 0 0 0 0.00609504302 -0 0
1687940911.15580559 -0.154410024 0.0253365145 0 0.999998017 0 0 0.0019914954 0 0 0 0.00398299344 -0 0
1687940911.25662422 -0.140796346 0.0169049221 0 0.999996876 0 0 0.00249974865 0 0 0 0.00499950252 -0 0
1687940911.35748434 -0.147995413 0.00854650241 0 0.999996392 0 0 0.00268637849 0 0 0 0.00537276344 -0 0
1687940911.45834851 -0.124069269 0.0192196172 0 0.999997589 0 0 0.00219610987 0 0 0 0.00439222328 -0 0
1687940911.55920792 -0.157102115 0.0145945343 0 0.999995648 0 0 0.00295011222 0 0 0 0.00590023299 -0 0
1687940911.66010976 -0.163035926 0.0523474818 0 0.999999999 0 0 4.64349682e-05 0 0 0 9.28699364e-05 -0 0
1687940911.76092196 -0.129699823 0.0337834812 0 0.999999193 0 0 0.00127009293 0 0 0 0.00254018654 -0 0
1687940911.8617816 -0.168140173 -0.00550239779 0 0.999998287 0 0 0.00185092555 0 0 0 0.00370185322 -0 0
1687940911.96264195 -0.144655955 0.0249559638 0 0.999999905 0 0 -0.000435933247 0 0 0 3.14072079 -3.14159265 3.14159265
1687940912.06350851 -0.10474774 -0.0134903761 0 0.999999975 0 0 -0.000222063646 0 0 0 3.14114853 -3.14159265 3.14159265
1687940912.16436338 -0.137949243 -0.0225386016 0 0.99999987 0 0 -0.000510082723 0 0 0 3.14057249 -3.14159265 3.14159265
1687940912.26521826 -0.170986672 0.00297545919 0 0.999998524 0 0 -0.00171812593 0 0 0 3.1381564 -3.14159265 3.14159265
1687940912.36608028 -0.132295279 -0.0261006454 0 0.999999784 0 0 0.000657001156 0 0 0 0.00131400241 -0 0
1687940912.46694803 -0.115261241 -0.0394178679 0 0.999999904 0 0 -0.000437262402 0 0 0 3.14071813 -3.14159265 3.14159265
1687940912.5678885 -0.148581084 -0.00561936936 0 0.999998429 0 0 -0.00177263853 0 0 0 3.13804737 -3.14159265 3.14159265
1687940912.66865778 -0.152666331 -0.0280152117 0 0.999999763 0 0 -0.000688929263 0 0 0 3.14021479 -3.14159265 3.14159265
1687940912.76952672 -0.146916128 0.0238836858 0 0.999998629 0 0 -0.00165592709 0 0 0 3.1382808 -3.14159265 3.14159265
1687940912.87038827 -0.121755403 -0.0293215808 0 0.999999508 0 0 0.000992355347 0 0 0 0.00198471102 -0 0
1687940912.97124195 -0.155953854 0.00324643853 0 0.999999917 0 0 -0.000406886561 0 0 0 3.14077888 -3.14159265 3.14159265
1687940913.07209516 -0.130566452 0.0180520625 0 0.999997934 0 0 -0.00203290932 0 0 0 3.13752683 -3.14159265 3.14159265
1687940913.17296934 -0.140801616 0.00686456653 0 0.999998826 0 0 -0.00153231391 0 0 0 3.13852802 -3.14159265 3.14159265
1687940913.27385521 -0.136123646 -0.0143794278 0 0.999998846 0 0 -0.00151946983 0 0 0 3.13855371 -3.14159265 3.14159265
1687940913.37469769 -0.144168867 -0.018503154 0 0.999999998 0 0 6.0999179e-05 0 0 0 0.000121998358 -0 0
1687940913.47553635 -0.142561683 0.00633674214 0 0.999999532 0 0 -0.00096795371 0 0 0 3.13965675 -3.14159265 3.14159265
1687940913.57640958 -0.131273291 -0.0234890794 0 0.999998847 0 0 0.00151884759 0 0 0 0.00303769635 -0 0
1687940913.67726183 -0.156065183 0.0115226687 0 0.999999971 0 0 0.000242216908 0 0 0 0.00048443382 -0 0
1687940913.77812219 -0.144229556 0.000852955083 0 0.999999681 0 0 0.0007984507 0 0 0 0.00159690157 -0 0
1687940913.87900972 -0.133481654 -0.0193790369 0 0.999999831 0 0 0.000580776406 0 0 0 0.00116155288 -0 0
1687940913.9798317 -0.152100234 0.00867589833 0 0.9999996 0 0 0.000894373936 0 0 0 0.00178874811 -0 0
1687940914.08071351 -0.144172276 -0.00202807878 0 0.999999814 0 0 0.000609410994 0 0 0 0.00121882206 -0 0
1687940914.18155575 -0.113194651 0.0365183971 0 0.999999997 0 0 -8.35086083e-05 0 0 0 3.14142564 -3.14159265 3.14159265
1687940914.28241253 -0.120202363 0.00739454248 0 0.999999232 0 0 0.00123945274 0 0 0 0.00247890611 -0 0
1687940914.38329959 -0.143648734 0.0105829334 0 0.999999753 0 0 0.000703116719 0 0 0 0.00140623355 -0 0
1687940914.48417377 -0.128979664 -0.0144507334 0 0.999999946 0 0 -0.000329033472 0 0 0 3.14093459 -3.14159265 3.14159265
1687940914.68585157 -0.261924625 -0.00216402501 0 0.999999605 0 0 0.000888597338 0 0 0 0.00177719491 -0 0
1687940914.78671241 -0.126096678 -0.0100268303 0 0.999999308 0 0 0.00117671853 0 0 0 0.0023534376 -0 0
1687940914.88758993 -0.135463178 -0.0171356201 0 0.999998364 0 0 0.00180898718 0 0 0 0.00361797632 -0 0
1687940914.98845387 -0.115645657 0.0175052991 0 0.999995523 0 0 0.00299225276 0 0 0 0.00598451445 -0 0
1687940915.08930254 -0.128276742 0.0159838669 0 0.999995459 0 0 0.00301360631 0 0 0 0.00602722174 -0 0
1687940915.19016171 -0.127513293 0.0383134635 0 0.999995118 0 0 0.00312471287 0 0 0 0.00624943592 -0 0
1687940915.29100657 -0.116201498 0.0330997926 0 0.999998725 0 0 0.00159656306 0 0 0 0.00319312747 -0 0
1687940915.39189458 -0.136924711 0.0135185182 0 0.999997751 0 0 0.00212087341 0 0 0 0.00424175 -0 0
1687940915.49274278 -0.107840929 0.0232455233 0 0.999997989 0 0 0.0020056101 0 0 0 0.0040112229 -0 0
1687940915.59358501 -0.149476502 0.0197240452 0 0.999998977 0 0 0.00143018825 0 0 0 0.00286037748 -0 0
1687940915.69446039 -0.0953743527 0.00163312374 0 0.999999991 0 0 0.000132137543 0 0 0 0.000264275087 -0 0
1687940915.79530835 -0.132779592 0.00119585024 0 0.999998667 0 0 0.00163299814 0 0 0 0.00326599772 -0 0
1687940915.89619064 -0.114446756 -0.00709364464 0 0.999999386 0 0 0.00110827011 0 0 0 0.00221654068 -0 0
1687940915.99704051 -0.124936442 0.000717569675 0 0.999999821 0 0 0.000598101083 0 0 0 0.00119620224 -0 0
1687940916.09790754 -0.135625437 -0.0192956287 0 0.999999575 0 0 0.000922024241 0 0 0 0.00184404874 -0 0
1687940916.19875431 -0.123939302 0.0138003532 0 0.999999833 0 0 -0.000577559794 0 0 0 3.14043753 -3.14159265 3.14159265
1687940916.29961252 -0.12064736 0.00501865953 0 0.999999997 0 0 -7.67022275e-05 0 0 0 3.14143925 -3.14159265 3.14159265
1687940916.40046263 -0.153737749 -0.00822202039 0 0.999999978 0 0 0.000211581099 0 0 0 0.000423162201 -0 0
1687940916.50132084 -0.14888702 -0.0110205209 0 0.999999988 0 0 0.000157000491 0 0 0 0.000314000984 -0 0
1687940916.60218811 -0.114702314 0.00394302141 0 0.99999883 0 0 -0.00152945771 0 0 0 3.13853374 -3.14159265 3.14159265
1687940916.70304894 -0.119895564 0.0160272121 0 0.999998128 0 0 -0.00193519358 0 0 0 3.13772226 -3.14159265 3.14159265
1687940916.80391598 -0.14815015 -0.0137685013 0 0.9999995 0 0 -0.000999757601 0 0 0 3.13959314 -3.14159265 3.14159265
1687940916.90476012 -0.119813044 0.00299450106 0 0.999999034 0 0 -0.00138983292 0 0 0 3.13881299 -3.14159265 3.14159265
1687940917.00562477 -0.135831438 0.0197072499 0 0.999999996 0 0 -8.8059146e-05 0 0 0 3.14141654 -3.14159265 3.14159265
1687940917.1064868 -0.137549053 0.0158734463 0 0.99999999 0 0 0.000144529029 0 0 0 0.00028905806 -0 0
1687940917.20735455 -0.166164191 0.0123594838 0 0.99999873 0 0 0.00159364386 0 0 0 0.00318728906 -0 0
1687940917.30819774 -0.138025479 0.0237812867 0 0.999999878 0 0 0.000493388498 0 0 0 0.000986777036 -0 0
1687940917.4090867 -0.121880925 -0.0138687195 0 0.999999959 0 0 0.0002860134 0 0 0 0.000572026808 -0 0
1687940917.50993013 -0.208030613 -0.0244352857 0 0.999998999 0 0 -0.0014151565 0 0 0 3.13876234 -3.14159265 3.14159265
1687940917.61077738 -0.12481797 -0.0173366563 0 0.999999415 0 0 -0.00108165141 0 0 0 3.13942935 -3.14159265 3.14159265
1687940917.71163607 -0.171432127 -0.0343261255 0 0.999999629 0 0 -0.000861217611 0 0 0 3.13987022 -3.14159265 3.14159265
1687940917.81252027 -0.171353797 -0.0270981017 0 0.99999648 0 0 -0.0026533008 0 0 0 3.13628605 -3.14159265 3.14159265
1687940918.01424217 -0.251072375 -0.0421981336 0 0.999992609 0 0 -0.00384480471 0 0 0 3.13390303 -3.14159265 3.14159265
1687940918.11510611 -0.113658707 -0.00900318814 0 0.999995999 0 0 -0.00282888348 0 0 0 3.13593488 -3.14159265 3.14159265
1687940918.21594596 -0.133897361 0.0180380661 0 0.999994619 0 0 -0.0032805269 0 0 0 3.13503159 -3.14159265 3.14159265
1687940918.31682396 -0.121027953 -0.0169388063 0 0.999999808 0 0 -0.000619824314 0 0 0 3.140353 -3.14159265 3.14159265
1687940918.41766715 -0.106152161 -0.00758117211 0 0.999998907 0 0 -0.00147864689 0 0 0 3.13863536 -3.14159265 3.14159265
1687940918.51851511 -0.089117051 -0.0116717129 0 0.999998225 0 0 -0.00188411148 0 0 0 3.13782443 -3.14159265 3.14159265
1687940918.61937881 -0.14749206 -0.0178960459 0 0.999997475 0 0 -0.00224722176 0 0 0 3.13709821 -3.14159265 3.14159265
1687940918.72026491 -0.169869176 0.00544102429 0 0.999994012 0 0 -0.00346051441 0 0 0 3.13467161 -3.14159265 3.14159265
1687940918.8211062 -0.116540246 -0.0470270858 0 0.999999957 0 0 0.000293407333 0 0 0 0.000586814675 -0 0
1687940918.92198467 -0.168162346 -0.0432823913 0 0.999998266 0 0 -0.00186205038 0 0 0 3.13786855 -3.14159265 3.14159265
1687940919.02281237 -0.119063834 -0.000130069286 0 0.999996674 0 0 -0.00257907849 0 0 0 3.13643449 -3.14159265 3.14159265
1687940919.12367702 -0.131571264 -0.0317081611 0 0.999998418 0 0 -0.00177878107 0 0 0 3.13803509 -3.14159265 3.14159265
1687940919.22454405 -0.113553571 -0.0203444462 0 0.999998195 0 0 -0.00190003091 0 0 0 3.13779259 -3.14159265 3.14159265
1687940919.32542419 -0.0855295615 -0.0391448386 0 0.999999587 0 0 -0.000908536573 0 0 0 3.13977558 -3.14159265 3.14159265
1687940919.42625356 -0.131548061 -0.0252812627 0 0.999998467 0 0 -0.00175076878 0 0 0 3.13809111 -3.14159265 3.14159265
1687940919.52711487 -0.14819566 -0.00748350955 0 0.999991006 0 0 -0.00424115259 0 0 0 3.13311032 -3.14159265 3.14159265
1687940919.62797737 -0.091824958 -0.027418161 0 0.999999998 0 0 7.06865346e-05 0 0 0 0.000141373069 -0 0
1687940919.7288444 -0.148418953 -0.0073323363 0 0.999996421 0 0 -0.00267535703 0 0 0 3.13624193 -3.14159265 3.14159265
1687940919.82969952 -0.114817029 0.00121727139 0 0.999999969 0 0 -0.000249041047 0 0 0 3.14109457 -3.14159265 3.14159265
1687940919.93056583 -0.091489253 0.00163751355 0 0.999999134 0 0 0.00131618636 0 0 0 0.00263237347 -0 0
1687940920.03145027 -0.0708049432 0.0165629599 0 0.999999712 0 0 0.000759481582 0 0 0 0.00151896331 -0 0
1687940920.13226819 -0.0930181607 0.0218555832 0 0.999999932 0 0 -0.000368942284 0 0 0 3.14085477 -3.14159265 3.14159265
1687940920.23316431 -0.12310905 0.00196794749 0 0.999999974 0 0 0.000226530532 0 0 0 0.000453061067 -0 0
1687940920.33400893 -0.104045663 0.00966790231 0 0.999999936 0 0 0.000358428366 0 0 0 0.000716856747 -0 0
1687940920.43486118 -0.12619064 0.0234586735 0 0.99999999 0 0 0.000141062447 0 0 0 0.000282124896 -0 0
1687940920.53570652 -0.0775645221 -0.0121288604 0 0.999998547 0 0 0.00170453374 0 0 0 0.00340906913 -0 0
1687940920.63656521 -0.121936813 0.0287734272 0 0.999999965 0 0 -0.000263272253 0 0 0 3.14106611 -3.14159265 3.14159265
1687940920.73746252 -0.0784675364 0.00182773355 0 0.999999632 0 0 0.000858227967 0 0 0 0.00171645614 -0 0
1687940920.83829641 -0.113489683 0.0228908119 0 0.999999633 0 0 -0.00085659802 0 0 0 3.13987946 -3.14159265 3.14159265
1687940920.93915892 -0.0837064511 0.00363927472 0 0.999999472 0 0 -0.00102729481 0 0 0 3.13953806 -3.14159265 3.14159265
1687940921.04000139 -0.102522238 0.0105401997 0 0.999999829 0 0 -0.000584400266 0 0 0 3.14042385 -3.14159265 3.14159265
1687940921.14089227 -0.0854494568 0.00489560251 0 0.999999535 0 0 -0.000964595756 0 0 0 3.13966346 -3.14159265 3.14159265
1687940921.24175024 -0.112843683 0.00673505911 0 0.999999552 0 0 0.000946610803 0 0 0 0.00189322189 -0 0
1687940921.34260941 -0.0863666552 0.0107380817 0 0.999999638 0 0 -0.000851160258 0 0 0 3.13989033 -3.14159265 3.14159265
1687940921.44344616 -0.0986737803 0.021240458 0 0.999999838 0 0 0.000569646317 0 0 0 0.0011392927 -0 0
1687940921.54432511 -0.0999966654 0.0047414938 0 0.999999723 0 0 0.000744507412 0 0 0 0.00148901496 -0 0
1687940921.64518785 -0.0946477969 -0.0106188271 0 0.999999684 0 0 0.000794728687 0 0 0 0.00158945754 -0 0
1687940921.74603653 -0.0994237257 0.0126507162 0 0.999999912 0 0 0.00042039954 0 0 0 0.000840799104 -0 0
1687940921.84689474 -0.100934479 0.00993381275 0 0.999999986 0 0 0.000167355906 0 0 0 0.000334711813 -0 0
1687940921.94774103 -0.0976359328 0.00880002026 0 0.999999861 0 0 0.000526813176 0 0 0 0.0010536264 -0 0
1687940922.04861879 -0.0980207638 0.00639641982 0 0.999999943 0 0 0.000337135416 0 0 0 0.000674270846 -0 0
1687940922.14945698 -0.10319786 0.00905108352 0 0.99999996 0 0 0.000282247655 0 0 0 0.000564495318 -0 0
1687940922.25031805 -0.0983922781 0.00865924889 0 0.99999996 0 0 0.000283294274 0 0 0 0.000566588556 -0 0
1687940922.35118008 -0.110686709 0.0134222434 0 0.999999996 0 0 8.67898324e-05 0 0 0 0.000173579665 -0 0
1687940922.45205212 -0.0583728391 0.00206784201 0 0.999999456 0 0 0.0010435019 0 0 0 0.00208700417 -0 0
1687940922.55484915 -0.121017521 0.00965815957 0 0.999998615 0 0 0.00166437366 0 0 0 0.00332874886 -0 0
1687940922.65375662 -0.119677477 0.026387197 0 0.999999485 0 0 0.00101470872 0 0 0 0.0020294178 -0 0
1687940922.75463438 -0.100961523 0.0134150673 0 0.99999794 0 0 0.002029539 0 0 0 0.00405908078 -0 0
1687940922.85549903 -0.108438609 0.0209732624 0 0.999998786 0 0 0.00155793404 0 0 0 0.00311586934 -0 0
1687940922.95634747 -0.108967116 0.0260083401 0 0.999997594 0 0 0.00219368703 0 0 0 0.00438737757 -0 0
1687940923.05719805 -0.0811724857 0.00811598988 0 0.999995597 0 0 0.0029675708 0 0 0 0.00593515031 -0 0
1687940923.15808296 -0.129114344 0.0377031103 0 0.999998103 0 0 0.00194781229 0 0 0 0.00389562704 -0 0
1687940923.25891829 -0.105064107 0.0266028262 0 0.999993707 0 0 0.00354779738 0 0 0 0.00709560964 -0 0
1687940923.3597908 -0.120067374 0.0288079861 0 0.999999166 0 0 0.00129123937 0 0 0 0.00258247946 -0 0
1687940923.46063185 -0.106567525 0.0233148018 0 0.999995975 0 0 0.0028374077 0 0 0 0.00567482301 -0 0
1687940923.56151485 -0.107416621 0.0132085527 0 0.999998922 0 0 0.00146818481 0 0 0 0.00293637068 -0 0
1687940923.66236115 -0.130758032 0.0294868249 0 0.999999682 0 0 0.000798053512 0 0 0 0.00159610719 -0 0
1687940923.76322484 -0.0898311627 0.0184072579 0 0.999999814 0 0 0.00060982552 0 0 0 0.00121965112 -0 0
1687940923.86410093 -0.119177622 0.0141819406 0 0.999999995 0 0 9.62551231e-05 0 0 0 0.000192510246 -0 0
1687940923.9649334 -0.142275354 0.0112937508 0 0.999999986 0 0 0.000170285185 0 0 0 0.000340570371 -0 0
1687940924.0658164 -0.124366361 0.00205625628 0 0.999999669 0 0 0.000813847979 0 0 0 0.00162769614 -0 0
1687940924.16666269 -0.0890175914 0.0140577687 0 0.999999945 0 0 -0.000330423869 0 0 0 3.14093181 -3.14159265 3.14159265
1687940924.26750898 -0.115235393 -0.00840744542 0 0.999999561 0 0 0.000937014041 0 0 0 0.00187402836 -0 0
1687940924.36837149 -0.112784683 0.0129000749 0 0.999999286 0 0 -0.00119520324 0 0 0 3.13920225 -3.14159265 3.14159265
1687940924.46926737 -0.144002734 -0.0124675708 0 0.999999578 0 0 0.000918501147 0 0 0 0.00183700255 -0 0
1687940924.57010937 -0.107646356 -0.00572300712 0 0.999999107 0 0 -0.00133646464 0 0 0 3.13891972 -3.14159265 3.14159265
1687940924.67095089 -0.143734949 -0.0183616779 0 0.999999921 0 0 -0.000397240062 0 0 0 3.14079817 -3.14159265 3.14159265
1687940924.77180719 -0.157617098 -0.0114826569 0 0.999999764 0 0 -0.000687373284 0 0 0 3.14021791 -3.14159265 3.14159265
1687940924.87269068 -0.131852763 -0.00620590824 0 0.999999254 0 0 -0.00122109959 0 0 0 3.13915045 -3.14159265 3.14159265
1687940924.97353101 -0.121688108 -0.0232751004 0 0.99999994 0 0 0.000347233605 0 0 0 0.000694467224 -0 0
1687940925.07439995 -0.101800098 -0.00283971666 0 0.999999859 0 0 0.000531040241 0 0 0 0.00106208053 -0 0
1687940925.17524576 -0.128120839 -0.00604068524 0 0.999999968 0 0 -0.000252967216 0 0 0 3.14108672 -3.14159265 3.14159265
1687940925.27615404 -0.114732137 -0.00961982124 0 0.999998946 0 0 -0.00145208074 0 0 0 3.13868849 -3.14159265 3.14159265
1687940925.37697124 -0.132062372 -0.0115635447 0 0.999998589 0 0 -0.00167986208 0 0 0 3.13823293 -3.14159265 3.14159265
1687940925.47782397 -0.130975465 -0.0059646813 0 0.999997096 0 0 -0.00241007691 0 0 0 3.1367725 -3.14159265 3.14159265
1687940925.57868242 -0.126268215 -0.0277430664 0 0.999999595 0 0 -0.000899672638 0 0 0 3.13979331 -3.14159265 3.14159265
1687940925.67955303 -0.129671428 -0.0365919849 0 0.999996337 0 0 -0.00270660952 0 0 0 3.13617943 -3.14159265 3.14159265
1687940925.78041887 -0.12583302 -0.0216079559 0 0.999994534 0 0 -0.00330643135 0 0 0 3.13497978 -3.14159265 3.14159265
1687940925.88128066 -0.13226612 -0.0246885617 0 0.999991761 0 0 -0.00405927446 0 0 0 3.13347408 -3.14159265 3.14159265
1687940925.98215437 -0.103174054 -0.0584396343 0 0.999992273 0 0 -0.00393116777 0 0 0 3.1337303 -3.14159265 3.14159265
1687940926.08298802 -0.120729616 -0.0254990565 0 0.999995681 0 0 -0.00293913245 0 0 0 3.13571438 -3.14159265 3.14159265
1687940926.18387127 -0.162693448 -0.0286042511 0 0.999998609 0 0 -0.00166795518 0 0 0 3.13825674 -3.14159265 3.14159265
1687940926.28470755 -0.120211638 -0.0279409226 0 0.999999398 0 0 0.0010976173 0 0 0 0.00219523504 -0 0
1687940926.38556004 -0.114728036 -0.0121786014 0 0.999999668 0 0 -0.0008147334 0 0 0 3.13996319 -3.14159265 3.14159265
1687940926.48642659 -0.111001885 -0.0319471309 0 0.999999857 0 0 0.000533937873 0 0 0 0.0010678758 -0 0
1687940926.5872879 -0.145329385 -0.0122585673 0 0.999999554 0 0 -0.000943978784 0 0 0 3.1397047 -3.14159265 3.14159265
1687940926.68814135 -0.138094023 0.0142863119 0 0.999998919 0 0 -0.00147019654 0 0 0 3.13865226 -3.14159265 3.14159265
1687940926.78900433 -0.121677397 0.00761887694 0 0.999999386 0 0 -0.00110859065 0 0 0 3.13937547 -3.14159265 3.14159265
1687940926.88988304 -0.16728937 -0.0226727958 0 0.999997813 0 0 0.00209128466 0 0 0 0.00418257236 -0 0
1687940926.99072504 -0.130225769 0.0261273336 0 0.999999515 0 0 0.000984623643 0 0 0 0.0019692476 -0 0
1687940927.09159088 -0.129345067 -0.00171671902 0 0.999999349 0 0 0.00114134313 0 0 0 0.00228268675 -0 0
1687940927.19245172 -0.149159987 0.0122335475 0 0.999999956 0 0 0.000295789781 0 0 0 0.000591579571 -0 0
1687940927.29329395 -0.0895346495 0.0100028905 0 0.99999998 0 0 0.00019904871 0 0 0 0.000398097422 -0 0
1687940927.39416695 -0.138516306 0.0155848927 0 0.999999894 0 0 -0.000459904359 0 0 0 3.14067284 -3.14159265 3.14159265
1687940927.49502587 -0.13792888 -0.0002340213 0 0.99999993 0 0 0.000374605301 0 0 0 0.000749210619 -0 0
1687940927.59588766 -0.135121478 -0.00741067077 0 1 0 0 7.68520604e-06 0 0 0 1.53704121e-05 -0 0
1687940927.69676328 -0.104799418 0.00266544455 0 0.999999582 0 0 0.000914365165 0 0 0 0.00182873059 -0 0
1687940927.79762435 -0.166413094 0.0371891914 0 0.999999999 0 0 -5.35627894e-05 0 0 0 3.14148553 -3.14159265 3.14159265
1687940927.898458 -0.109093333 0.00450621026 0 0.999999686 0 0 0.000792613877 0 0 0 0.00158522792 -0 0
1687940927.99931192 -0.128193882 -0.00577146921 0 0.999999263 0 0 0.00121429432 0 0 0 0.00242858925 -0 0
1687940928.10020781 -0.155784856 -0.00675657572 0 0.999999965 0 0 0.000265660488 0 0 0 0.000531320982 -0 0
1687940928.20105219 -0.126473922 -0.0193130291 0 0.999982687 0 0 0.00588444353 0 0 0 0.011768955 -0 0
1687940928.30189848 -0.133845629 0.0249561345 0 0.999987102 0 0 0.00507902985 0 0 0 0.0101581034 -0 0
1687940928.40276814 -0.143545947 0.0830470914 0 0.999991666 0 0 0.00408268164 0 0 0 0.00816538596 -0 0
1687940928.50361109 -0.108694629 0.0280451192 0 0.999952881 0 0 0.00970754723 0 0 0 0.0194153994 -0 0
1687940928.60486054 -0.178036687 0.061818574 0 0.999975102 0 0 0.00705651686 0 0 0 0.0141131508 -0 0
1687940928.70533991 -0.123418214 0.0699964269 0 0.999982316 0 0 0.00594700415 0 0 0 0.0118940784 -0 0
1687940928.80618978 -0.119639603 0.0612538024 0 0.999988508 0 0 0.00479405112 0 0 0 0.00958813897 -0 0
1687940928.90708494 -0.132931653 0.0561116858 0 0.999984003 0 0 0.00565630861 0 0 0 0.0113126775 -0 0
1687940929.00792789 -0.13129983 0.0467048893 0 0.999986497 0 0 0.0051967219 0 0 0 0.0103934906 -0 0
1687940929.10876799 -0.131185124 0.0405201923 0 0.999989347 0 0 0.00461576527 0 0 0 0.00923156333 -0 0
1687940929.2096262 -0.125806078 0.0513814782 0 0.999990787 0 0 0.00429258829 0 0 0 0.00858520294 -0 0
1687940929.31051493 -0.107750393 0.0340604965 0 0.999982928 0 0 0.00584320874 0 0 0 0.011686484 -0 0
1687940929.41136432 -0.135744707 0.0194585798 0 0.999986509 0 0 0.00519430654 0 0 0 0.0103886598 -0 0
1687940929.51221275 -0.135227599 0.0685299777 0 0.999990511 0 0 0.00435634783 0 0 0 0.00871272323 -0 0
1687940929.61309767 -0.127073188 0.0320659498 0 0.99999482 0 0 0.00321879555 0 0 0 0.00643760221 -0 0
1687940929.71392345 -0.109079481 0.0307730683 0 0.999999278 0 0 0.00120131476 0 0 0 0.00240263011 -0 0
1687940929.81481242 -0.148908635 0.0248700629 0 0.999999986 0 0 -0.000169779465 0 0 0 3.14125309 -3.14159265 3.14159265
1687940929.91564631 -0.103310304 0.0107089695 0 0.999999459 0 0 -0.00103971228 0 0 0 3.13951323 -3.14159265 3.14159265
1687940930.01650643 -0.133554843 -0.0104568435 0 0.999998892 0 0 -0.00148840509 0 0 0 3.13861584 -3.14159265 3.14159265
1687940930.11736441 -0.123165735 0.00683494011 0 0.999991307 0 0 -0.0041697626 0 0 0 3.1332531 -3.14159265 3.14159265
1687940930.21822691 -0.138951351 -0.0102240434 0 0.999997702 0 0 -0.00214386304 0 0 0 3.13730492 -3.14159265 3.14159265
1687940930.31910491 -0.136645426 -0.00843749982 0 0.999998177 0 0 -0.00190951314 0 0 0 3.13777362 -3.14159265 3.14159265
1687940930.41995502 -0.139226462 -0.0295121594 0 0.999999758 0 0 -0.000695739224 0 0 0 3.14020118 -3.14159265 3.14159265
1687940930.52083111 -0.148558223 -0.00848904835 0 0.999999116 0 0 -0.00133002038 0 0 0 3.13893261 -3.14159265 3.14159265
1687940930.6216712 -0.132404286 -0.0148237018 0 0.999999949 0 0 -0.000318262455 0 0 0 3.14095613 -3.14159265 3.14159265
1687940930.72254443 -0.127097587 0.0359750022 0 0.999998666 0 0 -0.00163311083 0 0 0 3.13832643 -3.14159265 3.14159265
1687940930.82340717 -0.142015311 0.00911455055 0 0.999999989 0 0 -0.000150368046 0 0 0 3.14129192 -3.14159265 3.14159265
1687940930.92426896 -0.135442361 0.0413387907 0 0.999998834 0 0 -0.00152680986 0 0 0 3.13853903 -3.14159265 3.14159265
1687940931.02509785 -0.156257926 -0.0233417738 0 0.999999915 0 0 -0.000412431347 0 0 0 3.14076779 -3.14159265 3.14159265
1687940931.1259706 -0.133217725 0.00359370092 0 0.999998786 0 0 -0.00155814321 0 0 0 3.13847637 -3.14159265 3.14159265
1687940931.22776556 -0.127482165 0.00351274485 0 0.999997097 0 0 -0.00240944352 0 0 0 3.13677376 -3.14159265 3.14159265
1687940931.32767963 -0.147968179 -0.00583035811 0 0.999997529 0 0 -0.00222307023 0 0 0 3.13714651 -3.14159265 3.14159265
1687940931.42856073 -0.116078233 -0.0152714176 0 0.999998249 0 0 -0.00187134487 0 0 0 3.13784996 -3.14159265 3.14159265
1687940931.52942991 -0.0967072453 -0.0375482868 0 0.999999941 0 0 -0.000343741569 0 0 0 3.14090517 -3.14159265 3.14159265
1687940931.63026714 -0.13138181 -0.000190965555 0 0.999999743 0 0 -0.000716660242 0 0 0 3.14015933 -3.14159265 3.14159265
1687940931.73111677 -0.121019834 0.00682519127 0 0.999999694 0 0 0.000782420693 0 0 0 0.00156484155 -0 0
1687940931.83199072 -0.144772975 0.00573868886 0 0.999999934 0 0 0.000363770694 0 0 0 0.000727541404 -0 0
1687940931.93286419 -0.124887796 0.000973139374 0 0.999999613 0 0 0.000879811255 0 0 0 0.00175962274 -0 0
1687940932.03373361 -0.141410088 -0.00724379481 0 0.999999854 0 0 0.000540560401 0 0 0 0.00108112085 -0 0
1687940932.13455629 -0.137237171 -0.0194911437 0 0.999999819 0 0 -0.000601021394 0 0 0 3.14039061 -3.14159265 3.14159265
1687940932.23541594 -0.12389403 -0.0429772797 0 0.999999893 0 0 -0.000462053262 0 0 0 3.14066855 -3.14159265 3.14159265
1687940932.33629656 -0.141350656 -0.0240075278 0 0.999999594 0 0 -0.000900623596 0 0 0 3.13979141 -3.14159265 3.14159265
1687940932.43714285 -0.128982056 -0.033725969 0 0.99999986 0 0 -0.000529843352 0 0 0 3.14053297 -3.14159265 3.14159265
1687940932.53800583 -0.171419342 0.0080506163 0 0.9999984 0 0 -0.00178897187 0 0 0 3.13801471 -3.14159265 3.14159265
1687940932.63885736 -0.104063623 -0.0138789308 0 0.999999564 0 0 -0.000934071449 0 0 0 3.13972451 -3.14159265 3.14159265
1687940932.73973703 -0.154259693 -0.00864301977 0 0.999998753 0 0 -0.00157904127 0 0 0 3.13843457 -3.14159265 3.14159265
1687940932.84058595 -0.123861187 -0.0176958306 0 0.999997371 0 0 -0.00229290364 0 0 0 3.13700684 -3.14159265 3.14159265
1687940932.94143152 -0.144277137 -0.0219289682 0 0.999996299 0 0 -0.00272074226 0 0 0 3.13615116 -3.14159265 3.14159265
1687940933.04232454 -0.100972353 -0.0113790258 0 0.999984104 0 0 -0.00563834814 0 0 0 3.1303159 -3.14159265 3.14159265
1687940933.14318609 -0.161997486 -0.109661587 0 0.999999987 0 0 -0.000161275521 0 0 0 3.1412701 -3.14159265 3.14159265
1687940933.24401665 -0.140550193 -0.0336973522 0 0.999995236 0 0 -0.00308685979 0 0 0 3.13541892 -3.14159265 3.14159265
1687940933.34491062 -0.128808949 -0.0379392427 0 0.999996138 0 0 -0.0027791967 0 0 0 3.13603425 -3.14159265 3.14159265
1687940933.44574356 -0.124156055 -0.0587064519 0 0.999995915 0 0 -0.00285824098 0 0 0 3.13587616 -3.14159265 3.14159265
1687940933.54660463 -0.113822208 -0.05023119 0 0.99999013 0 0 -0.00444294214 0 0 0 3.13270674 -3.14159265 3.14159265
1687940933.64746284 -0.22090455 -0.064348726 0 0.999994666 0 0 -0.00326633889 0 0 0 3.13505996 -3.14159265 3.14159265
1687940933.74830818 -0.129214695 -0.0365405563 0 0.999983767 0 0 -0.00569790518 0 0 0 3.13019678 -3.14159265 3.14159265
1687940933.84919572 -0.130675618 -0.0314246396 0 0.999984926 0 0 -0.00549067075 0 0 0 3.13061126 -3.14159265 3.14159265
1687940933.9500525 -0.157289877 -0.121230685 0 0.999997349 0 0 -0.00230250114 0 0 0 3.13698765 -3.14159265 3.14159265
1687940934.05089521 -0.112298963 -0.0242588713 0 0.999985774 0 0 -0.0053339956 0 0 0 3.13092461 -3.14159265 3.14159265
1687940934.15174747 -0.118505998 -0.0641150457 0 0.999997704 0 0 -0.00214277919 0 0 0 3.13730709 -3.14159265 3.14159265
1687940934.25260639 -0.131367446 -0.0101474232 0 0.999998498 0 0 -0.00173318111 0 0 0 3.13812629 -3.14159265 3.14159265
1687940934.35347009 -0.110064407 0.0350093963 0 0.999997798 0 0 -0.00209867148 0 0 0 3.13739531 -3.14159265 3.14159265
1687940934.45435834 -0.117925299 -0.0108831214 0 0.999999462 0 0 0.00103703149 0 0 0 0.00207406335 -0 0
1687940934.55519819 -0.166348043 0.0395060882 0 0.999998994 0 0 -0.0014186259 0 0 0 3.1387554 -3.14159265 3.14159265
1687940934.65604544 -0.143164369 0.0239474544 0 0.999999445 0 0 -0.00105325303 0 0 0 3.13948615 -3.14159265 3.14159265
1687940934.75691056 -0.125029534 0.00933399217 0 0.999998066 0 0 -0.00196667472 0 0 0 3.1376593 -3.14159265 3.14159265
1687940934.85777187 -0.128209621 -0.0141393409 0 0.999999996 0 0 -9.17735051e-05 0 0 0 3.14140911 -3.14159265 3.14159265
1687940934.95963192 -0.13898678 0.0211200599 0 0.999999664 0 0 -0.000820072762 0 0 0 3.13995251 -3.14159265 3.14159265
1687940935.05951118 -0.136069946 -0.00344081323 0 0.999999633 0 0 0.000857150504 0 0 0 0.00171430122 -0 0
1687940935.16034484 -0.183774813 0.0188476533 0 0.999999991 0 0 0.000131962403 0 0 0 0.000263924806 -0 0
1687940935.2612114 -0.113463531 0.0158020884 0 0.999999649 0 0 0.000837705269 0 0 0 0.00167541073 -0 0
1687940935.36217403 -0.122802582 0.0127039526 0 0.999998567 0 0 0.00169293481 0 0 0 0.00338587123 -0 0
1687940935.46293688 -0.141512661 -0.000340378863 0 0.999999152 0 0 0.00130196573 0 0 0 0.00260393219 -0 0
1687940935.56381178 -0.129304484 0.0134503143 0 0.999998934 0 0 0.00146032155 0 0 0 0.00292064413 -0 0
1687940935.66466141 -0.160012198 0.0197427218 0 0.999998986 0 0 0.00142414079 0 0 0 0.00284828255 -0 0
1687940935.76550627 -0.0828253067 0.0150253741 0 0.999998573 0 0 0.00168912014 0 0 0 0.00337824189 -0 0
1687940935.86638165 -0.108834122 0.0154722414 0 0.99999763 0 0 0.00217718295 0 0 0 0.00435436934 -0 0
1687940935.96721816 -0.118580019 0.169208972 0 0.999998267 0 0 -0.00186180962 0 0 0 3.13786903 -3.14159265 3.14159265
1687940936.06810093 -0.148279494 0.0692814113 0 0.999997383 0 0 0.00228760314 0 0 0 0.00457521026 -0 0
1687940936.16895008 -0.0958353907 0.0928995332 0 0.999998306 0 0 0.00184049755 0 0 0 0.00368099719 -0 0
1687940936.26981783 -0.111381253 0.0317752856 0 0.999998586 0 0 0.00168187607 0 0 0 0.00336375373 -0 0
1687940936.37068796 -0.126998175 0.051450931 0 0.999999532 0 0 0.000967239167 0 0 0 0.00193447864 -0 0
1687940936.47153664 -0.150528061 0.0316036572 0 0.999996626 0 0 0.00259766499 0 0 0 0.00519533583 -0 0
1687940936.57238626 -0.112293311 0.0159142191 0 0.999995522 0 0 0.00299269434 0 0 0 0.00598539762 -0 0
1687940936.67325163 -0.0574411409 0.0221508817 0 1 0 0 -2.35086769e-05 0 0 0 3.14154564 -3.14159265 3.14159265
1687940936.77409601 -0.126193357 0.0517305153 0 0.99999994 0 0 0.000347232513 0 0 0 0.00069446504 -0 0
1687940936.87497258 -0.185141767 0.0572757471 0 0.999996713 0 0 0.00256416462 0 0 0 0.00512833486 -0 0
1687940936.97583151 -0.118602287 0.00925818334 0 0.999999912 0 0 0.000419538792 0 0 0 0.00083907761 -0 0
1687940937.07667542 -0.133786871 0.00626565943 0 0.99999992 0 0 -0.000399360819 0 0 0 3.14079393 -3.14159265 3.14159265
1687940937.17753363 -0.125699433 0.0141941529 0 0.999999967 0 0 -0.000257143942 0 0 0 3.14107837 -3.14159265 3.14159265
1687940937.27841496 -0.110797089 -0.0177565192 0 0.99999965 0 0 -0.000837057114 0 0 0 3.13991854 -3.14159265 3.14159265
1687940937.37925506 -0.161756211 0.0199810409 0 0.999999927 0 0 0.000383137043 0 0 0 0.000766274105 -0 0
1687940937.48011303 -0.0927044574 0.0159210531 0 0.999999422 0 0 0.00107558515 0 0 0 0.00215117071 -0 0
1687940937.58097076 -0.138776459 0.0213679082 0 0.999999828 0 0 0.000587045806 0 0 0 0.00117409168 -0 0
1687940937.68185377 -0.0891396248 -0.0408286404 0 0.999999997 0 0 8.01173952e-05 0 0 0 0.000160234791 -0 0
1687940937.78271985 -0.102593059 0.00677221491 0 0.999999971 0 0 -0.000239142861 0 0 0 3.14111437 -3.14159265 3.14159265
1687940937.88359332 -0.0907122779 0.0107250676 0 0.999999439 0 0 -0.00105942692 0 0 0 3.1394738 -3.14159265 3.14159265
1687940937.98442483 -0.129144392 -0.0209923742 0 0.999999958 0 0 0.000288675365 0 0 0 0.000577350737 -0 0
1687940938.08528733 -0.101588477 -0.0152911398 0 0.999999966 0 0 0.000259792885 0 0 0 0.000519585775 -0 0
1687940938.18613911 -0.110738321 -0.0155917958 0 0.99999918 0 0 0.00128043596 0 0 0 0.00256087262 -0 0
1687940938.28699374 -0.108594648 0.00686611765 0 0.999997934 0 0 0.00203279626 0 0 0 0.00406559533 -0 0
1687940938.38786912 -0.135624843 0.042329947 0 0.999998902 0 0 0.00148169262 0 0 0 0.00296338633 -0 0
1687940938.48871374 -0.0764399998 0.0104520268 0 0.999996213 0 0 0.00275195398 0 0 0 0.0055039149 -0 0
1687940938.58962202 -0.119315362 0.0267084722 0 0.999999046 0 0 0.00138113778 0 0 0 0.00276227643 -0 0
1687940938.6904428 -0.124779461 0.0440463718 0 0.999999498 0 0 -0.00100179392 0 0 0 3.13958907 -3.14159265 3.14159265
1687940938.7912879 -0.103030487 -0.018527392 0 0.999999968 0 0 0.000254711738 0 0 0 0.000509423482 -0 0
1687940938.89215541 -0.112463632 0.00599664847 0 0.999999721 0 0 -0.000746673682 0 0 0 3.14009931 -3.14159265 3.14159265
1687940938.99311781 -0.136388172 0.000251113495 0 0.999999799 0 0 0.000633952379 0 0 0 0.00126790484 -0 0
1687940939.09389019 -0.0981534155 -0.0254160235 0 0.999998332 0 0 0.00182660897 0 0 0 0.00365321998 -0 0
1687940939.19473648 -0.13971036 0.000300529546 0 0.999999614 0 0 0.000878279706 0 0 0 0.00175655964 -0 0
1687940939.29558778 -0.130744095 -0.00128055801 0 0.999999988 0 0 -0.000157942905 0 0 0 3.14127677 -3.14159265 3.14159265
1687940939.3964591 -0.117130568 0.0208540035 0 0.999998062 0 0 0.00196858248 0 0 0 0.00393716751 -0 0
1687940939.49730635 -0.106084764 -0.0167622056 0 0.99999988 0 0 -0.000490434779 0 0 0 3.14061178 -3.14159265 3.14159265
1687940939.59816504 -0.100092023 -0.00516937448 0 0.99999961 0 0 0.000882697688 0 0 0 0.00176539561 -0 0
1687940939.69902277 -0.100760734 -0.00595268858 0 0.999999766 0 0 -0.000684007654 0 0 0 3.14022464 -3.14159265 3.14159265
1687940939.79988956 -0.0936946538 -0.00135576684 0 0.999999992 0 0 0.000129631396 0 0 0 0.000259262793 -0 0
1687940939.90098333 -0.116737879 0.031270843 0 0.999999872 0 0 -0.000506223804 0 0 0 3.14058021 -3.14159265 3.14159265
1687940940.00162745 -0.0969122233 -0.00875150124 0 0.999999546 0 0 -0.000952494374 0 0 0 3.13968766 -3.14159265 3.14159265
1687940940.10246086 -0.117294957 -0.0194885279 0 0.999998731 0 0 -0.00159293427 0 0 0 3.13840678 -3.14159265 3.14159265
1687940940.20333624 -0.110745271 -0.0343182108 0 0.999998261 0 0 -0.00186467268 0 0 0 3.13786331 -3.14159265 3.14159265
1687940940.30421305 -0.103020462 -0.0370251188 0 0.999998384 0 0 -0.00179796033 0 0 0 3.13799673 -3.14159265 3.14159265
1687940940.40507078 -0.145488346 -0.0238734424 0 0.999996644 0 0 -0.00259078835 0 0 0 3.13641107 -3.14159265 3.14159265
1687940940.50590014 -0.137330212 -0.0300599531 0 0.999999568 0 0 -0.000929651933 0 0 0 3.13973335 -3.14159265 3.14159265
1687940940.6067791 -0.14909433 -0.0168435183 0 0.999998006 0 0 -0.00199679797 0 0 0 3.13759905 -3.14159265 3.14159265
1687940940.70763087 -0.152312963 0.00642800032 0 0.999998372 0 0 -0.00180454805 0 0 0 3.13798356 -3.14159265 3.14159265
1687940940.80847788 -0.109713446 -0.00628981591 0 0.999999913 0 0 -0.000417820099 0 0 0 3.14075701 -3.14159265 3.14159265
1687940940.90933895 -0.140810245 0.000769830981 0 0.9999986 0 0 -0.00167314362 0 0 0 3.13824636 -3.14159265 3.14159265
1687940941.01020908 -0.113522051 -0.0184430377 0 0.999997442 0 0 -0.00226166431 0 0 0 3.13706932 -3.14159265 3.14159265
1687940941.11106682 -0.105197943 0.00432374983 0 0.999996521 0 0 -0.0026377285 0 0 0 3.13631719 -3.14159265 3.14159265
1687940941.2119379 -0.134013897 -0.0264472605 0 0.999998684 0 0 -0.00162253039 0 0 0 3.13834759 -3.14159265 3.14159265
1687940941.31278944 -0.111958863 -0.0459154933 0 0.99999932 0 0 -0.00116649596 0 0 0 3.13925966 -3.14159265 3.14159265
1687940941.41364813 -0.114900002 -0.0181415191 0 0.99999477 0 0 -0.00323427013 0 0 0 3.1351241 -3.14159265 3.14159265
1687940941.51450109 -0.121132213 -0.0244502811 0 0.999995157 0 0 -0.00311222833 0 0 0 3.13536819 -3.14159265 3.14159265
1687940941.61537123 -0.118267933 -0.0322722606 0 0.999998073 0 0 -0.0019629158 0 0 0 3.13766682 -3.14159265 3.14159265
1687940941.7162149 -0.133227168 -0.00357654014 0 0.999999998 0 0 -6.88741844e-05 0 0 0 3.14145491 -3.14159265 3.14159265
1687940941.81708121 -0.0749283859 0.0421621065 0 0.99999949 0 0 -0.0010098296 0 0 0 3.13957299 -3.14159265 3.14159265
1687940941.91793299 -0.123945397 0.0129907514 0 0.999999586 0 0 0.0009097129 0 0 0 0.00181942605 -0 0
1687940942.01879358 -0.135686168 0.0159080579 0 0.999999983 0 0 -0.000186659718 0 0 0 3.14121933 -3.14159265 3.14159265
1687940942.11965322 -0.102953015 0.0133529529 0 0.999999425 0 0 -0.00107211219 0 0 0 3.13944843 -3.14159265 3.14159265
1687940942.22053432 -0.113126646 0.0186914972 0 0.999994119 0 0 -0.00342943232 0 0 0 3.13473378 -3.14159265 3.14159265
1687940942.32139349 -0.140663424 0.0022118992 0 0.999993433 0 0 -0.00362406222 0 0 0 3.13434451 -3.14159265 3.14159265
1687940942.42223263 -0.0836519331 -0.0488314761 0 0.999996991 0 0 -0.00245326938 0 0 0 3.13668611 -3.14159265 3.14159265
1687940942.52309036 -0.138619068 -0.0226234974 0 0.999997169 0 0 -0.00237941105 0 0 0 3.13683383 -3.14159265 3.14159265
1687940942.62398195 -0.110758492 -0.0319567095 0 0.999998543 0 0 -0.00170713096 0 0 0 3.13817839 -3.14159265 3.14159265
1687940942.72482991 -0.118949153 0.00584028496 0 0.999998583 0 0 -0.00168373242 0 0 0 3.13822519 -3.14159265 3.14159265
1687940942.82566977 -0.135792459 0.0155962416 0 0.999999994 0 0 -0.000108483973 0 0 0 3.14137569 -3.14159265 3.14159265
1687940942.92653441 -0.126507886 0.0117769955 0 0.999999881 0 0 0.000487439752 0 0 0 0.000974879543 -0 0
1687940943.02739406 -0.104458457 0.0238575023 0 0.99999993 0 0 -0.000373234 0 0 0 3.14084619 -3.14159265 3.14159265
1687940943.12829399 -0.137586532 0.00709809246 0 0.999999549 0 0 -0.000950201599 0 0 0 3.13969225 -3.14159265 3.14159265
1687940943.22913742 -0.110138147 0.0190938775 0 0.999997904 0 0 -0.00204765079 0 0 0 3.13749735 -3.14159265 3.14159265
1687940943.32997513 -0.120548841 -0.01831328 0 0.99999794 0 0 -0.0020299504 0 0 0 3.13753275 -3.14159265 3.14159265
1687940943.4308598 -0.0920504329 -0.00607947181 0 0.99999989 0 0 -0.000468819392 0 0 0 3.14065501 -3.14159265 3.14159265
1687940943.53171921 -0.114643334 -0.00775924438 0 0.9999996 0 0 0.00089456738 0 0 0 0.001789135 -0 0
1687940943.63257551 -0.14261212 0.000439943837 0 0.999999916 0 0 0.000409382513 0 0 0 0.000818765048 -0 0
1687940943.7334044 -0.11924058 -0.00386212189 0 0.99999981 0 0 0.000616554997 0 0 0 0.00123311007 -0 0
1687940943.83429241 -0.14543145 0.0127938011 0 0.999999991 0 0 -0.00013051929 0 0 0 3.14133162 -3.14159265 3.14159265
1687940943.93514848 -0.109782888 -0.0028414695 0 1 0 0 2.78736512e-05 0 0 0 5.57473025e-05 -0 0
1687940944.03599691 -0.154085754 0.00836300353 0 0.999999678 0 0 0.000802301299 0 0 0 0.00160460277 -0 0
1687940944.13684297 -0.12651078 0.0158203852 0 0.999999353 0 0 0.00113757163 0 0 0 0.00227514375 -0 0
1687940944.2377069 -0.121409503 -0.00177001603 0 0.999998948 0 0 0.0014503438 0 0 0 0.00290068863 -0 0
1687940944.33857679 -0.142720242 -0.00313364984 0 0.99999843 0 0 0.00177213818 0 0 0 0.00354427821 -0 0
1687940944.43942976 -0.107421126 0.0146055947 0 0.999999297 0 0 0.00118606833 0 0 0 0.00237213722 -0 0
1687940944.54029012 -0.120268604 0.0116202834 0 0.999999292 0 0 0.00119029025 0 0 0 0.00238058106 -0 0
1687940944.64114475 -0.143912667 0.0239596603 0 0.999997773 0 0 0.00211039068 0 0 0 0.00422078449 -0 0
1687940944.74202347 -0.127161362 0.0222473531 0 0.999999638 0 0 0.00085031242 0 0 0 0.00170062504 -0 0
1687940944.84289742 -0.125116403 0.0370233926 0 0.999999446 0 0 0.0010525545 0 0 0 0.00210510939 -0 0
1687940944.94375324 -0.118904211 0.0284622333 0 0.999999994 0 0 0.000112351567 0 0 0 0.000224703135 -0 0
1687940945.04462171 -0.16135415 -0.0114324674 0 0.99999761 0 0 0.00218627474 0 0 0 0.00437255295 -0 0
1687940945.14546347 -0.127470499 0.0344455959 0 0.999999623 0 0 0.000868584919 0 0 0 0.00173717006 -0 0
1687940945.24630642 -0.14286527 0.0131357411 0 0.999994694 0 0 0.00325766172 0 0 0 0.00651533497 -0 0
1687940945.34716558 -0.145473839 0.0256464711 0 0.99999934 0 0 0.00114881643 0 0 0 0.00229763337 -0 0
1687940945.44803381 -0.144140525 0.0150782426 0 0.99999865 0 0 0.00164337006 0 0 0 0.0032867416 -0 0
1687940945.54891157 -0.151276376 0.00463162366 0 0.99999876 0 0 0.00157450024 0 0 0 0.00314900177 -0 0
1687940945.64975595 -0.123189528 0.0078432037 0 0.999999782 0 0 0.000659868521 0 0 0 0.00131973714 -0 0
1687940945.75059867 -0.142927216 0.00815407841 0 0.999998351 0 0 0.00181594992 0 0 0 0.00363190184 -0 0
1687940945.85146117 -0.113547682 0.0184284841 0 0.999998579 0 0 0.00168576551 0 0 0 0.00337153262 -0 0
1687940945.95233679 -0.143265602 0.025764491 0 0.999997664 0 0 0.00216132612 0 0 0 0.0043226556 -0 0
1687940946.05317974 -0.135055343 0.0202255726 0 0.999998712 0 0 0.0016050685 0 0 0 0.00321013837 -0 0
1687940946.15405035 -0.118341059 0.0149142339 0 0.999999596 0 0 0.000898379465 0 0 0 0.00179675917 -0 0
1687940946.2549088 -0.138960058 0.0218528325 0 0.999999763 0 0 0.000688568791 0 0 0 0.00137713769 -0 0
1687940946.35578012 -0.131548402 0.0286065463 0 0.999999942 0 0 0.000339557038 0 0 0 0.00067911409 -0 0
1687940946.4566288 -0.121916233 0.00791050479 0 0.99999545 0 0 0.00301658273 0 0 0 0.0060331746 -0 0
1687940946.55749035 -0.130305707 0.0272560474 0 0.999997475 0 0 0.00224708058 0 0 0 0.00449416494 -0 0
1687940946.65833473 -0.14609124 0.0359836025 0 0.999995034 0 0 0.00315157027 0 0 0 0.00630315098 -0 0
1687940946.75920272 -0.147809456 0.0339824382 0 0.999995027 0 0 0.00315381841 0 0 0 0.00630764727 -0 0
1687940946.86005592 -0.135995586 0.0556504914 0 0.999996262 0 0 0.00273420155 0 0 0 0.00546840991 -0 0
1687940946.96091127 -0.141023228 0.0202530227 0 0.999996686 0 0 0.00257432979 0 0 0 0.00514866526 -0 0
1687940947.0617981 -0.150396173 0.0344665702 0 0.99999669 0 0 0.00257308311 0 0 0 0.0051461719 -0 0
1687940947.1626327 -0.125921154 0.0136049089 0 0.999999094 0 0 0.00134580431 0 0 0 0.00269160944 -0 0
1687940947.26352859 -0.137187655 0.0297312559 0 0.999996845 0 0 0.0025118103 0 0 0 0.00502362589 -0 0
1687940947.36436605 -0.139798914 0.00587125049 0 0.999993847 0 0 0.00350798342 0 0 0 0.00701598123 -0 0
1687940947.46521425 -0.163355857 0.0113991138 0 0.99999442 0 0 0.00334065887 0 0 0 0.00668133016 -0 0
1687940947.56607056 -0.135034618 0.0185487053 0 0.999994249 0 0 0.00339140018 0 0 0 0.00678281336 -0 0
1687940947.66695213 -0.129346575 0.0333755572 0 0.999990575 0 0 0.00434157077 0 0 0 0.00868316882 -0 0
1687940947.76779032 -0.121662372 0.0459773459 0 0.99999392 0 0 0.00348698908 0 0 0 0.0069739923 -0 0
1687940947.86864758 -0.124807886 0.0327294029 0 0.999994189 0 0 0.00340897806 0 0 0 0.00681796932 -0 0
1687940948.0703783 -0.29173952 0.101804002 0 0.999999421 0 0 0.00107584666 0 0 0 0.00215169374 -0 0
1687940948.17125082 -0.142846556 0.00473814606 0 0.999997028 0 0 0.00243807311 0 0 0 0.00487615105 -0 0
1687940948.27210379 -0.0992252284 -0.00548104106 0 0.999999907 0 0 0.000431447804 0 0 0 0.000862895635 -0 0
1687940948.37295461 -0.138564167 -0.00240866459 0 0.999999526 0 0 -0.000973900582 0 0 0 3.13964485 -3.14159265 3.14159265
1687940948.47383261 -0.135516127 -0.0122832913 0 0.999999776 0 0 0.00066971508 0 0 0 0.00133943026 -0 0
1687940948.57467818 -0.209694373 -0.0111196877 0 0.999999442 0 0 -0.00105613367 0 0 0 3.13948039 -3.14159265 3.14159265
1687940948.67552853 -0.063722066 -0.00903723927 0 0.99999997 0 0 -0.00024412186 0 0 0 3.14110441 -3.14159265 3.14159265
1687940948.77639866 -0.122843215 -0.026793808 0 0.999999803 0 0 0.000627377278 0 0 0 0.00125475464 -0 0
1687940948.87726164 -0.138393309 -0.0207530742 0 0.999998874 0 0 -0.00150065333 0 0 0 3.13859135 -3.14159265 3.14159265
1687940948.97813988 -0.12914989 0.0202660995 0 0.99999844 0 0 0.00176628627 0 0 0 0.00353257437 -0 0
1687940949.07896471 -0.101697829 -0.0146152119 0 0.999998323 0 0 0.00183155768 0 0 0 0.00366311741 -0 0
1687940949.17986608 -0.100235819 0.00488889901 0 0.999998682 0 0 -0.00162345987 0 0 0 3.13834573 -3.14159265 3.14159265
1687940949.28070736 -0.0740246552 -0.00440270082 0 0.999997496 0 0 -0.00223766039 0 0 0 3.13711733 -3.14159265 3.14159265
1687940949.38154984 -0.134156428 0.00263548023 0 0.99998938 0 0 -0.00460873263 0 0 0 3.13237516 -3.14159265 3.14159265
1687940949.48241758 -0.0597368339 -0.0546125784 0 0.999999327 0 0 -0.00115979044 0 0 0 3.13927307 -3.14159265 3.14159265
1687940949.58326054 -0.108323279 -0.050187924 0 0.999987596 0 0 -0.00498077309 0 0 0 3.13163107 -3.14159265 3.14159265
1687940949.68412542 -0.0838504349 -0.0128279574 0 0.999983435 0 0 -0.00575578047 0 0 0 3.13008103 -3.14159265 3.14159265
1687940949.78500795 -0.135992402 -0.0733211819 0 0.999996572 0 0 -0.00261833803 0 0 0 3.13635597 -3.14159265 3.14159265
1687940949.88584256 -0.0970964568 0.00477142469 0 0.999999779 0 0 -0.000665094733 0 0 0 3.14026246 -3.14159265 3.14159265
1687940949.98670602 -0.0998579674 -0.0112345343 0 0.999999775 0 0 -0.000671275949 0 0 0 3.1402501 -3.14159265 3.14159265
1687940950.08760309 -0.105882939 0.0149258788 0 0.999997252 0 0 0.00234414201 0 0 0 0.00468828831 -0 0
1687940950.18842268 -0.0940434136 -0.0103705341 0 0.999999832 0 0 -0.000579143768 0 0 0 3.14043437 -3.14159265 3.14159265
1687940950.28931713 -0.102129626 0.00370508578 0 0.999997856 0 0 -0.00207087275 0 0 0 3.13745091 -3.14159265 3.14159265
1687940950.39013767 -0.13201489 0.0158840468 0 0.999999078 0 0 0.00135809013 0 0 0 0.00271618109 -0 0
1687940950.4910264 -0.0568005909 -0.0444088514 0 0.999993688 0 0 -0.00355314725 0 0 0 3.13448634 -3.14159265 3.14159265
1687940950.591887 -0.110073571 -0.0204098734 0 0.999998183 0 0 0.00190647747 0 0 0 0.00381295725 -0 0
1687940950.69271612 -0.12146226 -0.0320488044 0 0.99999992 0 0 -0.000401143852 0 0 0 3.14079037 -3.14159265 3.14159265
1687940950.79359102 -0.0901585524 -0.016539437 0 0.999999564 0 0 -0.000934063049 0 0 0 3.13972453 -3.14159265 3.14159265
1687940950.89446449 -0.0721488097 -0.00687466932 0 0.99999952 0 0 0.00097971089 0 0 0 0.00195942209 -0 0
1687940950.99531078 -0.101486942 0.0100785412 0 0.999999916 0 0 0.000409284373 0 0 0 0.000818568769 -0 0
1687940951.09615707 -0.0681794341 0.00471990081 0 0.99999994 0 0 -0.000345857669 0 0 0 3.14090094 -3.14159265 3.14159265
1687940951.19703054 -0.0944367846 0.0050059229 0 0.999999984 0 0 0.000178404751 0 0 0 0.000356809505 -0 0
1687940951.2979095 -0.0896491902 0.00791126173 0 0.999999999 0 0 5.40577269e-05 0 0 0 0.000108115454 -0 0
1687940951.39875484 -0.125547666 0.0270352603 0 0.99999898 0 0 -0.00142803518 0 0 0 3.13873658 -3.14159265 3.14159265
1687940951.4995966 -0.101396069 0.00538690456 0 0.999999528 0 0 -0.000971606284 0 0 0 3.13964944 -3.14159265 3.14159265
1687940951.60047483 -0.134065303 0.00504836649 0 0.999999753 0 0 -0.000703268835 0 0 0 3.14018612 -3.14159265 3.14159265
1687940951.70133066 -0.0752267251 -0.0147959495 0 0.999999685 0 0 0.000793671924 0 0 0 0.00158734402 -0 0
1687940951.80218983 -0.0959745978 -0.00150443191 0 0.999999595 0 0 0.000899878198 0 0 0 0.00179975664 -0 0
1687940951.90306902 -0.131588631 0.00861543811 0 0.999999963 0 0 0.00027372741 0 0 0 0.000547454827 -0 0
1687940952.00389338 -0.0843642909 0.012470765 0 0.999999904 0 0 0.0004371463 0 0 0 0.000874292627 -0 0
1687940952.10475755 -0.119425349 -0.00848824964 0 0.999998127 0 0 0.00193521861 0 0 0 0.00387043963 -0 0
1687940952.20561647 -0.127652363 -0.00161475397 0 0.999997982 0 0 0.00200874239 0 0 0 0.00401748748 -0 0
1687940952.30648828 -0.102267986 0.0033568065 0 0.999999927 0 0 0.000381719712 0 0 0 0.000763439443 -0 0
1687940952.40733123 -0.105656748 -0.0161808172 0 0.999999982 0 0 -0.000192091968 0 0 0 3.14120847 -3.14159265 3.14159265
1687940952.50819254 -0.123638861 -0.00725769055 0 0.999999974 0 0 -0.000229516215 0 0 0 3.14113362 -3.14159265 3.14159265
1687940952.60905576 -0.0721206452 -0.0121770621 0 0.999999921 0 0 -0.000398289214 0 0 0 3.14079608 -3.14159265 3.14159265
1687940952.70991659 -0.112113393 0.000712288636 0 0.99999999 0 0 0.000140470757 0 0 0 0.000280941514 -0 0
1687940952.81077766 -0.0959154938 0.0159213033 0 0.999999973 0 0 0.000233680487 0 0 0 0.000467360978 -0 0
1687940952.91163731 -0.0770153859 0.00465639775 0 0.999998473 0 0 0.00174728442 0 0 0 0.00349457063 -0 0
1687940953.0124898 -0.114876643 -0.00178331983 0 0.999999941 0 0 0.000342478701 0 0 0 0.000684957416 -0 0
1687940953.1133666 -0.104112547 0.0173285995 0 0.999999548 0 0 0.000950824787 0 0 0 0.00190164986 -0 0
1687940953.21420622 -0.0807120266 0.00464035087 0 0.999999946 0 0 -0.000330056296 0 0 0 3.14093254 -3.14159265 3.14159265
1687940953.31506658 -0.0935170333 0.00507061205 0 0.999999981 0 0 0.000196071068 0 0 0 0.000392142139 -0 0
1687940953.41593552 -0.122703967 -0.0159486097 0 0.99999973 0 0 0.00073436929 0 0 0 0.00146873871 -0 0
1687940953.51679254 -0.123255968 -0.00373095733 0 0.999999979 0 0 0.000205609384 0 0 0 0.000411218771 -0 0
1687940953.61766243 -0.0640944354 0.00322484907 0 0.999999762 0 0 0.000690387428 0 0 0 0.00138077497 -0 0
1687940953.71852493 -0.104570436 -0.00154753139 0 0.999999407 0 0 -0.00108942015 0 0 0 3.13941381 -3.14159265 3.14159265
1687940953.81937885 -0.0971530808 -0.0113993293 0 0.999998229 0 0 -0.00188178687 0 0 0 3.13782908 -3.14159265 3.14159265
1687940953.92027164 -0.0906831034 -0.000655168564 0 0.999999784 0 0 0.000656690455 0 0 0 0.001313381 -0 0
1687940954.02108479 -0.106891514 -0.000998297178 0 0.999999706 0 0 -0.0007661927 0 0 0 3.14006027 -3.14159265 3.14159265
1687940954.1219759 -0.141033314 -0.0236304937 0 0.999994415 0 0 0.00334224645 0 0 0 0.00668450534 -0 0
1687940954.2228179 -0.0918065372 0.013885594 0 0.999999127 0 0 -0.001321403 0 0 0 3.13894985 -3.14159265 3.14159265
1687940954.32367182 -0.108262931 0.0217039805 0 0.999998883 0 0 -0.00149439796 0 0 0 3.13860386 -3.14159265 3.14159265
1687940954.42452288 -0.0887682731 -0.0190752462 0 0.999997377 0 0 0.00229051314 0 0 0 0.00458103029 -0 0
1687940954.52538204 -0.0905740135 -0.00903484313 0 0.999999987 0 0 -0.000160420047 0 0 0 3.14127181 -3.14159265 3.14159265
1687940954.62625456 -0.138072347 0.0190497036 0 0.999997709 0 0 -0.00214071013 0 0 0 3.13731123 -3.14159265 3.14159265
1687940954.72710133 -0.0914701338 -0.00273119527 0 0.999999989 0 0 0.000150090595 0 0 0 0.00030018119 -0 0
1687940954.82795906 -0.0950978397 -0.00369011717 0 0.99999994 0 0 -0.000345186078 0 0 0 3.14090228 -3.14159265 3.14159265
1687940954.92881775 -0.0764510189 -0.00077777218 0 0.999999989 0 0 0.00015108538 0 0 0 0.000302170761 -0 0
1687940955.02970529 -0.0670249743 -0.0167813769 0 0.999999956 0 0 -0.000295328983 0 0 0 3.141002 -3.14159265 3.14159265
1687940955.13054657 -0.105629079 -0.00566273133 0 0.999999996 0 0 9.21815928e-05 0 0 0 0.000184363186 -0 0
1687940955.23139811 -0.0846207717 0.0190318261 0 0.999999999 0 0 -4.83923124e-05 0 0 0 3.14149587 -3.14159265 3.14159265
1687940955.33228636 -0.0726094128 0.000427922882 0 0.999999644 0 0 -0.000843866813 0 0 0 3.13990492 -3.14159265 3.14159265
1687940955.4331193 -0.07746553 -0.00578839157 0 0.99999998 0 0 0.000198107886 0 0 0 0.000396215774 -0 0
1687940955.53398728 -0.0937594499 -0.00778630355 0 0.999999855 0 0 0.000538361463 0 0 0 0.00107672298 -0 0
1687940955.63558722 -0.0593198462 0.00963874056 0 1 0 0 -1.50002897e-05 0 0 0 3.14156265 -3.14159265 3.14159265
1687940955.73569822 -0.102611319 -0.00149350523 0 0.999999978 0 0 0.000207915731 0 0 0 0.000415831465 -0 0
1687940955.836555 -0.0824875709 0.0138175395 0 0.999999875 0 0 0.000499819489 0 0 0 0.000999639019 -0 0
1687940955.9374249 -0.065483199 0.000944148038 0 0.999999945 0 0 0.000331405419 0 0 0 0.000662810851 -0 0
1687940956.03829098 -0.0491819325 0.0119147632 0 0.999999757 0 0 -0.000696719774 0 0 0 3.14019921 -3.14159265 3.14159265
1687940956.13913703 -0.0903358162 0.0257625408 0 0.99999995 0 0 0.00031482524 0 0 0 0.00062965049 -0 0
1687940956.23999262 -0.0359472281 -0.000732472312 0 1 0 0 -2.19129484e-05 0 0 0 3.14154883 -3.14159265 3.14159265
1687940956.34085846 -0.0648198147 0.0241866078 0 0.999999921 0 0 0.000397024241 0 0 0 0.000794048504 -0 0
1687940956.44172025 -0.0818113885 -0.0121303765 0 0.999999893 0 0 -0.000462838011 0 0 0 3.14066698 -3.14159265 3.14159265
1687940956.54257298 -0.0574271517 0.00594687993 0 0.999998406 0 0 0.00178558793 0 0 0 0.00357117776 -0 0
1687940956.64347029 -0.0371354451 0.011843253 0 0.999999996 0 0 -9.11008831e-05 0 0 0 3.14141045 -3.14159265 3.14159265
1687940956.7443285 -0.078530083 -0.00169129325 0 0.999999999 0 0 -4.34597967e-05 0 0 0 3.14150573 -3.14159265 3.14159265
1687940956.84518027 -0.0405971428 0.0028255005 0 0.999999989 0 0 0.000147667679 0 0 0 0.000295335358 -0 0
1687940956.9460392 -0.0718513646 0.0360975917 0 0.999999877 0 0 0.000495962236 0 0 0 0.000991924512 -0 0
1687940957.04690051 -0.0613388714 -0.00201761794 0 0.999999632 0 0 -0.000857902101 0 0 0 3.13987685 -3.14159265 3.14159265
1687940957.14773989 -0.0544529562 -0.00115617722 0 0.99999981 0 0 -0.000616292587 0 0 0 3.14036007 -3.14159265 3.14159265
1687940957.24861813 -0.0531181157 -0.00722911908 0 0.999999998 0 0 -5.93262663e-05 0 0 0 3.141474 -3.14159265 3.14159265
1687940957.34946299 -0.0714757739 0.00766007102 0 0.999999921 0 0 -0.000397013475 0 0 0 3.14079863 -3.14159265 3.14159265
1687940957.45030689 -0.0597626005 -0.000125417689 0 0.999999688 0 0 0.000790113855 0 0 0 0.00158022787 -0 0
1687940957.55119181 -0.0417658047 0.00725062119 0 0.999999985 0 0 0.000175460912 0 0 0 0.000350921826 -0 0
1687940957.65204024 -0.0346099519 -0.00435481579 0 0.999999947 0 0 -0.00032579545 0 0 0 3.14094106 -3.14159265 3.14159265
1687940957.75288773 -0.0263974979 -0.00144226667 0 0.999999866 0 0 -0.000518631486 0 0 0 3.14055539 -3.14159265 3.14159265
1687940957.8537457 -0.0493674592 0.0077808654 0 0.999999843 0 0 -0.000559708389 0 0 0 3.14047324 -3.14159265 3.14159265
1687940957.95463872 -0.0490184963 -0.00482057291 0 0.999999942 0 0 -0.000339256058 0 0 0 3.14091414 -3.14159265 3.14159265
1687940958.05547237 -0.0365729543 0.00292500911 0 0.999999559 0 0 -0.000939655172 0 0 0 3.13971334 -3.14159265 3.14159265
1687940958.15634203 -0.0494507506 0.0186418649 0 0.999999884 0 0 0.000480926104 0 0 0 0.000961852245 -0 0
1687940958.25718522 -0.0343289257 -0.00179567298 0 0.999999975 0 0 0.000222090775 0 0 0 0.000444181554 -0 0
1687940958.35806227 -0.0431110001 0.00141104007 0 0.999999896 0 0 0.000456350217 0 0 0 0.000912700466 -0 0
1687940958.45892477 -0.016400056 0.00445288645 0 0.999999961 0 0 0.000277792137 0 0 0 0.00055558428 -0 0
1687940958.55978155 -0.0269380616 -0.000639414006 0 1 0 0 1.50602892e-05 0 0 0 3.01205784e-05 -0 0
1687940958.66062355 -0.0156076064 -0.00347958081 0 0.999999797 0 0 -0.000636895151 0 0 0 3.14031886 -3.14159265 3.14159265
