1674207936.16734028 0.00246779501 -0.000972316053 -6.91923342e-314 0.999999952 0 0 -0.000311146919 0 0 0 3.14097036 -3.14159265 3.14159265
1674207936.26819897 0.0061056262 0.00814578824 -6.91923342e-314 0.999999995 0 0 -0.00010263438 0 0 0 3.14138738 -3.14159265 3.14159265
1674207936.46993303 -0.000487949789 -0.00498328535 -7.38051564e-314 0.999999991 0 0 0.000133909521 0 0 0 0.000267819042 -0 0
1674207936.57077694 0.00106356198 0.00825645329 -6.91923342e-314 0.999999969 0 0 -0.000247337851 0 0 0 3.14109798 -3.14159265 3.14159265
1674207936.67163754 0.0042981218 -0.00651074016 -7.90769533e-314 0.999999952 0 0 0.000310253632 0 0 0 0.000620507275 -0 0
1674207936.77255106 -0.00283738227 0.0141103528 -7.90769533e-314 0.999999963 0 0 -0.000273650927 0 0 0 3.14104535 -3.14159265 3.14159265
1674207936.87338543 -0.00467652291 -0.0145865661 -7.38051564e-314 0.999999982 0 0 -0.000189842103 0 0 0 3.14121297 -3.14159265 3.14159265
1674207937.27682304 -0.0367178962 0.0110789731 -7.38051564e-314 0.99999991 0 0 0.000423764644 0 0 0 0.000847529313 -0 0
1674207937.78113794 -0.202509987 0.0100017622 -7.38051564e-314 0.999999601 0 0 0.000893541426 0 0 0 0.00178708309 -0 0
1674207938.28543925 -0.331329727 0.0123383329 -7.38051564e-314 0.999999756 0 0 0.000698513109 0 0 0 0.00139702633 -0 0
1674207938.68884635 -0.314636242 0.0308317445 -7.38051564e-314 0.9999984 0 0 0.00178885409 0 0 0 0.0035777101 -0 0
1674207938.89058876 -0.212567293 0.0232903542 -8.51597959e-314 0.999999603 0 0 0.000891372666 0 0 0 0.00178274557 -0 0
1674207939.09227872 -0.230188278 0.0178506235 -7.90769533e-314 0.999999987 0 0 0.000163739664 0 0 0 0.000327479329 -0 0
1674207939.2940588 -0.25158305 0.0107292008 -6.91923342e-314 0.999999881 0 0 0.000488742563 0 0 0 0.000977485164 -0 0
1674207939.59658194 -0.337307178 -0.0625899852 -6.91923342e-314 0.999996431 0 0 0.0026716045 0 0 0 0.00534321536 -0 0
1674207939.69744587 -0.13483552 0.0169082401 -6.51221969e-314 0.999999747 0 0 0.000711597318 0 0 0 0.00142319476 -0 0
1674207940.00004148 -0.467206891 0.0120772062 -7.38051564e-314 0.999999579 0 0 0.000917524947 0 0 0 0.00183505015 -0 0
1674207940.20173955 -0.316262434 0.0103627839 -6.91923342e-314 0.99999992 0 0 -0.000400819369 0 0 0 3.14079101 -3.14159265 3.14159265
1674207940.40346527 -0.331358598 0.0188000792 -7.38051564e-314 0.99999956 0 0 0.000938308848 0 0 0 0.00187661797 -0 0
1674207940.70605707 -0.545642624 0.0589004174 -6.51221969e-314 0.999999998 0 0 6.49634725e-05 0 0 0 0.000129926945 -0 0
1674207940.80689454 -0.21640936 0.00584831841 -5.53538673e-314 0.999999999 0 0 5.4082962e-05 0 0 0 0.000108165924 -0 0
1674207941.10951853 -0.470659718 0.0756352803 -5.53538673e-314 0.999999988 0 0 0.000154807899 0 0 0 0.000309615799 -0 0
1674207941.31119704 -0.419236921 0.0263482191 -5.82672288e-314 0.999999982 0 0 0.000191351519 0 0 0 0.00038270304 -0 0
1674207941.51293421 -0.397044284 0.0362381189 -4.61282228e-314 0.99999977 0 0 0.000678210634 0 0 0 0.00135642137 -0 0
1674207941.61376572 -0.223907304 0.0123435409 -4.61282228e-314 0.99999999 0 0 -0.000142041512 0 0 0 3.14130857 -3.14159265 3.14159265
1674207941.81551838 -0.454037049 0.0183333917 -5.03216976e-314 0.999999914 0 0 0.000415113427 0 0 0 0.000830226877 -0 0
1674207942.01720667 -0.462432634 0.0179981787 -5.82672288e-314 0.999999848 0 0 -0.000551958742 0 0 0 3.14048874 -3.14159265 3.14159265
1674207942.21894932 -0.455688654 0.0419958152 -6.1504297e-314 0.99999994 0 0 0.000347112302 0 0 0 0.000694224617 -0 0
1674207942.42067814 -0.500294718 0.0404556812 -5.27179689e-314 0.999999526 0 0 0.000973758146 0 0 0 0.0019475166 -0 0
1674207942.72327328 -0.743780083 0.0647346686 -5.53538673e-314 0.999999625 0 0 0.000866073114 0 0 0 0.00173214644 -0 0
1674207942.92500305 -0.506011346 0.0224648158 -4.81337977e-314 0.999999987 0 0 -0.000161875875 0 0 0 3.1412689 -3.14159265 3.14159265
1674207943.02579975 -0.240647999 0.00615420321 -5.03216976e-314 0.999999994 0 0 0.000113640188 0 0 0 0.000227280376 -0 0
1674207943.12666941 -0.253265584 0.0124175385 -4.81337977e-314 0.999999875 0 0 -0.000500670944 0 0 0 3.14059131 -3.14159265 3.14159265
1674207943.32840776 -0.511840698 0.0377845092 -4.81337977e-314 0.99999995 0 0 0.00031523161 0 0 0 0.00063046323 -0 0
1674207943.42928696 -0.264876249 0.0309456475 -5.82672288e-314 0.99999988 0 0 0.000490853102 0 0 0 0.000981706244 -0 0
1674207943.63098812 -0.425131494 0.100592282 -5.53538673e-314 0.999999232 0 0 -0.00123974501 0 0 0 3.13911316 -3.14159265 3.14159265
1674207943.73187399 -0.258647525 0.0249233628 -5.03216976e-314 0.99999999 0 0 0.000142581631 0 0 0 0.000285163263 -0 0
1674207943.83267498 -0.24985104 0.00485862539 -5.03216976e-314 0.999999998 0 0 6.1982411e-05 0 0 0 0.000123964822 -0 0
1674207943.93355227 -0.276705711 0.00921531303 -5.27179689e-314 0.99999992 0 0 -0.000399461217 0 0 0 3.14079373 -3.14159265 3.14159265
1674207944.03445649 -0.28153778 0.00456480243 -4.42830939e-314 0.999999824 0 0 -0.000593027288 0 0 0 3.1404066 -3.14159265 3.14159265
1674207944.1353097 -0.273447712 -0.000855852311 -4.81337977e-314 0.999999946 0 0 -0.000327503919 0 0 0 3.14093765 -3.14159265 3.14159265
1674207944.23614717 -0.24695603 0.0173712417 -4.61282228e-314 0.999999878 0 0 -0.000493025543 0 0 0 3.1406066 -3.14159265 3.14159265
1674207944.43787694 -0.532866643 0.037941194 -5.03216976e-314 0.999999989 0 0 -0.000147016692 0 0 0 3.14129862 -3.14159265 3.14159265
1674207944.6395731 -0.539555821 0.0333492173 -5.03216976e-314 0.999999894 0 0 -0.000461415757 0 0 0 3.14066982 -3.14159265 3.14159265
1674207944.74046421 -0.272345267 0.0147990764 -5.27179689e-314 0.999999796 0 0 -0.000639378006 0 0 0 3.1403139 -3.14159265 3.14159265
1674207944.94220519 -0.526633949 0.0015708056 -5.27179689e-314 0.999999661 0 0 -0.000823532171 0 0 0 3.13994559 -3.14159265 3.14159265
1674207945.14386034 -0.579452691 0.0258726427 -5.53538673e-314 0.999999982 0 0 -0.000191664431 0 0 0 3.14120932 -3.14159265 3.14159265
1674207945.24477243 -0.290574783 -0.00294792622 -5.53538673e-314 0.999999987 0 0 0.000161818373 0 0 0 0.000323636748 -0 0
1674207945.44644833 -0.578882006 0.0334074081 -6.1504297e-314 0.999998462 0 0 -0.00175375712 0 0 0 3.13808514 -3.14159265 3.14159265
1674207945.64816666 -0.574102665 0.0387152628 -6.51221969e-314 0.99999998 0 0 -0.000202062603 0 0 0 3.14118853 -3.14159265 3.14159265
1674207945.84992099 -0.599114885 0.0619592958 -7.38051564e-314 0.999998657 0 0 0.00163901753 0 0 0 0.00327803652 -0 0
1674207946.05163622 -0.567155979 0.0317567144 -9.22564456e-314 0.99999928 0 0 0.00119988404 0 0 0 0.00239976866 -0 0
1674207946.15256691 -0.271328548 0.00395325049 -7.90769533e-314 0.999999872 0 0 0.000506706844 0 0 0 0.00101341373 -0 0
1674207946.25334072 -0.283526302 0.0188396041 -7.38051564e-314 0.999999927 0 0 0.000381004157 0 0 0 0.000762008333 -0 0
1674207946.35422206 -0.306807106 0.00794403224 -9.22564456e-314 0.999999753 0 0 -0.000702981897 0 0 0 3.14018669 -3.14159265 3.14159265
1674207946.4550426 -0.28448309 0.00598745229 -7.38051564e-314 0.999999766 0 0 -0.000683520199 0 0 0 3.14022561 -3.14159265 3.14159265
1674207946.55600023 -0.31150501 0.00800762146 -7.38051564e-314 0.99999958 0 0 -0.000916869332 0 0 0 3.13975891 -3.14159265 3.14159265
1674207946.65679479 -0.300065449 0.0158571643 -7.90769533e-314 0.999999657 0 0 -0.000827980409 0 0 0 3.13993669 -3.14159265 3.14159265
1674207946.75766373 -0.295539376 0.0113148259 -7.38051564e-314 0.999999758 0 0 -0.000695178682 0 0 0 3.1402023 -3.14159265 3.14159265
1674207946.95936966 -0.599377256 0.0340784518 -7.38051564e-314 0.999999609 0 0 -0.000884629442 0 0 0 3.13982339 -3.14159265 3.14159265
1674207947.16105008 -0.586110858 0.0253610386 -7.90769533e-314 0.999999864 0 0 -0.000520763535 0 0 0 3.14055113 -3.14159265 3.14159265
1674207947.26197243 -0.311182478 0.0178312147 -6.51221969e-314 0.999998735 0 0 -0.00159057472 0 0 0 3.1384115 -3.14159265 3.14159265
1674207947.36280489 -0.314956868 0.00241569107 -6.91923342e-314 0.999998422 0 0 -0.00177655696 0 0 0 3.13803954 -3.14159265 3.14159265
1674207947.56450486 -0.577544689 -0.0141380225 -6.91923342e-314 0.999999293 0 0 -0.00118895503 0 0 0 3.13921474 -3.14159265 3.14159265
1674207947.76625919 -0.623791921 0.0161347495 -5.82672288e-314 0.999995433 0 0 -0.00302233794 0 0 0 3.13554797 -3.14159265 3.14159265
1674207947.86711192 -0.326368194 0.00275515982 -6.1504297e-314 0.999999486 0 0 -0.00101417993 0 0 0 3.13956429 -3.14159265 3.14159265
1674207948.06881714 -0.642028731 0.0304612566 -5.53538673e-314 0.999999955 0 0 -0.000298973875 0 0 0 3.14099471 -3.14159265 3.14159265
1674207948.27053022 -0.593004977 0.0169979658 -6.51221969e-314 0.999999935 0 0 -0.000359487733 0 0 0 3.14087368 -3.14159265 3.14159265
1674207948.37142134 -0.307018842 0.0247139246 -7.90769533e-314 0.999999822 0 0 -0.000596445092 0 0 0 3.14039976 -3.14159265 3.14159265
1674207948.4722271 -0.326445517 0.0132837078 -7.38051564e-314 0.999999775 0 0 -0.000670238911 0 0 0 3.14025218 -3.14159265 3.14159265
1674207948.57315063 -0.315321972 0.0116454721 -7.38051564e-314 0.999999493 0 0 -0.00100727274 0 0 0 3.13957811 -3.14159265 3.14159265
1674207948.67399263 -0.326933363 0.0216241428 -7.90769533e-314 0.999999951 0 0 -0.000314237607 0 0 0 3.14096418 -3.14159265 3.14159265
1674207948.77482557 -0.3054785 0.0455730115 -7.90769533e-314 0.999999999 0 0 -5.24209679e-05 0 0 0 3.14148781 -3.14159265 3.14159265
1674207948.8756671 -0.329695422 0.0243249803 -9.22564456e-314 0.999999875 0 0 -0.000500086901 0 0 0 3.14059248 -3.14159265 3.14159265
1674207948.97656536 -0.346076227 0.0071200012 -7.38051564e-314 0.999999822 0 0 0.000596261487 0 0 0 0.00119252304 -0 0
1674207949.07746434 -0.33856632 0.0135979916 -8.51597959e-314 0.999999998 0 0 6.17509439e-05 0 0 0 0.000123501888 -0 0
1674207949.17827249 -0.375290798 0.00450394072 -7.90769533e-314 0.999999745 0 0 -0.000714229605 0 0 0 3.14016419 -3.14159265 3.14159265
1674207949.27915144 -0.320307342 -0.001584176 -9.22564456e-314 0.999999882 0 0 0.000486642066 0 0 0 0.000973284171 -0 0
1674207949.37996483 -0.33838635 -0.00428935117 -7.90769533e-314 0.99999998 0 0 0.000199349995 0 0 0 0.000398699993 -0 0
1674207949.58171701 -0.66325528 0.0213557833 -7.38051564e-314 0.999999818 0 0 -0.000603040628 0 0 0 3.14038657 -3.14159265 3.14159265
1674207949.68257046 -0.342818983 0.0268589478 -9.22564456e-314 0.999999974 0 0 -0.000230189529 0 0 0 3.14113227 -3.14159265 3.14159265
1674207949.88431835 -0.676004131 0.0473334516 -8.51597959e-314 0.999999994 0 0 -0.00011309854 0 0 0 3.14136646 -3.14159265 3.14159265
1674207949.98520947 -0.329958472 0.0300032061 -8.51597959e-314 1 0 0 2.81029911e-05 0 0 0 5.62059822e-05 -0 0
1674207950.18686318 -0.655752231 0.0184631747 -7.90769533e-314 0.999999993 0 0 0.000116785642 0 0 0 0.000233571284 -0 0
1674207950.2877357 -0.36224063 0.0175723565 -7.38051564e-314 0.999999978 0 0 -0.000212114104 0 0 0 3.14116843 -3.14159265 3.14159265
1674207950.48941827 -0.677178351 0.025454919 -7.90769533e-314 0.999999552 0 0 -0.000946321142 0 0 0 3.13970001 -3.14159265 3.14159265
1674207950.6911633 -0.689084469 0.0170352736 -7.38051564e-314 0.999999197 0 0 -0.00126750938 0 0 0 3.13905763 -3.14159265 3.14159265
1674207950.79203582 -0.35481185 0.0265427214 -7.38051564e-314 0.999999991 0 0 -0.000134118793 0 0 0 3.14132442 -3.14159265 3.14159265
1674207950.99379086 -0.691376927 0.0455644713 -9.22564456e-314 0.999999505 0 0 -0.000994726472 0 0 0 3.1396032 -3.14159265 3.14159265
1674207951.19553375 -0.678129489 0.0608229378 -7.90769533e-314 0.999999816 0 0 -0.00060619343 0 0 0 3.14038027 -3.14159265 3.14159265
1674207951.39722276 -0.679265999 0.0416842198 -7.38051564e-314 0.999999907 0 0 -0.000431747516 0 0 0 3.14072916 -3.14159265 3.14159265
1674207951.59952879 -0.67332155 0.0368298205 -8.51597959e-314 0.999999971 0 0 -0.000241525202 0 0 0 3.1411096 -3.14159265 3.14159265
1674207951.69976139 -0.327527902 0.00388608821 -7.90769533e-314 0.999999981 0 0 0.000194650787 0 0 0 0.000389301576 -0 0
1674207951.80065227 -0.334458092 0.0201453217 -6.51221969e-314 0.999999835 0 0 -0.000574942364 0 0 0 3.14044277 -3.14159265 3.14159265
1674207952.00238085 -0.651960599 0.0618579618 -8.51597959e-314 0.999999588 0 0 -0.000907720846 0 0 0 3.13977721 -3.14159265 3.14159265
1674207952.20410275 -0.654100438 0.0507949007 -8.51597959e-314 1 0 0 -9.98282432e-06 0 0 0 3.14157269 -3.14159265 3.14159265
1674207952.30492353 -0.337034015 0.0251820969 -6.91923342e-314 1 0 0 -2.1711958e-05 0 0 0 3.14154923 -3.14159265 3.14159265
1674207952.40582633 -0.329700354 0.0141124374 -6.1504297e-314 0.99999997 0 0 -0.000243817627 0 0 0 3.14110502 -3.14159265 3.14159265
1674207952.50663233 -0.337763585 0.00956120722 -6.1504297e-314 0.999999803 0 0 -0.000627808338 0 0 0 3.14033704 -3.14159265 3.14159265
1674207952.60751104 -0.345185651 0.0229391054 -6.91923342e-314 0.999999771 0 0 -0.000677257138 0 0 0 3.14023814 -3.14159265 3.14159265
1674207952.80926609 -0.681799254 0.0157203462 -6.91923342e-314 0.999999087 0 0 -0.00135133599 0 0 0 3.13888998 -3.14159265 3.14159265
1674207952.91010332 -0.323241912 0.0320828128 -6.51221969e-314 0.999999873 0 0 -0.0005035345 0 0 0 3.14058558 -3.14159265 3.14159265
1674207953.0109725 -0.356191202 0.00470960869 -6.91923342e-314 0.999999981 0 0 -0.000193883185 0 0 0 3.14120489 -3.14159265 3.14159265
1674207953.21269727 -0.665826742 0.0401381939 -7.38051564e-314 0.999999999 0 0 3.60361386e-05 0 0 0 7.20722772e-05 -0 0
1674207953.41441202 -0.685380867 0.0436598091 -6.51221969e-314 0.999999525 0 0 -0.000974222962 0 0 0 3.13964421 -3.14159265 3.14159265
1674207953.51525354 -0.342267099 0.0259748281 -6.91923342e-314 0.999999714 0 0 -0.000756410731 0 0 0 3.14007983 -3.14159265 3.14159265
1674207953.61612511 -0.336115815 0.0286708355 -6.91923342e-314 0.99999986 0 0 -0.000529101309 0 0 0 3.14053445 -3.14159265 3.14159265
1674207953.71696377 -0.322305095 0.026755268 -7.90769533e-314 0.999999993 0 0 -0.000114352761 0 0 0 3.14136395 -3.14159265 3.14159265
1674207953.81783915 -0.33326247 0.0396770843 -7.38051564e-314 0.999999799 0 0 -0.000634231583 0 0 0 3.14032419 -3.14159265 3.14159265
1674207953.91868305 -0.340087307 0.0258442852 -6.91923342e-314 0.99999987 0 0 -0.00050926781 0 0 0 3.14057412 -3.14159265 3.14159265
1674207954.22127295 -0.917179705 0.0593609472 -7.90769533e-314 0.999999983 0 0 -0.000186684704 0 0 0 3.14121928 -3.14159265 3.14159265
1674207954.32212472 -0.347846728 0.0110946308 -6.91923342e-314 0.999999563 0 0 -0.000934595666 0 0 0 3.13972346 -3.14159265 3.14159265
1674207954.42296886 -0.359263523 0.039371749 -6.51221969e-314 0.999999861 0 0 -0.000526884811 0 0 0 3.14053888 -3.14159265 3.14159265
1674207954.62469339 -0.706942945 0.0406146865 -7.90769533e-314 0.99999903 0 0 -0.00139292638 0 0 0 3.1388068 -3.14159265 3.14159265
1674207954.72554564 -0.372373154 0.00540459068 -7.90769533e-314 0.999999694 0 0 -0.000782185185 0 0 0 3.14002828 -3.14159265 3.14159265
1674207954.82640409 -0.318287207 0.0464125251 -6.51221969e-314 0.99999569 0 0 -0.00293599638 0 0 0 3.13572065 -3.14159265 3.14159265
1674207955.02815461 -0.745338952 0.013041497 -6.91923342e-314 0.999995961 0 0 -0.00284209895 0 0 0 3.13590845 -3.14159265 3.14159265
1674207955.22985721 -0.727541102 0.0264774367 -6.91923342e-314 0.999993661 0 0 -0.00356053744 0 0 0 3.13447156 -3.14159265 3.14159265
1674207955.33068657 -0.363934902 0.023565974 -6.51221969e-314 0.999999426 0 0 -0.00107102882 0 0 0 3.1394506 -3.14159265 3.14159265
1674207955.4315443 -0.378423239 0.0223439149 -6.51221969e-314 0.999999726 0 0 -0.000740625116 0 0 0 3.1401114 -3.14159265 3.14159265
1674207955.6333375 -0.734759411 0.0144364591 -7.90769533e-314 0.999997845 0 0 -0.00207621868 0 0 0 3.13744021 -3.14159265 3.14159265
1674207955.7342577 -0.387879071 0.0204258819 -6.51221969e-314 0.999998943 0 0 -0.00145369687 0 0 0 3.13868526 -3.14159265 3.14159265
1674207955.83501577 -0.389501382 0.0235808391 -7.90769533e-314 0.999998881 0 0 -0.00149582653 0 0 0 3.138601 -3.14159265 3.14159265
1674207955.93589401 -0.3613646 0.0169470017 -7.90769533e-314 0.999997703 0 0 -0.00214337594 0 0 0 3.1373059 -3.14159265 3.14159265
1674207956.03670454 -0.3745387 0.0139261391 -7.90769533e-314 0.999997037 0 0 -0.00243429887 0 0 0 3.13672405 -3.14159265 3.14159265
1674207956.13759232 -0.380981729 0.0128674049 -8.51597959e-314 0.999998535 0 0 -0.00171165697 0 0 0 3.13816934 -3.14159265 3.14159265
1674207956.33928704 -0.742734329 0.0388100921 -8.51597959e-314 0.999999715 0 0 -0.000754930572 0 0 0 3.14008279 -3.14159265 3.14159265
1674207956.44020772 -0.35170756 0.0219306617 -8.51597959e-314 0.999999637 0 0 -0.000852394866 0 0 0 3.13988786 -3.14159265 3.14159265
1674207956.54100466 -0.385889267 -0.0395475369 -9.22564456e-314 0.99999979 0 0 -0.000648516558 0 0 0 3.14029562 -3.14159265 3.14159265
1674207956.74275351 -0.720837721 0.00126709051 -8.51597959e-314 0.999999174 0 0 -0.00128522877 0 0 0 3.1390222 -3.14159265 3.14159265
1674207956.84362316 -0.382146071 0.0241831632 -8.51597959e-314 0.999998084 0 0 -0.00195737422 0 0 0 3.1376779 -3.14159265 3.14159265
1674207956.94447899 -0.363372686 0.0547452028 -9.22564456e-314 0.999999806 0 0 -0.000623250597 0 0 0 3.14034615 -3.14159265 3.14159265
1674207957.14620495 -0.725900235 0.0574885633 -1.10707735e-313 0.999999928 0 0 -0.000380197599 0 0 0 3.14083226 -3.14159265 3.14159265
1674207957.24706125 -0.424849409 0.049185732 -9.22564456e-314 0.999999974 0 0 0.000227633172 0 0 0 0.000455266348 -0 0
1674207957.3479321 -0.397872106 0.0368383267 -8.51597959e-314 0.999999696 0 0 0.000780125524 0 0 0 0.00156025121 -0 0
1674207957.44879842 -0.39916125 -0.00321345963 -9.22564456e-314 0.99999999 0 0 0.000141945423 0 0 0 0.000283890847 -0 0
1674207957.5496459 -0.357112987 0.00495445581 -9.22564456e-314 0.999999981 0 0 -0.000196873656 0 0 0 3.14119891 -3.14159265 3.14159265
1674207957.65046024 -0.386421826 -0.0112876794 -7.38051564e-314 0.999997547 0 0 -0.00221507376 0 0 0 3.1371625 -3.14159265 3.14159265
1674207957.7513206 -0.406551194 -0.0101022746 -7.90769533e-314 0.999998707 0 0 -0.00160779667 0 0 0 3.13837706 -3.14159265 3.14159265
1674207957.85219646 -0.376617241 0.019495202 -8.51597959e-314 0.999999318 0 0 -0.00116749945 0 0 0 3.13925765 -3.14159265 3.14159265
1674207957.95306706 -0.37661391 0.0488563069 -9.22564456e-314 0.999999819 0 0 -0.000601742338 0 0 0 3.14038917 -3.14159265 3.14159265
1674207958.05398798 -0.396492501 0.0187870396 -1.00643395e-313 0.999999119 0 0 -0.00132769611 0 0 0 3.13893726 -3.14159265 3.14159265
1674207958.1547966 -0.386859067 0.0307830117 -1.00643395e-313 0.999999676 0 0 -0.000804404047 0 0 0 3.13998385 -3.14159265 3.14159265
1674207958.25568199 -0.39437172 0.0260458476 -1.00643395e-313 0.999999933 0 0 -0.000367095221 0 0 0 3.14085846 -3.14159265 3.14159265
1674207958.35653877 -0.380084795 0.00645898275 -8.51597959e-314 0.999999993 0 0 -0.000121015917 0 0 0 3.14135062 -3.14159265 3.14159265
1674207958.45736384 -0.462073817 0.00763696985 -9.22564456e-314 0.999998369 0 0 -0.00180634366 0 0 0 3.13797996 -3.14159265 3.14159265
1674207958.55826545 -0.392824163 -0.00510390285 -1.23008594e-313 0.999998148 0 0 -0.00192450936 0 0 0 3.13774363 -3.14159265 3.14159265
1674207958.65908289 -0.386501167 0.0113588627 -9.22564456e-314 0.999997971 0 0 -0.00201420808 0 0 0 3.13756423 -3.14159265 3.14159265
1674207958.76000714 -0.376590912 0.00308294474 -7.90769533e-314 0.999999865 0 0 -0.000520087843 0 0 0 3.14055248 -3.14159265 3.14159265
1674207958.86079144 -0.40262067 0.00919901627 -9.22564456e-314 0.999999787 0 0 -0.000653330765 0 0 0 3.14028599 -3.14159265 3.14159265
1674207958.96176195 -0.405603987 0.0157554621 -1.00643395e-313 0.999999905 0 0 0.000436280275 0 0 0 0.000872560578 -0 0
1674207959.06249428 -0.456999142 0.0072466954 -9.22564456e-314 0.999999887 0 0 0.000475294515 0 0 0 0.000950589066 -0 0
1674207959.16343784 -0.371539248 0.0170875634 -1.23008594e-313 0.999999925 0 0 -0.000387049607 0 0 0 3.14081855 -3.14159265 3.14159265
1674207959.36510038 -0.777980546 0.0427134436 -1.00643395e-313 0.999999506 0 0 -0.000993948575 0 0 0 3.13960476 -3.14159265 3.14159265
1674207959.46601748 -0.413051968 -0.00456310181 -1.23008594e-313 0.999999925 0 0 -0.00038816355 0 0 0 3.14081633 -3.14159265 3.14159265
1674207959.56679487 -0.394824747 0.0190116592 -1.10707735e-313 0.999999979 0 0 0.000203810108 0 0 0 0.000407620219 -0 0
1674207959.76853418 -0.806823185 0.0374718528 -1.00643395e-313 0.99999992 0 0 0.000400157228 0 0 0 0.000800314478 -0 0
1674207959.86941028 -0.391492262 0.0212650856 -1.23008594e-313 0.999999879 0 0 -0.000492577212 0 0 0 3.1406075 -3.14159265 3.14159265
1674207959.97028923 -0.422044187 0.0121638901 -1.00643395e-313 0.999999937 0 0 0.000355885391 0 0 0 0.000711770797 -0 0
1674207960.17195559 -0.765497059 0.064908582 -8.51597959e-314 0.999999976 0 0 -0.000218523846 0 0 0 3.14115561 -3.14159265 3.14159265
1674207960.27287841 -0.444895186 0.0163577093 -1.10707735e-313 0.999999992 0 0 0.00012693675 0 0 0 0.000253873501 -0 0
1674207960.3736937 -0.448192373 0.0208506244 -1.10707735e-313 0.99999981 0 0 0.000616137895 0 0 0 0.00123227587 -0 0
1674207960.57540965 -0.848060488 0.0806083216 -9.22564456e-314 1 0 0 3.77315163e-06 0 0 0 7.54630326e-06 -0 0
1674207960.67634463 -0.401369475 0.00870166982 -1.00643395e-313 0.999999816 0 0 -0.000607295727 0 0 0 3.14037806 -3.14159265 3.14159265
1674207960.77711153 -0.402844872 0.00414654246 -9.22564456e-314 0.999999242 0 0 -0.00123149955 0 0 0 3.13912965 -3.14159265 3.14159265
1674207960.87798309 -0.418883456 0.0293995994 -7.90769533e-314 0.999999252 0 0 -0.00122301103 0 0 0 3.13914663 -3.14159265 3.14159265
1674207960.97890091 -0.403126259 0.0229458942 -8.51597959e-314 0.999999986 0 0 -0.000168455103 0 0 0 3.14125574 -3.14159265 3.14159265
1674207961.07971668 -0.441397663 0.0362393542 -9.22564456e-314 0.999999998 0 0 -6.48021435e-05 0 0 0 3.14146305 -3.14159265 3.14159265
1674207961.180619 -0.44221372 0.0152444415 -9.22564456e-314 0.999999996 0 0 8.47868049e-05 0 0 0 0.00016957361 -0 0
1674207961.28143883 -0.433758496 0.0143997366 -1.10707735e-313 1 0 0 -3.02122275e-05 0 0 0 3.14153223 -3.14159265 3.14159265
1674207961.38227415 -0.43886324 -0.00420219961 -1.00643395e-313 0.99999949 0 0 0.00100977649 0 0 0 0.00201955332 -0 0
1674207961.48315668 -0.427819564 0.0034684958 -9.22564456e-314 0.999999864 0 0 -0.000520749191 0 0 0 3.14055116 -3.14159265 3.14159265
1674207961.58402729 -0.444104385 0.0199674268 -9.22564456e-314 0.999999998 0 0 -6.54196286e-05 0 0 0 3.14146181 -3.14159265 3.14159265
1674207961.68489599 -0.460861736 0.011432815 -9.22564456e-314 0.999999995 0 0 0.000100862029 0 0 0 0.000201724058 -0 0
1674207961.78577876 -0.474713876 0.0653531622 -9.22564456e-314 0.999999846 0 0 0.000554448496 0 0 0 0.00110889705 -0 0
1674207961.88667822 -0.468139361 0.0208270662 -8.51597959e-314 0.999999213 0 0 0.00125436431 0 0 0 0.00250872927 -0 0
1674207961.98747015 -0.461762073 0.0307588607 -7.90769533e-314 0.99999975 0 0 0.000706500211 0 0 0 0.00141300054 -0 0
1674207962.18918443 -0.801724039 0.0540831475 -7.90769533e-314 0.99998839 0 0 0.0048186101 0 0 0 0.00963725749 -0 0
1674207962.29000998 -0.48445567 0.0331785163 -7.90769533e-314 0.999999507 0 0 -0.000993099005 0 0 0 3.13960646 -3.14159265 3.14159265
1674207962.39089727 -0.244932105 -0.0183057743 -9.22564456e-314 0.999981217 0 0 0.00612909503 0 0 0 0.0122582668 -0 0
1674207962.59260798 -0.938881452 0.0646027028 -9.22564456e-314 0.999997939 0 0 -0.00203004036 0 0 0 3.13753257 -3.14159265 3.14159265
1674207962.69353628 -0.479948067 0.0177269318 -1.00643395e-313 0.999999929 0 0 -0.000375598803 0 0 0 3.14084146 -3.14159265 3.14159265
1674207962.99609804 -1.18495714 0.0522649224 -1.23008594e-313 0.999986751 0 0 0.0051476859 0 0 0 0.0102954173 -0 0
1674207963.09693718 -0.490332861 0.0534362888 -1.23008594e-313 0.999999985 0 0 -0.000171580099 0 0 0 3.14124949 -3.14159265 3.14159265
1674207963.19789791 -0.469479088 0.0117168724 -1.00643395e-313 0.999999992 0 0 -0.00012955308 0 0 0 3.14133355 -3.14159265 3.14159265
1674207963.3995018 -0.719647638 -0.109412347 -1.10707735e-313 0.999982355 0 0 0.00594052991 0 0 0 0.0118811297 -0 0
1674207963.50038528 -0.44597978 0.032511054 -9.22564456e-314 1 0 0 -6.24580376e-06 0 0 0 3.14158016 -3.14159265 3.14159265
1674207963.60122299 -0.453488556 0.039886539 -7.38051564e-314 0.999999998 0 0 6.75297455e-05 0 0 0 0.000135059491 -0 0
1674207963.70205975 -0.453889318 0.0675981523 -6.51221969e-314 0.999999996 0 0 -8.86390225e-05 0 0 0 3.14141538 -3.14159265 3.14159265
1674207963.80294418 -0.325796335 -0.0787151436 -6.91923342e-314 0.999990977 0 0 0.00424799061 0 0 0 0.00849600676 -0 0
1674207964.00467348 -0.896687287 0.0398894591 -7.38051564e-314 1 0 0 4.24257071e-06 0 0 0 8.48514143e-06 -0 0
1674207964.10551381 -0.455521232 0.0411766621 -6.91923342e-314 0.99999961 0 0 -0.000883251388 0 0 0 3.13982615 -3.14159265 3.14159265
1674207964.20637131 -0.401114785 0.0232068132 -6.91923342e-314 0.999999655 0 0 0.000831163829 0 0 0 0.00166232785 -0 0
1674207964.30724525 -0.45813061 0.0136467148 -7.90769533e-314 0.999999988 0 0 -0.000153042978 0 0 0 3.14128657 -3.14159265 3.14159265
1674207964.40810108 -0.461140374 0.0294280775 -6.51221969e-314 0.999999605 0 0 -0.000888261336 0 0 0 3.13981613 -3.14159265 3.14159265
1674207964.50896835 -0.341615185 0.0044343492 -6.51221969e-314 0.999998739 0 0 0.00158819714 0 0 0 0.00317639561 -0 0
1674207964.60980034 -0.444047285 0.0328316764 -7.38051564e-314 0.999999837 0 0 -0.000571636749 0 0 0 3.14044938 -3.14159265 3.14159265
1674207964.71069431 -0.452991692 0.0361149532 -9.22564456e-314 0.999999842 0 0 -0.000562872302 0 0 0 3.14046691 -3.14159265 3.14159265
1674207964.81160927 -0.46181715 0.0350339868 -7.38051564e-314 0.999999984 0 0 0.000181356614 0 0 0 0.000362713231 -0 0
1674207965.11411953 -1.25410272 -0.0216360938 -6.91923342e-314 0.999981343 0 0 0.00610850943 0 0 0 0.0122170948 -0 0
1674207965.21494198 -0.46100028 0.0308093933 -6.51221969e-314 0.999999959 0 0 0.00028616349 0 0 0 0.000572326987 -0 0
1674207965.31582689 -0.374866714 0.0148513748 -6.1504297e-314 0.999998179 0 0 0.00190836725 0 0 0 0.00381673681 -0 0
1674207965.51756716 -0.915072235 0.0584206998 -7.38051564e-314 0.999999987 0 0 0.000159715676 0 0 0 0.000319431353 -0 0
1674207965.71926785 -0.913729638 0.0765415101 -7.38051564e-314 0.999999398 0 0 0.00109713727 0 0 0 0.00219427498 -0 0
1674207965.82015681 -0.48281526 0.0352867422 -8.51597959e-314 0.999999053 0 0 0.00137632143 0 0 0 0.00275264374 -0 0
1674207965.92097497 -0.46740395 0.0435686192 -9.22564456e-314 0.999999691 0 0 0.000786549987 0 0 0 0.00157310014 -0 0
1674207966.02185583 -0.451053703 0.0181715854 -9.22564456e-314 0.999999734 0 0 0.000729324132 0 0 0 0.00145864839 -0 0
1674207966.12269521 -0.447940157 0.0142826482 -8.51597959e-314 0.999999754 0 0 -0.000700717925 0 0 0 3.14019122 -3.14159265 3.14159265
1674207966.22358537 -0.455413264 0.0311516302 -9.22564456e-314 0.99999951 0 0 -0.000989875422 0 0 0 3.1396129 -3.14159265 3.14159265
1674207966.42528152 -0.909695137 0.0826495528 -1.10707735e-313 0.999998632 0 0 -0.00165379175 0 0 0 3.13828507 -3.14159265 3.14159265
1674207966.52615833 -0.447882159 0.0473653938 -8.51597959e-314 0.999999762 0 0 0.000689372918 0 0 0 0.00137874595 -0 0
1674207966.6269989 -0.486666111 0.0473016973 -9.22564456e-314 0.999999993 0 0 -0.000122112056 0 0 0 3.14134843 -3.14159265 3.14159265
1674207966.72783279 -0.466113716 0.0195276359 -9.22564456e-314 0.999999997 0 0 7.45037954e-05 0 0 0 0.000149007591 -0 0
1674207966.82872438 -0.455412241 0.0233132678 -1.00643395e-313 0.999999761 0 0 -0.00069150387 0 0 0 3.14020965 -3.14159265 3.14159265
1674207967.03047538 -0.929581292 0.0518171595 -9.22564456e-314 0.999996598 0 0 -0.0026085817 0 0 0 3.13637548 -3.14159265 3.14159265
1674207967.1312995 -0.454303045 0.0184638353 -8.51597959e-314 0.999998979 0 0 -0.00142868992 0 0 0 3.13873527 -3.14159265 3.14159265
1674207967.23213339 -0.46310129 0.0493592764 -1.00643395e-313 0.999999999 0 0 4.77852243e-05 0 0 0 9.55704486e-05 -0 0
1674207967.33305359 -0.458066556 0.0611008439 -9.22564456e-314 0.999999996 0 0 9.46621319e-05 0 0 0 0.000189324264 -0 0
1674207967.4338603 -0.452700446 0.0627179228 -1.00643395e-313 0.999999932 0 0 0.000369562568 0 0 0 0.000739125153 -0 0
1674207967.6356101 -0.935749686 0.0771231409 -9.22564456e-314 0.999998824 0 0 -0.0015335383 0 0 0 3.13852558 -3.14159265 3.14159265
1674207967.73645902 -0.447401724 0.00367154947 -7.90769533e-314 0.999996867 0 0 -0.00250305953 0 0 0 3.13658653 -3.14159265 3.14159265
1674207967.83730268 -0.463336425 0.0197765752 -8.51597959e-314 0.999999653 0 0 -0.000833548683 0 0 0 3.13992556 -3.14159265 3.14159265
1674207967.93817854 -0.466075004 0.0187651599 -1.00643395e-313 0.999999334 0 0 -0.00115396741 0 0 0 3.13928472 -3.14159265 3.14159265
1674207968.03900957 -0.456305893 0.0108531829 -9.22564456e-314 0.999999844 0 0 0.000558074976 0 0 0 0.00111615001 -0 0
1674207968.1398797 -0.458684904 0.0234376841 -8.51597959e-314 0.999999997 0 0 7.49093716e-05 0 0 0 0.000149818743 -0 0
1674207968.24086523 -0.472279176 -0.0262075682 -9.22564456e-314 0.999999897 0 0 -0.000454117025 0 0 0 3.14068442 -3.14159265 3.14159265
1674207968.44247699 -0.90235852 0.0382488811 -8.51597959e-314 0.999998831 0 0 -0.00152923563 0 0 0 3.13853418 -3.14159265 3.14159265
1674207968.64430904 -0.908766003 0.0507908323 -7.90769533e-314 0.99999985 0 0 -0.000548212895 0 0 0 3.14049623 -3.14159265 3.14159265
1674207968.7450285 -0.460446475 0.00986422743 -7.38051564e-314 0.999999952 0 0 -0.000310327632 0 0 0 3.140972 -3.14159265 3.14159265
1674207968.84596205 -0.479178652 0.0166906633 -8.51597959e-314 0.999999903 0 0 -0.000441452689 0 0 0 3.14070975 -3.14159265 3.14159265
1674207968.94674587 -0.421585587 0.0511492147 -8.51597959e-314 0.999999942 0 0 -0.000339302175 0 0 0 3.14091405 -3.14159265 3.14159265
1674207969.14849424 -0.891039606 0.0333497494 -8.51597959e-314 0.999999331 0 0 0.00115640134 0 0 0 0.0023128032 -0 0
1674207969.2493763 -0.424074389 0.0120591658 -1.00643395e-313 0.999999166 0 0 0.00129183144 0 0 0 0.0025836636 -0 0
1674207969.35028696 -0.427222852 0.0217227253 -8.51597959e-314 0.999999736 0 0 0.000726594425 0 0 0 0.00145318898 -0 0
1674207969.45110559 -0.423234846 0.0340274606 -7.90769533e-314 0.999999584 0 0 0.000912609354 0 0 0 0.00182521896 -0 0
1674207969.55201817 -0.414409126 0.0326567981 -7.38051564e-314 0.999999908 0 0 0.000429227719 0 0 0 0.000858455464 -0 0
1674207969.65278435 -0.415899496 0.0382624183 -7.90769533e-314 0.999999841 0 0 0.000564163495 0 0 0 0.00112832705 -0 0
1674207969.8545258 -0.819956384 0.0673990082 -1.00643395e-313 0.99999942 0 0 0.00107720057 0 0 0 0.00215440155 -0 0
1674207969.95536685 -0.409739847 0.0413276192 -1.00643395e-313 0.999999978 0 0 0.000207803698 0 0 0 0.000415607398 -0 0
1674207970.05623531 -0.417474003 0.033691167 -9.22564456e-314 0.999998834 0 0 0.00152727097 0 0 0 0.00305454312 -0 0
1674207970.15710402 -0.390726546 0.0307337729 -9.22564456e-314 0.999999561 0 0 0.000936886514 0 0 0 0.0018737733 -0 0
1674207970.25794244 -0.411380975 0.035859478 -1.10707735e-313 0.999999761 0 0 0.000691791047 0 0 0 0.0013835822 -0 0
1674207970.35880756 -0.401879509 0.0365495208 -1.10707735e-313 0.999999575 0 0 0.000922086956 0 0 0 0.00184417417 -0 0
1674207970.5605917 -0.854386187 0.0653963174 -1.10707735e-313 0.999993354 0 0 0.00364578553 0 0 0 0.00729158721 -0 0
1674207970.66143322 -0.413781805 0.0372607825 -1.23008594e-313 0.999999992 0 0 -0.000128346234 0 0 0 3.14133596 -3.14159265 3.14159265
1674207970.76230478 -0.396080424 0.0170337532 -1.23008594e-313 0.999999585 0 0 0.000910858798 0 0 0 0.00182171785 -0 0
1674207970.86314011 -0.402212978 0.0368317326 -1.23008594e-313 0.999999983 0 0 0.000182539997 0 0 0 0.000365079996 -0 0
1674207971.06490684 -0.811576085 0.0432324602 -1.38384668e-313 0.999999973 0 0 -0.00023411634 0 0 0 3.14112442 -3.14159265 3.14159265
1674207971.16570449 -0.39985353 0.0362611213 -1.23008594e-313 0.999999114 0 0 0.00133111327 0 0 0 0.00266222733 -0 0
1674207971.26655436 -0.41052013 0.0266305976 -1.10707735e-313 0.999999878 0 0 0.000493753173 0 0 0 0.000987506386 -0 0
1674207971.46825528 -0.827493097 0.0399415738 -9.22564456e-314 0.999998871 0 0 0.00150296315 0 0 0 0.00300592744 -0 0
1674207971.56920671 -0.284733004 0.11432916 -9.22564456e-314 0.99999566 0 0 -0.00294631273 0 0 0 3.13570002 -3.14159265 3.14159265
1674207971.77088976 -0.796242582 0.0455920284 -1.10707735e-313 0.999999468 0 0 0.00103192354 0 0 0 0.00206384746 -0 0
1674207971.97259092 -0.823683739 0.0708155132 -1.00643395e-313 0.999996535 0 0 0.00263242368 0 0 0 0.00526485345 -0 0
1674207972.07342243 -0.45584453 0.0321283878 -1.10707735e-313 0.999998203 0 0 0.00189590162 0 0 0 0.00379180552 -0 0
1674207972.1743052 -0.374331198 0.0531110621 -1.23008594e-313 0.999999977 0 0 0.00021442849 0 0 0 0.000428856982 -0 0
1674207972.2751708 -0.425564385 0.0300168234 -1.00643395e-313 0.999999991 0 0 0.000132295367 0 0 0 0.000264590734 -0 0
1674207972.3760457 -0.380242417 0.0305256174 -8.51597959e-314 0.999999683 0 0 0.000795668689 0 0 0 0.00159133755 -0 0
1674207972.47689867 -0.415715831 0.0311920642 -9.22564456e-314 0.999999999 0 0 3.47339338e-05 0 0 0 6.94678676e-05 -0 0
1674207972.57772732 -0.431369031 0.0386905953 -1.00643395e-313 0.999999266 0 0 0.00121144029 0 0 0 0.00242288118 -0 0
1674207972.67857075 -0.402188591 0.0506589446 -1.10707735e-313 0.999999316 0 0 0.00116968799 0 0 0 0.00233937652 -0 0
1674207972.77943325 -0.403284516 0.0309145197 -1.00643395e-313 0.999999055 0 0 0.00137498939 0 0 0 0.00274997965 -0 0
1674207972.88039017 -0.415857082 0.0497426917 -9.22564456e-314 0.999999733 0 0 0.000731198337 0 0 0 0.0014623968 -0 0
1674207972.98115492 -0.393266336 0.0406714772 -1.38384668e-313 0.999999995 0 0 0.000101872246 0 0 0 0.000203744492 -0 0
1674207973.08208561 -0.382779352 0.0336797083 -1.23008594e-313 0.999999995 0 0 -9.86112299e-05 0 0 0 3.14139543 -3.14159265 3.14159265
1674207973.18289852 -0.393707345 0.0233773928 -1.10707735e-313 0.999999929 0 0 -0.000376476779 0 0 0 3.1408397 -3.14159265 3.14159265
1674207973.28378081 -0.393656162 0.0603411612 -8.51597959e-314 0.999998749 0 0 -0.00158167773 0 0 0 3.1384293 -3.14159265 3.14159265
1674207973.4855504 -0.798848593 0.0240195772 -9.22564456e-314 0.999999068 0 0 -0.00136553859 0 0 0 3.13886158 -3.14159265 3.14159265
1674207973.58635521 -0.412987338 0.0207583419 -1.10707735e-313 0.999997883 0 0 -0.00205760109 0 0 0 3.13747745 -3.14159265 3.14159265
1674207973.68719101 -0.423672604 0.0584773045 -1.58153907e-313 0.999996031 0 0 -0.00281737081 0 0 0 3.1359579 -3.14159265 3.14159265
1674207973.78804731 -0.424160222 0.0288370799 -1.23008594e-313 0.999998593 0 0 -0.0016777754 0 0 0 3.1382371 -3.14159265 3.14159265
1674207973.88892651 -0.394873775 0.0194822996 -1.23008594e-313 0.99999925 0 0 -0.00122508245 0 0 0 3.13914249 -3.14159265 3.14159265
1674207973.98977375 -0.397137462 0.0393373318 -1.23008594e-313 0.999997127 0 0 -0.00239703732 0 0 0 3.13679857 -3.14159265 3.14159265
1674207974.09062719 -0.351940237 -0.0132160519 -9.22564456e-314 0.999997291 0 0 -0.00232759785 0 0 0 3.13693745 -3.14159265 3.14159265
1674207974.29232502 -0.795938136 0.00175183956 -1.00643395e-313 0.999982388 0 0 -0.00593498411 0 0 0 3.12972262 -3.14159265 3.14159265
1674207974.39323235 -0.408595834 -0.00614481034 -9.22564456e-314 0.999991725 0 0 -0.00406813698 0 0 0 3.13345636 -3.14159265 3.14159265
1674207974.49406528 -0.397498679 0.00445392266 -1.00643395e-313 0.999994543 0 0 -0.00330366281 0 0 0 3.13498532 -3.14159265 3.14159265
1674207974.69578648 -0.794773371 0.0206064662 -1.10707735e-313 0.99999134 0 0 -0.00416177519 0 0 0 3.13326908 -3.14159265 3.14159265
1674207974.79667282 -0.388823797 0.0101000204 -1.10707735e-313 0.999998608 0 0 -0.00166845385 0 0 0 3.13825574 -3.14159265 3.14159265
1674207974.89748383 -0.396134008 0.017129375 -9.22564456e-314 0.999998942 0 0 -0.00145468622 0 0 0 3.13868328 -3.14159265 3.14159265
1674207974.99837494 -0.428299647 0.0131671372 -1.38384668e-313 0.999998829 0 0 -0.00153030828 0 0 0 3.13853204 -3.14159265 3.14159265
1674207975.09920311 -0.402782094 0.0290111344 -1.38384668e-313 0.999999778 0 0 -0.000666635329 0 0 0 3.14025938 -3.14159265 3.14159265
1674207975.20006895 -0.386359534 0.0168340938 -1.23008594e-313 0.999999963 0 0 0.000270225987 0 0 0 0.000540451981 -0 0
1674207975.40180469 -0.801776425 0.0533732926 -1.00643395e-313 0.999999808 0 0 -0.0006201851 0 0 0 3.14035228 -3.14159265 3.14159265
1674207975.50263548 -0.382961935 0.0171985323 -7.90769533e-314 0.999999733 0 0 0.000730709004 0 0 0 0.00146141814 -0 0
1674207975.60349798 -0.417734883 0.0337593002 -1.00643395e-313 0.999998643 0 0 -0.00164718007 0 0 0 3.13829829 -3.14159265 3.14159265
1674207975.70439243 -0.378245993 0.0371896225 -9.22564456e-314 0.999999751 0 0 -0.000705324182 0 0 0 3.14018201 -3.14159265 3.14159265
1674207975.8052125 -0.392337702 0.0031949469 -8.51597959e-314 0.999999451 0 0 -0.00104772256 0 0 0 3.13949721 -3.14159265 3.14159265
1674207975.90611744 -0.370130684 0.0238674334 -1.10707735e-313 0.999999212 0 0 -0.0012555474 0 0 0 3.13908156 -3.14159265 3.14159265
1674207976.00696707 -0.35356826 -0.0124311417 -1.10707735e-313 0.999999602 0 0 -0.000892193373 0 0 0 3.13980827 -3.14159265 3.14159265
1674207976.10780764 -0.335689617 -0.00181366045 -1.38384668e-313 0.999999967 0 0 0.000255115608 0 0 0 0.000510231221 -0 0
1674207976.20869446 -0.385883376 -0.00363700206 -1.38384668e-313 0.999999306 0 0 -0.00117815275 0 0 0 3.13923635 -3.14159265 3.14159265
1674207976.30951977 -0.328515452 0.02712826 -1.23008594e-313 0.999999609 0 0 -0.000884326944 0 0 0 3.139824 -3.14159265 3.14159265
1674207976.41042805 -0.324279653 0.0252008165 -1.23008594e-313 0.999998934 0 0 -0.00145989271 0 0 0 3.13867287 -3.14159265 3.14159265
1674207976.51122785 -0.317581379 0.0162996653 -1.38384668e-313 0.999999404 0 0 -0.00109173349 0 0 0 3.13940919 -3.14159265 3.14159265
1674207976.6121099 -0.325409648 0.0315990994 -1.23008594e-313 0.999999263 0 0 -0.00121375543 0 0 0 3.13916514 -3.14159265 3.14159265
1674207976.71295738 -0.323845953 0.0290997163 -1.23008594e-313 1 0 0 2.96770827e-05 0 0 0 5.93541655e-05 -0 0
1674207976.81382847 -0.313097203 0.023005047 -1.23008594e-313 0.999999385 0 0 0.00110866277 0 0 0 0.00221732599 -0 0
1674207976.91470027 -0.289656517 0.0148335531 -1.00643395e-313 0.999999986 0 0 0.000164571858 0 0 0 0.000329143717 -0 0
1674207977.01553822 -0.30269103 -0.000143785479 -1.10707735e-313 0.999999864 0 0 0.00052063243 0 0 0 0.00104126491 -0 0
1674207977.11640787 -0.273286994 0.0362023816 -1.38384668e-313 0.999999916 0 0 0.000408803587 0 0 0 0.000817607196 -0 0
1674207977.21724749 -0.274285965 0.0235420331 -1.58153907e-313 0.999998715 0 0 0.00160287359 0 0 0 0.00320574856 -0 0
1674207977.31814718 -0.314878637 0.0359766672 -1.23008594e-313 0.999999736 0 0 0.000726274967 0 0 0 0.00145255006 -0 0
1674207977.41898298 -0.263887976 0.0236788175 -1.38384668e-313 0.999999943 0 0 0.000337470808 0 0 0 0.000674941629 -0 0
1674207977.62073088 -0.528946635 0.0461424163 -1.84512891e-313 0.999999979 0 0 -0.000206489081 0 0 0 3.14117968 -3.14159265 3.14159265
1674207977.82242537 -0.511984832 0.0404133238 -1.58153907e-313 0.999999042 0 0 0.00138431976 0 0 0 0.00276864041 -0 0
1674207977.92331314 -0.234469109 0.0456597802 -1.58153907e-313 0.999999037 0 0 0.00138778609 0 0 0 0.00277557307 -0 0
1674207978.02414489 -0.18878587 0.0984484618 -1.10707735e-313 0.999999974 0 0 -0.000226291401 0 0 0 3.14114007 -3.14159265 3.14159265
1674207978.12500811 -0.233949219 -1.16907602e-05 -1.10707735e-313 1 0 0 9.16000627e-06 0 0 0 1.83200125e-05 -0 0
1674207978.22587824 -0.244452135 -0.0594874393 -1.00643395e-313 0.99999956 0 0 0.000938550862 0 0 0 0.001877102 -0 0
1674207978.52844572 -0.676669723 0.0589161344 -1.23008594e-313 0.999997572 0 0 0.00220347527 0 0 0 0.0044069541 -0 0
1674207978.62938499 -0.206170619 0.0396501328 -1.23008594e-313 0.999998617 0 0 0.00166322894 0 0 0 0.00332645942 -0 0
1674207978.73017502 -0.198811055 0.029660167 -1.23008594e-313 0.999999981 0 0 -0.000197218851 0 0 0 3.14119822 -3.14159265 3.14159265
1674207978.83106279 -0.194468423 0.0354232119 -1.23008594e-313 0.999999898 0 0 0.000451171796 0 0 0 0.000902343622 -0 0
1674207979.03276682 -0.435379312 0.0180796751 -1.58153907e-313 0.999998044 0 0 0.00197783552 0 0 0 0.00395567363 -0 0
1674207979.13360643 -0.182793795 0.0275211512 -1.58153907e-313 0.999999169 0 0 0.00128897111 0 0 0 0.00257794293 -0 0
1674207979.23447394 -0.211941793 0.0156884512 -1.84512891e-313 0.99999935 0 0 0.00114011768 0 0 0 0.00228023585 -0 0
1674207979.33533001 -0.169655074 -0.0183229993 -2.21415469e-313 0.999998995 0 0 0.00141780172 0 0 0 0.0028356044 -0 0
1674207979.43617511 -0.203004965 0.0237199399 -2.21415469e-313 0.999999952 0 0 -0.000310762658 0 0 0 3.14097113 -3.14159265 3.14159265
1674207979.53703499 -0.188017551 0.00804674141 -2.21415469e-313 0.999999129 0 0 0.00131980323 0 0 0 0.00263960722 -0 0
1674207979.63790751 -0.180404774 0.0114890439 -2.76769337e-313 0.999999977 0 0 0.000213684401 0 0 0 0.000427368806 -0 0
1674207979.7387383 -0.186079462 0.0275144437 -2.76769337e-313 0.999999007 0 0 -0.00140923634 0 0 0 3.13877418 -3.14159265 3.14159265
1674207979.83965635 -0.176779246 0.0626580798 -1.84512891e-313 0.999999936 0 0 0.000358562559 0 0 0 0.000717125133 -0 0
1674207979.94048643 -0.128006272 0.0455684957 -3.69025782e-313 0.99999974 0 0 0.000721075699 0 0 0 0.00144215152 -0 0
1674207980.04131937 -0.166689048 0.0109416399 -3.69025782e-313 0.99999949 0 0 -0.00101005244 0 0 0 3.13957255 -3.14159265 3.14159265
1674207980.14220476 -0.164546103 0.0395970137 -3.69025782e-313 0.999999999 0 0 -3.93428112e-05 0 0 0 3.14151397 -3.14159265 3.14159265
1674207980.24314618 -0.238526303 -0.143283437 -1.84512891e-313 0.999999738 0 0 0.000723341322 0 0 0 0.00144668277 -0 0
1674207980.34389925 -0.141461094 0.00747375534 -2.21415469e-313 0.999999741 0 0 -0.000719805057 0 0 0 3.14015304 -3.14159265 3.14159265
1674207980.44478941 -0.111697968 -0.00162634499 -2.76769337e-313 0.999999748 0 0 0.000709466923 0 0 0 0.00141893396 -0 0
1674207980.54564333 -0.123595635 0.0197246502 -3.69025782e-313 0.999999936 0 0 0.000357154014 0 0 0 0.000714308044 -0 0
1674207980.6464901 -0.132944997 -0.0082653752 -3.69025782e-313 0.999999963 0 0 -0.000270389646 0 0 0 3.14105187 -3.14159265 3.14159265
1674207980.74733829 -0.110682281 0.00837920705 -2.76769337e-313 0.999998994 0 0 0.00141854766 0 0 0 0.00283709628 -0 0
1674207980.84819388 -0.101674398 0.0104451208 -2.21415469e-313 0.999999771 0 0 -0.000676228063 0 0 0 3.1402402 -3.14159265 3.14159265
1674207980.94914842 -0.100388321 0.00257504034 -1.84512891e-313 0.999999807 0 0 0.000621041135 0 0 0 0.00124208235 -0 0
1674207981.04994583 -0.105378658 -0.0154958055 -1.84512891e-313 0.999999999 0 0 -4.60269583e-05 0 0 0 3.1415006 -3.14159265 3.14159265
1674207981.15083361 -0.0933318634 -0.00359986034 -2.21415469e-313 0.999999642 0 0 -0.000845819591 0 0 0 3.13990101 -3.14159265 3.14159265
1674207981.25164986 -0.116019046 -0.0178187969 -2.76769337e-313 0.999999672 0 0 -0.000809450355 0 0 0 3.13997375 -3.14159265 3.14159265
1674207981.35256529 -0.0868796972 0.0130532141 -3.69025782e-313 0.999997338 0 0 -0.00230738758 0 0 0 3.13697787 -3.14159265 3.14159265
1674207981.45341921 -0.0922789361 -0.00791521231 -2.76769337e-313 0.999999358 0 0 -0.00113282639 0 0 0 3.139327 -3.14159265 3.14159265
1674207981.55423594 -0.0890615725 -0.00761266048 -2.76769337e-313 1 0 0 2.88778195e-05 0 0 0 5.77556391e-05 -0 0
1674207981.65512633 -0.0794116312 0.0202282468 -2.21415469e-313 0.999998458 0 0 -0.00175605763 0 0 0 3.13808054 -3.14159265 3.14159265
1674207981.75596476 -0.0972140172 0.00292332086 -2.21415469e-313 0.999999999 0 0 -4.19071229e-05 0 0 0 3.14150884 -3.14159265 3.14159265
1674207981.8568449 -0.103845032 -0.0206718376 -2.76769337e-313 0.999998729 0 0 -0.00159455508 0 0 0 3.13840354 -3.14159265 3.14159265
1674207981.95770597 -0.109110249 0.0199801737 -2.76769337e-313 0.999999802 0 0 -0.000629487487 0 0 0 3.14033368 -3.14159265 3.14159265
1674207982.05853987 -0.0978134173 4.49715858e-05 -2.21415469e-313 0.999999087 0 0 -0.00135164546 0 0 0 3.13888936 -3.14159265 3.14159265
1674207982.15942693 -0.104592849 -0.010383781 -2.21415469e-313 0.999999471 0 0 -0.00102834053 0 0 0 3.13953597 -3.14159265 3.14159265
1674207982.26025748 -0.0946693143 0.0138498939 -2.76769337e-313 0.999999068 0 0 -0.00136559321 0 0 0 3.13886147 -3.14159265 3.14159265
1674207982.36120963 -0.0879876948 -0.0125456366 -2.76769337e-313 0.999999481 0 0 -0.0010187139 0 0 0 3.13955523 -3.14159265 3.14159265
1674207982.462008 -0.095851319 -0.015625312 -1.84512891e-313 0.99999943 0 0 0.00106809904 0 0 0 0.00213619849 -0 0
1674207982.56287479 -0.0748951803 0.00910189892 -2.21415469e-313 0.999998164 0 0 -0.00191614821 0 0 0 3.13776035 -3.14159265 3.14159265
1674207982.66372538 -0.0917063203 -0.0181598502 -2.76769337e-313 0.999999462 0 0 0.00103699435 0 0 0 0.00207398908 -0 0
1674207982.76457167 -0.0736429601 0.00166805768 -2.21415469e-313 0.999999915 0 0 -0.000411868736 0 0 0 3.14076892 -3.14159265 3.14159265
1674207982.86544299 -0.0792795573 -0.00554006329 -2.21415469e-313 0.999999496 0 0 -0.00100393353 0 0 0 3.13958479 -3.14159265 3.14159265
1674207982.96630287 -0.0574370719 0.0169068192 -1.84512891e-313 0.999999606 0 0 -0.000887256462 0 0 0 3.13981814 -3.14159265 3.14159265
1674207983.06722832 -0.0708450691 -0.00330074226 -2.21415469e-313 0.999999705 0 0 -0.000767476869 0 0 0 3.1400577 -3.14159265 3.14159265
1674207983.16799283 -0.0625197033 0.00400238669 -1.84512891e-313 0.999999985 0 0 0.000175255675 0 0 0 0.000350511351 -0 0
1674207983.26889038 -0.0905582319 -0.00593510999 -1.84512891e-313 0.999999805 0 0 -0.000624560225 0 0 0 3.14034353 -3.14159265 3.14159265
1674207983.3697176 -0.0447765871 0.043149851 -1.58153907e-313 0.999998852 0 0 -0.00151528584 0 0 0 3.13856208 -3.14159265 3.14159265
1674207983.47061682 -0.038732935 -0.0165102985 -1.84512891e-313 0.999999938 0 0 -0.000350899927 0 0 0 3.14089085 -3.14159265 3.14159265
1674207983.57149744 -0.0437845932 0.00505412889 -2.21415469e-313 0.999999831 0 0 0.000581587864 0 0 0 0.00116317579 -0 0
1674207983.67237473 -0.0570703528 0.000805820468 -2.76769337e-313 0.999999147 0 0 -0.00130585605 0 0 0 3.13898094 -3.14159265 3.14159265
1674207983.77312636 -0.0338090504 -0.00195423503 -1.58153907e-313 0.999999997 0 0 7.5010126e-05 0 0 0 0.000150020252 -0 0
1674207983.87403703 -0.0386845668 0.0111673969 -1.58153907e-313 0.999999908 0 0 -0.00043005795 0 0 0 3.14073254 -3.14159265 3.14159265
1674207983.97491884 -0.055093056 0.010972564 -1.58153907e-313 0.999999366 0 0 -0.00112635382 0 0 0 3.13933995 -3.14159265 3.14159265
1674207984.07572556 -0.0431328453 0.0220904046 -1.84512891e-313 0.999999012 0 0 -0.00140536298 0 0 0 3.13878193 -3.14159265 3.14159265
1674207984.17664576 -0.0360768136 -0.0163343101 -1.58153907e-313 0.999999807 0 0 0.000620665768 0 0 0 0.00124133162 -0 0
1674207984.27745485 -0.0141256969 -0.0147490739 -1.58153907e-313 0.999999136 0 0 0.00131481144 0 0 0 0.00262962365 -0 0
1674207984.37837744 -0.0216501112 0.00575972013 -2.21415469e-313 0.99999998 0 0 0.000200186958 0 0 0 0.000400373919 -0 0
1674207984.47917199 -0.0424696642 -0.00738629568 -2.76769337e-313 0.999999602 0 0 -0.000891980705 0 0 0 3.13980869 -3.14159265 3.14159265
1674207984.58002496 -0.0240353364 0.00788996035 -2.21415469e-313 0.999999967 0 0 -0.000256110893 0 0 0 3.14108043 -3.14159265 3.14159265
1674207984.68088698 -0.0306920465 -0.00916700532 -2.76769337e-313 0.999999918 0 0 -0.00040452895 0 0 0 3.1407836 -3.14159265 3.14159265
1674207984.78175545 -0.0192593354 0.00325234686 -2.76769337e-313 0.999999999 0 0 -4.12092556e-05 0 0 0 3.14151024 -3.14159265 3.14159265
1674207984.88265133 -0.018816893 -0.0113670201 -1.84512891e-313 0.99999999 0 0 0.000144187529 0 0 0 0.000288375059 -0 0
1674207984.98346496 -0.0333692168 0.00440413377 -1.84512891e-313 0.999999758 0 0 -0.000695143885 0 0 0 3.14020237 -3.14159265 3.14159265
1674207985.08434057 -0.00338193672 -0.00325193888 -1.84512891e-313 0.999999999 0 0 -4.38082952e-05 0 0 0 3.14150504 -3.14159265 3.14159265
1674207985.1852212 -0.027649047 -0.00852744813 -2.21415469e-313 0.999999987 0 0 0.000163141475 0 0 0 0.000326282952 -0 0
1674207985.28604984 0.0191812176 0.016739528 -2.76769337e-313 1 0 0 3.04523253e-05 0 0 0 6.09046506e-05 -0 0
1674207985.38692212 -0.0201096722 0.00253021855 -2.21415469e-313 0.999999738 0 0 -0.000723247652 0 0 0 3.14014616 -3.14159265 3.14159265
1674207985.48774481 0.00921847093 -0.00496448859 -2.21415469e-313 0.999998284 0 0 0.00185261349 0 0 0 0.0037052291 -0 0
1674207985.58866239 -0.017772251 -0.00552051821 -2.76769337e-313 0.999999979 0 0 -0.000203811813 0 0 0 3.14118503 -3.14159265 3.14159265
1674207985.68954802 -0.029585648 0.00672762935 -1.84512891e-313 0.999999769 0 0 -0.000680131709 0 0 0 3.14023239 -3.14159265 3.14159265
1674207985.79037094 -0.00790983116 -0.00913314913 -2.21415469e-313 0.999999586 0 0 0.000910266643 0 0 0 0.00182053354 -0 0
1674207985.89122057 -0.0077396009 0.0086721915 -2.21415469e-313 0.999999996 0 0 -8.84788787e-05 0 0 0 3.1414157 -3.14159265 3.14159265
1674207985.99210119 -0.0147456987 0.0055752123 -1.84512891e-313 0.999999811 0 0 -0.000614530758 0 0 0 3.14036359 -3.14159265 3.14159265
1674207986.09295487 -0.00166869016 6.07527173e-05 -1.84512891e-313 0.99999989 0 0 0.000469827072 0 0 0 0.000939654179 -0 0
1674207986.1937995 -0.00463367362 -0.00698914715 -1.84512891e-313 0.999999979 0 0 -0.000207139736 0 0 0 3.14117837 -3.14159265 3.14159265
1674207986.29488182 -0.00260859574 -0.00465599983 -1.58153907e-313 0.999999994 0 0 0.000105526906 0 0 0 0.000211053813 -0 0
1674207986.39552402 -0.0349244902 0.00440995329 -1.84512891e-313 0.999999307 0 0 -0.00117718418 0 0 0 3.13923828 -3.14159265 3.14159265
1674207986.49636507 0.0174913024 -0.0102964067 -1.84512891e-313 0.999999317 0 0 0.00116846789 0 0 0 0.00233693631 -0 0
1674207986.59726119 -0.0144368009 0.000154764089 -1.84512891e-313 0.999999942 0 0 -0.000340958339 0 0 0 3.14091074 -3.14159265 3.14159265
1674207986.69808197 0.0154784816 0.00325280514 -1.84512891e-313 0.999999998 0 0 6.03581558e-05 0 0 0 0.000120716312 -0 0
1674207986.79896021 -0.00851417607 -0.00177820438 -2.21415469e-313 0.999999725 0 0 0.000741164253 0 0 0 0.00148232864 -0 0
1674207987.00071526 0.0057141705 -0.00104590699 -2.21415469e-313 0.999999986 0 0 0.000167458157 0 0 0 0.000334916315 -0 0
1674207987.10152864 -0.0135030013 0.0214433626 -2.21415469e-313 0.999999041 0 0 -0.00138491658 0 0 0 3.13882282 -3.14159265 3.14159265
1674207987.20237303 0.0187390085 -0.000289208138 -1.84512891e-313 0.999999985 0 0 0.000172324697 0 0 0 0.000344649396 -0 0
1674207987.30327988 -0.0109184971 0.00287823125 -1.58153907e-313 0.999999993 0 0 -0.000120967966 0 0 0 3.14135072 -3.14159265 3.14159265
1674207987.40410328 0.00880584667 0.0028026493 -1.58153907e-313 0.999999992 0 0 -0.000130241234 0 0 0 3.14133217 -3.14159265 3.14159265
1674207987.5049746 -0.00860931055 -0.0341136027 -1.58153907e-313 0.999999549 0 0 0.000949392368 0 0 0 0.00189878502 -0 0
1674207987.60582685 0.00561158464 0.0246453884 -1.58153907e-313 0.999999832 0 0 -0.000579033162 0 0 0 3.14043459 -3.14159265 3.14159265
1674207987.70667744 -0.0123760206 0.00983209875 -1.58153907e-313 0.999999841 0 0 -0.000563359584 0 0 0 3.14046593 -3.14159265 3.14159265
1674207987.80754399 0.0133289618 -0.0127417172 -1.58153907e-313 0.999999797 0 0 0.000637558635 0 0 0 0.00127511736 -0 0
1674207987.9083817 -0.00460691576 -0.00408270903 -1.58153907e-313 0.999999968 0 0 -0.000252727243 0 0 0 3.1410872 -3.14159265 3.14159265
1674207988.11016607 -0.180966748 0.0744336833 -1.58153907e-313 0.99998964 0 0 -0.00455184789 0 0 0 3.13248893 -3.14159265 3.14159265
1674207988.21097469 -0.00887878288 -0.0220883662 -1.58153907e-313 0.999999952 0 0 0.000308279001 0 0 0 0.000616558011 -0 0
1674207988.4126997 -0.0569963476 0.0018034863 -1.58153907e-313 0.999999679 0 0 -0.000801506573 0 0 0 3.13998964 -3.14159265 3.14159265
1674207988.51356792 -0.0314937965 0.00501183682 -1.84512891e-313 0.999999999 0 0 -4.09269038e-05 0 0 0 3.1415108 -3.14159265 3.14159265
1674207988.61443281 -0.041952804 0.0127094366 -1.84512891e-313 0.999999998 0 0 6.06409518e-05 0 0 0 0.000121281904 -0 0
