1687940918.31682396 6.00104809 -3.37211227 0.255463183 0
1687940918.31682396 2.24950361 5.68874264 0.179558516 1
1687940918.31682396 -4.48417282 8.47862339 0.207314074 2
1687940918.31682396 13.550292 -4.38271666 0.219342336 3
1687940918.31682396 7.11345911 5.41021156 0.129525989 4
1687940918.31682396 5.86839199 -6.50000191 0.155744061 5
1687940918.31682396 1.3631947 -12.6301556 0.181097016 6
1687940918.31682396 3.70935488 11.0004587 0.187052965 7
1687940918.31682396 12.92904 4.0472393 0.159995988 8
1687940918.31682396 -6.43272352 -9.32738781 0.11635261 9
