1687940949.07896471 -2.281497 -5.27497101 0.093938224 0
1687940949.07896471 0.795281947 11.0855675 0.243204027 1
1687940949.07896471 7.45209312 7.32820511 0.222275272 2
1687940949.07896471 3.24594879 -11.758955 0.273487806 3
1687940949.07896471 5.54844618 -7.67882204 0.152188584 4
1687940949.07896471 -1.86157787 -7.05072165 0.162677944 5
1687940949.07896471 0.937199712 -5.41509295 0.125110641 6
1687940949.07896471 13.3245773 -4.95944405 0.24252224 7
1687940949.07896471 -8.79833126 -8.50339127 0.233188629 8
1687940949.07896471 10.8954382 -5.11226797 0.111295715 9
