1687940914.68585157 -2.56735039 5.71531963 0.230934173 0
1687940914.68585157 8.6096859 -4.44005871 0.234567925 1
1687940914.68585157 1.1110611 -6.62894869 0.144197747 2
1687940914.68585157 7.74147511 4.02433634 0.181792855 3
1687940914.68585157 -1.08708525 10.9344454 0.199816123 4
1687940914.68585157 2.29271936 5.31848764 0.165659279 5
1687940914.68585157 -3.24742889 -12.7175627 0.172809988 6
1687940914.68585157 13.8031645 4.14324808 0.194540888 7
1687940914.68585157 -2.47063828 9.57495785 0.0934495926 8
1687940914.68585157 9.24642849 9.93369961 0.111547463 9
