1687940949.48241758 -1.78434527 -5.2654233 0.119961031 0
1687940949.48241758 0.89783591 11.174305 0.236780018 1
1687940949.48241758 6.10507822 -7.55865288 0.236855581 2
1687940949.48241758 3.83019352 -11.5889835 0.270382792 3
1687940949.48241758 7.76661491 7.46085691 0.20065707 4
1687940949.48241758 -1.26936781 -7.04066515 0.09779533 5
1687940949.48241758 1.39885437 -5.32853746 0.145560563 6
1687940949.48241758 -8.26449203 -8.59990597 0.226121128 7
1687940949.48241758 -4.00905323 -12.1748791 0.193468228 8
1687940949.48241758 10.4375849 4.30407906 0.128175005 9
