1687940956.9460392 8.00061417 -4.79864931 0.22673519 0
1687940956.9460392 -1.3625195 -8.6813097 0.237116605 1
1687940956.9460392 -1.30878747 7.23543787 0.094264403 2
1687940956.9460392 -1.43307686 -7.92410755 0.132564962 3
1687940956.9460392 1.87766314 -7.46157503 0.147228897 4
1687940956.9460392 -7.89440584 -8.15523529 0.182059512 5
1687940956.9460392 -8.01171303 10.027564 0.190628693 6
1687940956.9460392 1.34462476 -9.12879086 0.12353234 7
1687940956.9460392 -5.70678616 -20.8476944 0.201333791 8
1687940956.9460392 0.0831308365 9.6337738 0.101240575 9
1687940956.9460392 -10.0181351 -13.8333902 0.191555038 10
1687940956.9460392 14.4065733 7.76710129 0.172032118 11
1687940956.9460392 10.7342472 3.49282455 0.136348695 12
