1687940943.83429241 6.55582476 -2.60376573 0.255420864 0
1687940943.83429241 -1.71283638 -10.8984079 0.28963685 1
1687940943.83429241 -0.698870122 8.7661829 0.207166478 2
1687940943.83429241 7.99476671 3.96701217 0.183454216 3
1687940943.83429241 2.49432778 5.93323469 0.0906986073 4
1687940943.83429241 12.5800886 -4.25952768 0.180103973 5
1687940943.83429241 1.5299964 -9.18709755 0.150913447 6
1687940943.83429241 0.967194259 -7.63114262 0.108628146 7
1687940943.83429241 17.1826572 -1.97459221 0.203199461 8
1687940943.83429241 -3.53770947 -9.543046 0.128485918 9
1687940943.83429241 3.00966716 9.87890148 0.156455487 10
1687940943.83429241 -9.64028454 -12.4807959 0.192506373 11
1687940943.83429241 4.54057217 16.3088284 0.219297171 12
1687940943.83429241 2.62846494 -10.4514084 0.110739216 13
