1687940931.63026714 5.76986122 3.81207108 0.219579667 0
1687940931.63026714 5.3959198 -3.58176374 0.148120955 1
1687940931.63026714 0.207818165 -12.2097015 0.213384047 2
1687940931.63026714 7.99035978 -6.65399218 0.225692272 3
1687940931.63026714 12.475358 1.08406377 0.228337452 4
1687940931.63026714 12.0684042 6.93322325 0.186273098 5
1687940931.63026714 12.8887129 -4.3319273 0.234999806 6
1687940931.63026714 -2.91988945 -5.10743427 0.129628316 7
1687940931.63026714 -1.13265646 11.733367 0.203257829 8
1687940931.63026714 8.34241486 2.29189515 0.120334417 9
1687940931.63026714 2.37857604 12.7465191 0.142271996 10
