1687940947.46521425 3.80429459 -7.42708254 0.240980968 0
1687940947.46521425 1.75308263 -11.5868034 0.295418918 1
1687940947.46521425 11.1334677 -4.40949249 0.256519496 2
1687940947.46521425 -5.52917337 4.28294849 0.264542997 3
1687940947.46521425 5.17648745 7.71483421 0.215414271 4
1687940947.46521425 -0.982990861 -5.32327986 0.159985155 5
1687940947.46521425 -1.74550748 11.2109251 0.229473114 6
1687940947.46521425 8.87529087 -4.64121962 0.143533453 7
1687940947.46521425 -4.06954384 -5.23916054 0.0801579356 8
1687940947.46521425 0.0335457623 -9.98551369 0.115088843 9
1687940947.46521425 -3.62907624 -7.00645733 0.100524433 10
1687940947.46521425 5.65331507 1.96842587 0.151104197 11
1687940947.46521425 13.2072363 1.93816209 0.175028294 12
1687940947.46521425 7.95421982 4.5362649 0.108493984 13
