1687940921.74603653 -3.66917324 -5.62555313 0.239141896 0
1687940921.74603653 9.93182373 -2.93843436 0.253085226 1
1687940921.74603653 -1.16678846 8.43664646 0.208639354 2
1687940921.74603653 5.80674505 5.96780396 0.176901788 3
1687940921.74603653 6.92085123 -3.32752991 0.117384732 4
1687940921.74603653 -6.97586393 4.61139488 0.226290435 5
1687940921.74603653 -2.13123941 -9.43024826 0.105604552 6
1687940921.74603653 -4.53067255 16.3340855 0.232145146 7
1687940921.74603653 7.05473995 11.3058443 0.214604691 8
1687940921.74603653 9.9610939 -6.12175035 0.150258705 9
1687940921.74603653 -6.31747103 8.78376389 0.119689152 10
1687940921.74603653 16.5048332 4.73093033 0.180527687 11
