1687940920.73746252 8.921175 -2.88781691 0.253124714 0
1687940920.73746252 -4.5937829 -5.54756737 0.193833947 1
1687940920.73746252 4.86600399 6.0498004 0.210587248 2
1687940920.73746252 -2.08059978 8.47178745 0.201488808 3
1687940920.73746252 5.92049074 -3.27738118 0.11180073 4
1687940920.73746252 6.06201315 11.372817 0.198171139 5
1687940920.73746252 9.60776711 5.93189383 0.142521292 6
1687940920.73746252 4.83877182 -12.2977715 0.180434465 7
1687940920.73746252 8.89054394 -5.99816895 0.149220258 8
1687940920.73746252 -5.97049904 -7.99722481 0.135591701 9
1687940920.73746252 15.3975544 4.79971743 0.164013952 10
1687940920.73746252 -7.18450308 8.85109043 0.119700119 11
