1687940954.52538204 6.08747292 -4.74897909 0.202327624 0
1687940954.52538204 -3.32134175 -8.56731033 0.214573696 1
1687940954.52538204 3.45751691 -5.20875168 0.108877063 2
1687940954.52538204 5.97197771 11.318924 0.229315743 3
1687940954.52538204 -3.13270307 7.26911736 0.116779432 4
1687940954.52538204 9.27405643 -11.402297 0.322735548 5
1687940954.52538204 -3.37700367 -7.85357809 0.114306919 6
1687940954.52538204 9.16211891 3.47995925 0.0978598148 7
1687940954.52538204 7.7325325 -9.93583965 0.139801279 8
1687940954.52538204 0.00921574701 -7.30765915 0.102638058 9
1687940954.52538204 1.34998477 -12.0868788 0.196175918 10
