1687940935.2612114 -0.966635823 -5.57429695 0.258565366 0
1687940935.2612114 6.94727707 -2.315727 0.190174505 1
1687940935.2612114 9.96401405 5.41535091 0.225048855 2
1687940935.2612114 10.6057596 -1.98722076 0.147884339 3
1687940935.2612114 2.13707352 12.3243513 0.207210019 4
1687940935.2612114 6.57383585 -11.2021761 0.203607962 5
1687940935.2612114 -3.86655903 -10.2417631 0.164974555 6
1687940935.2612114 12.2265987 -7.20415497 0.141042456 7
1687940935.2612114 15.6613512 9.35113525 0.236898392 8
1687940935.2612114 -8.39952469 -9.5174036 0.158511266 9
