1687940945.04462171 1.27363694 -6.56285238 0.251496375 0
1687940945.04462171 8.11511707 -2.98504353 0.27034995 1
1687940945.04462171 -0.452824682 -10.9725418 0.266168743 2
1687940945.04462171 1.14158666 8.58010864 0.202020332 3
1687940945.04462171 5.90567732 -3.36455536 0.122717261 4
1687940945.04462171 9.71443558 3.55391788 0.191974193 5
1687940945.04462171 -2.27991962 -9.57808208 0.12755771 6
1687940945.04462171 4.88862085 9.65655231 0.124246106 7
1687940945.04462171 18.7402534 -2.60996103 0.194669321 8
1687940945.04462171 6.47122908 4.50302887 0.153265759 9
1687940945.04462171 6.73690414 15.9892645 0.236406803 10
1687940945.04462171 7.47974968 -10.2508841 0.135679945 11
