1674207936.16734028 -0.0024684221 0.000970740012 0 0.999999952 0 0 0.000311148048 0 0 0 0.000622296105 -0 0
1674207936.26819897 -0.00610398291 -0.00814712107 0 0.999999995 0 0 0.000102634621 0 0 0 0.000205269243 -0 0
1674207936.46993303 0.00048925221 0.00498336027 0 0.999999991 0 0 -0.000133910845 0 0 0 3.14132483 -3.14159265 3.14159265
1674207936.57077694 -0.00105949738 -0.00825698168 0 0.999999969 0 0 0.000247334973 0 0 0 0.000494669952 -0 0
1674207936.67163754 -0.0042940199 0.00651326472 0 0.999999952 0 0 -0.000310252728 0 0 0 3.14097215 -3.14159265 3.14159265
1674207936.77255106 0.00284504762 -0.014108917 0 0.999999963 0 0 0.000273652089 0 0 0 0.000547304185 -0 0
1674207936.87338543 0.00467104908 0.0145884277 0 0.999999982 0 0 0.000189841639 0 0 0 0.000379683281 -0 0
1674207937.27682304 0.0367084934 -0.0111101196 0 0.99999991 0 0 -0.000423760906 0 0 0 3.14074513 -3.14159265 3.14159265
1674207937.78113794 0.202491752 -0.0103636957 0 0.999999601 0 0 -0.00089354176 0 0 0 3.13980557 -3.14159265 3.14159265
1674207938.28543925 0.331312222 -0.012801204 0 0.999999756 0 0 -0.000698512772 0 0 0 3.14019563 -3.14159265 3.14159265
1674207938.68884635 0.314524049 -0.0319571925 0 0.9999984 0 0 -0.00178885492 0 0 0 3.13801494 -3.14159265 3.14159265
1674207938.89058876 0.212525456 -0.0236692019 0 0.999999603 0 0 -0.000891376008 0 0 0 3.1398099 -3.14159265 3.14159265
1674207939.09227872 0.230182306 -0.0179259532 0 0.999999987 0 0 -0.000163741033 0 0 0 3.14126517 -3.14159265 3.14159265
1674207939.2940588 0.251572421 -0.0109749757 0 0.999999881 0 0 -0.000488740431 0 0 0 3.14061517 -3.14159265 3.14159265
1674207939.59658194 0.400730764 -0.0390643 0 0.999999853 0 0 -0.000542980776 0 0 0 3.14050669 -3.14159265 3.14159265
1674207939.69744587 0.134811269 -0.0171001981 0 0.999999747 0 0 -0.000711592267 0 0 0 3.14016947 -3.14159265 3.14159265
1674207940.00004148 0.46718394 -0.012934478 0 0.999999579 0 0 -0.000917525695 0 0 0 3.1397576 -3.14159265 3.14159265
1674207940.20173955 0.316270771 -0.0101091798 0 0.99999992 0 0 0.00040081797 0 0 0 0.000801635961 -0 0
1674207940.40346527 0.331322748 -0.01942194 0 0.99999956 0 0 -0.00093831136 0 0 0 3.13971603 -3.14159265 3.14159265
1674207940.70605707 0.545634961 -0.0589713548 0 0.999999998 0 0 -6.49681764e-05 0 0 0 3.14146272 -3.14159265 3.14159265
1674207940.80689454 0.216408736 -0.00587165832 0 0.999999999 0 0 -5.40815217e-05 0 0 0 3.14148449 -3.14159265 3.14159265
1674207941.10951853 0.559863929 -0.0423098078 0 0.999999606 0 0 -0.000888247633 0 0 0 3.13981616 -3.14159265 3.14159265
1674207941.31119704 0.419226754 -0.0265085446 0 0.999999982 0 0 -0.000191353879 0 0 0 3.14120995 -3.14159265 3.14159265
1674207941.51293421 0.396994756 -0.0367766541 0 0.99999977 0 0 -0.000678208792 0 0 0 3.14023624 -3.14159265 3.14159265
1674207941.61376572 0.223910845 -0.0122800416 0 0.99999999 0 0 0.000142042486 0 0 0 0.000284084973 -0 0
1674207941.81551838 0.454021619 -0.0187104577 0 0.999999914 0 0 -0.000415110495 0 0 0 3.14076243 -3.14159265 3.14159265
1674207942.01720667 0.462452191 -0.0174876719 0 0.999999848 0 0 0.000551957726 0 0 0 0.00110391551 -0 0
1674207942.21894932 0.455659498 -0.0423121192 0 0.99999994 0 0 -0.000347112497 0 0 0 3.14089843 -3.14159265 3.14159265
1674207942.42067814 0.500214894 -0.0414298772 0 0.999999526 0 0 -0.000973759223 0 0 0 3.13964513 -3.14159265 3.14159265
1674207942.72327328 0.743666785 -0.0660229395 0 0.999999625 0 0 -0.000866072244 0 0 0 3.13986051 -3.14159265 3.14159265
1674207942.92500305 0.50601852 -0.0223011293 0 0.999999987 0 0 0.000161873906 0 0 0 0.000323747814 -0 0
1674207943.02579975 0.240646562 -0.00620889282 0 0.999999994 0 0 -0.000113644089 0 0 0 3.14136537 -3.14159265 3.14159265
1674207943.12666941 0.253277827 -0.0121639428 0 0.999999875 0 0 0.000500671746 0 0 0 0.00100134353 -0 0
1674207943.32840776 0.511816843 -0.0381071713 0 0.99999995 0 0 -0.000315231601 0 0 0 3.14096219 -3.14159265 3.14159265
1674207943.42928696 0.264845719 -0.0312057171 0 0.99999988 0 0 -0.000490853164 0 0 0 3.14061095 -3.14159265 3.14159265
1674207943.63098812 0.506877271 -0.0379230102 0 0.99999957 0 0 -0.000927838794 0 0 0 3.13973698 -3.14159265 3.14159265
1674207943.73187399 0.258640326 -0.0249970256 0 0.99999999 0 0 -0.000142582795 0 0 0 3.14130749 -3.14159265 3.14159265
1674207943.83267498 0.249850408 -0.00488966212 0 0.999999998 0 0 -6.19820965e-05 0 0 0 3.14146869 -3.14159265 3.14159265
1674207943.93355227 0.276713059 -0.00899425574 0 0.99999992 0 0 0.000399461228 0 0 0 0.000798922477 -0 0
1674207944.03445649 0.281542923 -0.00423085648 0 0.999999824 0 0 0.000593026284 0 0 0 0.00118605264 -0 0
1674207944.1353097 0.273447103 0.00103494831 0 0.999999946 0 0 0.000327504999 0 0 0 0.000655010009 -0 0
1674207944.23614717 0.246973118 -0.0171276512 0 0.999999878 0 0 0.000493024449 0 0 0 0.000986048938 -0 0
1674207944.43787694 0.532877795 -0.0377844743 0 0.999999989 0 0 0.000147017099 0 0 0 0.0002940342 -0 0
1674207944.6395731 0.53958632 -0.0328512399 0 0.999999894 0 0 0.000461414124 0 0 0 0.000922828281 -0 0
1674207944.74046421 0.272364028 -0.0144509094 0 0.999999796 0 0 0.000639378199 0 0 0 0.00127875648 -0 0
1674207944.94220519 0.526635846 -0.000703528556 0 0.999999661 0 0 0.000823532817 0 0 0 0.00164706582 -0 0
1674207945.14386034 0.579462487 -0.0256504185 0 0.999999982 0 0 0.000191661788 0 0 0 0.000383323578 -0 0
1674207945.24477243 0.290575784 0.00285395399 0 0.999999987 0 0 -0.000161817572 0 0 0 3.14126902 -3.14159265 3.14159265
1674207945.44644833 0.578995616 -0.0313767658 0 0.999998462 0 0 0.00175375835 0 0 0 0.0035075185 -0 0
1674207945.64816666 0.574118243 -0.0384831447 0 0.99999998 0 0 0.0002020589 0 0 0 0.000404117803 -0 0
1674207945.84992099 0.598908507 -0.0639228788 0 0.999998657 0 0 -0.0016390162 0 0 0 3.13831462 -3.14159265 3.14159265
1674207946.05163622 0.567078208 -0.0331177275 0 0.99999928 0 0 -0.00119988252 0 0 0 3.13919289 -3.14159265 3.14159265
1674207946.15256691 0.271324447 -0.00422822713 0 0.999999872 0 0 -0.00050671083 0 0 0 3.14057923 -3.14159265 3.14159265
1674207946.25334072 0.283511769 -0.0190557387 0 0.999999927 0 0 -0.000381002368 0 0 0 3.14083065 -3.14159265 3.14159265
1674207946.35422206 0.306818037 -0.00751270542 0 0.999999753 0 0 0.000702983342 0 0 0 0.0014059668 -0 0
1674207946.4550426 0.284491004 -0.00559850561 0 0.999999766 0 0 0.000683518324 0 0 0 0.00136703675 -0 0
1674207946.55600023 0.311519144 -0.0074363798 0 0.99999958 0 0 0.000916868756 0 0 0 0.00183373777 -0 0
1674207946.65679479 0.300091416 -0.0153601511 0 0.999999657 0 0 0.000827979336 0 0 0 0.00165595886 -0 0
1674207946.75766373 0.295554734 -0.010903917 0 0.999999758 0 0 0.000695179365 0 0 0 0.00139035884 -0 0
1674207946.95936966 0.599436566 -0.033017962 0 0.999999609 0 0 0.000884631164 0 0 0 0.00176926256 -0 0
1674207947.16105008 0.586137051 -0.0247505244 0 0.999999864 0 0 0.000520760251 0 0 0 0.00104152055 -0 0
1674207947.26197243 0.311237589 -0.0168411751 0 0.999998735 0 0 0.00159057466 0 0 0 0.00318115066 -0 0
1674207947.36280489 0.314963433 -0.00129658453 0 0.999998422 0 0 0.00177655503 0 0 0 0.00355311193 -0 0
1674207947.56450486 0.577509382 0.0155111701 0 0.999999293 0 0 0.00118895408 0 0 0 0.00237790873 -0 0
1674207947.76625919 0.623878032 -0.012363796 0 0.999995433 0 0 0.00302234006 0 0 0 0.00604468932 -0 0
1674207947.86711192 0.326373147 -0.0020931094 0 0.999999486 0 0 0.00101417759 0 0 0 0.00202835553 -0 0
1674207948.06881714 0.642046854 -0.030077243 0 0.999999955 0 0 0.000298971408 0 0 0 0.000597942825 -0 0
1674207948.27053022 0.59301708 -0.0165716876 0 0.999999935 0 0 0.000359488174 0 0 0 0.000718976364 -0 0
1674207948.37142134 0.307048051 -0.0243476443 0 0.999999822 0 0 0.000596443941 0 0 0 0.00119288795 -0 0
1674207948.4722271 0.326462938 -0.012846101 0 0.999999775 0 0 0.000670237022 0 0 0 0.00134047415 -0 0
1674207948.57315063 0.315344722 -0.0110102337 0 0.999999493 0 0 0.00100727343 0 0 0 0.0020145472 -0 0
1674207948.67399263 0.326946957 -0.0214186891 0 0.999999951 0 0 0.000314239024 0 0 0 0.000628478058 -0 0
1674207948.77482557 0.305483171 -0.045540958 0 0.999999999 0 0 5.24190765e-05 0 0 0 0.000104838153 -0 0
1674207948.8756671 0.329719549 -0.0239951916 0 0.999999875 0 0 0.000500088625 0 0 0 0.00100017729 -0 0
1674207948.97656536 0.346067419 -0.00753272054 0 0.999999822 0 0 -0.000596258823 0 0 0 3.14040014 -3.14159265 3.14159265
1674207949.07746434 0.338564597 -0.0136397475 0 0.999999998 0 0 -6.17474431e-05 0 0 0 3.14146916 -3.14159265 3.14159265
1674207949.17827249 0.375296909 -0.00396776356 0 0.999999745 0 0 0.00071423265 0 0 0 0.00142846542 -0 0
1674207949.27915144 0.320308607 0.00127240508 0 0.999999882 0 0 -0.000486643253 0 0 0 3.14061937 -3.14159265 3.14159265
1674207949.37996483 0.338388147 0.00415442309 0 0.99999998 0 0 -0.000199344079 0 0 0 3.14119397 -3.14159265 3.14159265
1674207949.58171701 0.663280658 -0.0205558877 0 0.999999818 0 0 0.000603040342 0 0 0 0.00120608076 -0 0
1674207949.68257046 0.342831291 -0.0267010978 0 0.999999974 0 0 0.000230187534 0 0 0 0.000460375072 -0 0
1674207949.88431835 0.6760149 -0.0471805624 0 0.999999994 0 0 0.00011309634 0 0 0 0.000226192681 -0 0
1674207949.98520947 0.329956803 -0.030021678 0 1 0 0 -2.8106392e-05 0 0 0 3.14153644 -3.14159265 3.14159265
1674207950.18686318 0.655747923 -0.0186163151 0 0.999999993 0 0 -0.000116785133 0 0 0 3.14135908 -3.14159265 3.14159265
1674207950.2877357 0.362247992 -0.0174186495 0 0.999999978 0 0 0.000212116048 0 0 0 0.000424232099 -0 0
1674207950.48941827 0.677225335 -0.0241733011 0 0.999999552 0 0 0.000946326556 0 0 0 0.0018926534 -0 0
1674207950.6911633 0.689125463 -0.0152885718 0 0.999999197 0 0 0.00126750485 0 0 0 0.00253501038 -0 0
1674207950.79203582 0.354818932 -0.0264475219 0 0.999999991 0 0 0.000134120095 0 0 0 0.00026824019 -0 0
1674207950.99379086 0.691466103 -0.044188994 0 0.999999505 0 0 0.000994723097 0 0 0 0.00198944652 -0 0
1674207951.19553375 0.678202725 -0.0600007869 0 0.999999816 0 0 0.000606198191 0 0 0 0.00121239646 -0 0
1674207951.39722276 0.679301763 -0.0410977496 0 0.999999907 0 0 0.000431744149 0 0 0 0.000863488325 -0 0
1674207951.59952879 0.673339276 -0.0365043943 0 0.999999971 0 0 0.000241521169 0 0 0 0.000483042344 -0 0
1674207951.69976139 0.327526394 -0.00401370422 0 0.999999981 0 0 -0.000194652403 0 0 0 3.14120335 -3.14159265 3.14159265
1674207951.80065227 0.249098512 -0.0622083949 0 0.99999859 0 0 0.00167947972 0 0 0 0.00335896102 -0 0
1674207952.00238085 0.652071841 -0.0606743176 0 0.999999588 0 0 0.000907728059 0 0 0 0.00181545637 -0 0
1674207952.20410275 0.545578771 -0.0958232114 0 0.999998883 0 0 0.0014949001 0 0 0 0.00298980132 -0 0
1674207952.30492353 0.337035024 -0.0251674776 0 1 0 0 2.17059465e-05 0 0 0 4.3411893e-05 -0 0
1674207952.40582633 0.329707223 -0.0139516765 0 0.99999997 0 0 0.00024381766 0 0 0 0.000487635325 -0 0
1674207952.50663233 0.337775277 -0.00913706238 0 0.999999803 0 0 0.000627807844 0 0 0 0.00125561577 -0 0
1674207952.60751104 0.345216388 -0.0224714224 0 0.999999771 0 0 0.000677258196 0 0 0 0.0013545165 -0 0
1674207952.80926609 0.681839355 -0.0138775961 0 0.999999087 0 0 0.00135133316 0 0 0 0.00270266713 -0 0
1674207952.91010332 0.323274011 -0.0317572223 0 0.999999873 0 0 0.000503534112 0 0 0 0.00100706827 -0 0
1674207953.0109725 0.356192994 -0.00457157998 0 0.999999981 0 0 0.000193882656 0 0 0 0.000387765315 -0 0
1674207953.21269727 0.665823818 -0.0401862756 0 0.999999999 0 0 -3.60359566e-05 0 0 0 3.14152058 -3.14159265 3.14159265
1674207953.41441202 0.685464678 -0.0423240814 0 0.999999525 0 0 0.000974222664 0 0 0 0.00194844564 -0 0
1674207953.51525354 0.342306037 -0.025456895 0 0.999999714 0 0 0.000756412224 0 0 0 0.00151282459 -0 0
1674207953.61612511 0.336145785 -0.028315061 0 0.99999986 0 0 0.000529104808 0 0 0 0.00105820967 -0 0
1674207953.71696377 0.322311333 -0.026681434 0 0.999999993 0 0 0.000114349435 0 0 0 0.000228698871 -0 0
1674207953.81783915 0.33331256 -0.039254239 0 0.999999799 0 0 0.000634231212 0 0 0 0.00126846251 -0 0
1674207953.91868305 0.34011344 -0.0254980325 0 0.99999987 0 0 0.000509266155 0 0 0 0.00101853235 -0 0
1674207954.22127295 1.10163299 -0.058208568 0 0.999992285 0 0 0.00392820083 0 0 0 0.00785642187 -0 0
1674207954.32212472 0.257076101 -0.0338248942 0 0.999999333 0 0 0.00115503464 0 0 0 0.0023100698 -0 0
1674207954.42296886 0.359304761 -0.0389929787 0 0.999999861 0 0 0.000526880506 0 0 0 0.00105376106 -0 0
1674207954.62469339 0.707053249 -0.0386449514 0 0.99999903 0 0 0.00139292256 0 0 0 0.00278584602 -0 0
1674207954.72554564 0.372381177 -0.00482206343 0 0.999999694 0 0 0.000782187529 0 0 0 0.00156437522 -0 0
1674207954.82640409 0.407268988 -0.0168978572 0 0.999998451 0 0 0.00176022706 0 0 0 0.00352045593 -0 0
1674207955.02815461 0.745401177 -0.00880460194 0 0.999995961 0 0 0.0028420987 0 0 0 0.00568420505 -0 0
1674207955.22985721 0.72771113 -0.0212959952 0 0.999993661 0 0 0.00356053423 0 0 0 0.0071210835 -0 0
1674207955.33068657 0.363984553 -0.0227863084 0 0.999999426 0 0 0.00107102654 0 0 0 0.00214205349 -0 0
1674207955.4315443 0.378455811 -0.0217833424 0 0.999999726 0 0 0.000740626618 0 0 0 0.00148125337 -0 0
1674207955.6333375 0.734813035 -0.0113854372 0 0.999997845 0 0 0.00207622155 0 0 0 0.00415244609 -0 0
1674207955.7342577 0.387936882 -0.019298146 0 0.999998943 0 0 0.00145369358 0 0 0 0.00290738819 -0 0
1674207955.83501577 0.389570189 -0.022415415 0 0.999998881 0 0 0.00149582622 0 0 0 0.00299165355 -0 0
1674207955.93589401 0.361433931 -0.0153978143 0 0.999997703 0 0 0.00214337508 0 0 0 0.00428675345 -0 0
1674207956.03670454 0.37460206 -0.0121024937 0 0.999997037 0 0 0.00243430183 0 0 0 0.00486860848 -0 0
1674207956.13759232 0.381023497 -0.0115632048 0 0.999998535 0 0 0.00171165378 0 0 0 0.00342330924 -0 0
1674207956.33928704 0.742791997 -0.0376886272 0 0.999999715 0 0 0.000754927748 0 0 0 0.00150985564 -0 0
1674207956.44020772 0.351744341 -0.0213310698 0 0.999999637 0 0 0.000852391416 0 0 0 0.00170478304 -0 0
1674207956.54100466 0.385837694 0.0400479612 0 0.99999979 0 0 0.000648513415 0 0 0 0.00129702692 -0 0
1674207956.74275351 0.720838741 0.000585862578 0 0.999999174 0 0 0.00128522706 0 0 0 0.00257045482 -0 0
1674207956.84362316 0.382237824 -0.0226870957 0 0.999998084 0 0 0.00195737195 0 0 0 0.0039147464 -0 0
1674207956.94447899 0.363440459 -0.0542921971 0 0.999999806 0 0 0.000623239224 0 0 0 0.00124647853 -0 0
1674207957.14620495 0.725943838 -0.0569366325 0 0.999999928 0 0 0.000380199009 0 0 0 0.000760398036 -0 0
1674207957.24706125 0.424827067 -0.0493790726 0 0.999999974 0 0 -0.000227629466 0 0 0 3.14113739 -3.14159265 3.14159265
1674207957.3479321 0.397814172 -0.0374590237 0 0.999999696 0 0 -0.000780124037 0 0 0 3.14003241 -3.14159265 3.14159265
1674207957.44879842 0.399162091 0.00310013521 0 0.99999999 0 0 -0.000141947279 0 0 0 3.14130876 -3.14159265 3.14159265
1674207957.5496459 0.35711507 -0.00481385674 0 0.999999981 0 0 0.000196871546 0 0 0 0.000393743094 -0 0
1674207957.65046024 0.386367963 0.012999565 0 0.999997547 0 0 0.00221507125 0 0 0 0.00443014613 -0 0
1674207957.7513206 0.406516554 0.0114093913 0 0.999998707 0 0 0.00160779851 0 0 0 0.0032155984 -0 0
1674207957.85219646 0.376661805 -0.0186157735 0 0.999999318 0 0 0.00116749885 0 0 0 0.00233499823 -0 0
1674207957.95306706 0.376672322 -0.0484030064 0 0.999999819 0 0 0.000601738456 0 0 0 0.00120347698 -0 0
1674207958.05398798 0.396541112 -0.0177340557 0 0.999999119 0 0 0.00132770323 0 0 0 0.00265540724 -0 0
1674207958.1547966 0.386908098 -0.0301606299 0 0.999999676 0 0 0.000804399725 0 0 0 0.00160879962 -0 0
1674207958.25568199 0.42589817 -0.0248967253 0 0.999999989 0 0 0.000147721752 0 0 0 0.000295443504 -0 0
1674207958.35653877 0.411371967 -0.00519259029 0 1 0 0 6.80151356e-08 0 0 0 1.36030271e-07 -0 0
1674207958.45736384 0.430849688 -0.00796871285 0 0.999998117 0 0 0.00194044689 0 0 0 0.00388089622 -0 0
1674207958.55826545 0.392801753 0.00661600738 0 0.999998148 0 0 0.00192450675 0 0 0 0.00384901587 -0 0
1674207958.65908289 0.386543808 -0.00980173665 0 0.999997971 0 0 0.00201420785 0 0 0 0.00402841842 -0 0
1674207958.76000714 0.376593901 -0.00269117485 0 0.999999865 0 0 0.000520088564 0 0 0 0.00104017717 -0 0
1674207958.86079144 0.402632336 -0.00867284712 0 0.999999787 0 0 0.000653324947 0 0 0 0.00130664999 -0 0
1674207958.96176195 0.40559001 -0.0161093637 0 0.999999905 0 0 -0.000436280271 0 0 0 3.14072009 -3.14159265 3.14159265
1674207959.06249428 0.418260183 -0.00504708026 0 0.99999999 0 0 0.000137950356 0 0 0 0.000275900712 -0 0
1674207959.16343784 0.371552319 -0.0167998222 0 0.999999925 0 0 0.000387049227 0 0 0 0.000774098474 -0 0
1674207959.36510038 0.778063949 -0.0411668373 0 0.999999506 0 0 0.000993947894 0 0 0 0.00198789612 -0 0
1674207959.46601748 0.413048448 0.00488380663 0 0.999999925 0 0 0.000388164802 0 0 0 0.000776329624 -0 0
1674207959.56679487 0.394817058 -0.0191724924 0 0.999999979 0 0 -0.000203808788 0 0 0 3.14118504 -3.14159265 3.14159265
1674207959.76853418 0.806793145 -0.0381175796 0 0.99999992 0 0 -0.00040015492 0 0 0 3.14079234 -3.14159265 3.14159265
1674207959.86941028 0.391513091 -0.0208793374 0 0.999999879 0 0 0.000492569308 0 0 0 0.000985138656 -0 0
1674207959.97028923 0.422035487 -0.0124641442 0 0.999999937 0 0 -0.000355886103 0 0 0 3.14088088 -3.14159265 3.14159265
1674207960.17195559 0.765525345 -0.0645740989 0 0.999999976 0 0 0.000218521564 0 0 0 0.000437043131 -0 0
1674207960.27287841 0.444890965 -0.0164705978 0 0.999999992 0 0 -0.00012693548 0 0 0 3.14133878 -3.14159265 3.14159265
1674207960.3736937 0.448166186 -0.021402916 0 0.99999981 0 0 -0.000616136873 0 0 0 3.14036038 -3.14159265 3.14159265
1674207960.57540965 0.848059877 -0.0806148157 0 1 0 0 -3.77252457e-06 0 0 0 3.14158511 -3.14159265 3.14159265
1674207960.67634463 0.401379709 -0.00821413419 0 0.999999816 0 0 0.00060729265 0 0 0 0.00121458538 -0 0
1674207960.77711153 0.402853805 -0.003154479 0 0.999999242 0 0 0.00123150241 0 0 0 0.00246300543 -0 0
1674207960.87798309 0.418954078 -0.0283750398 0 0.999999252 0 0 0.00122301246 0 0 0 0.00244602553 -0 0
1674207960.97890091 0.4031339 -0.022810111 0 0.999999986 0 0 0.000168455731 0 0 0 0.000336911463 -0 0
1674207961.07971668 0.441402315 -0.036182103 0 0.999999998 0 0 6.48040909e-05 0 0 0 0.000129608182 -0 0
1674207961.180619 0.442211038 -0.0153194683 0 0.999999996 0 0 -8.47846526e-05 0 0 0 3.14142308 -3.14159265 3.14159265
1674207961.28143883 0.433759342 -0.0143735631 0 1 0 0 3.02113983e-05 0 0 0 6.04227965e-05 -0 0
1674207961.38227415 0.438870683 0.00331575948 0 0.99999949 0 0 -0.00100977697 0 0 0 3.1395731 -3.14159265 3.14159265
1674207961.48315668 0.427822862 -0.00302293414 0 0.999999864 0 0 0.000520750122 0 0 0 0.00104150029 -0 0
1674207961.58402729 0.444107081 -0.0199092859 0 0.999999998 0 0 6.54171e-05 0 0 0 0.0001308342 -0 0
1674207961.68489599 0.460859247 -0.0115258468 0 0.999999995 0 0 -0.000100860191 0 0 0 3.14139093 -3.14159265 3.14159265
1674207961.78577876 0.474641074 -0.0658794566 0 0.999999846 0 0 -0.000554449088 0 0 0 3.14048376 -3.14159265 3.14159265
1674207961.88667822 0.46808572 -0.0220014474 0 0.999999213 0 0 -0.00125436354 0 0 0 3.13908393 -3.14159265 3.14159265
1674207961.98747015 0.559892007 -0.0280506405 0 0.999996948 0 0 0.00247076279 0 0 0 0.00494153061 -0 0
1674207962.18918443 0.921834693 -0.0553564811 0 0.999999945 0 0 -0.000331778633 0 0 0 3.1409291 -3.14159265 3.14159265
1674207962.29000998 0.484520597 -0.0322164337 0 0.999999507 0 0 0.000993099506 0 0 0 0.00198619934 -0 0
1674207962.39089727 0.424483577 -0.0240829423 0 0.999999993 0 0 -0.000118281223 0 0 0 3.14135609 -3.14159265 3.14159265
1674207962.59260798 0.939136071 -0.0607901117 0 0.999997939 0 0 0.00203003569 0 0 0 0.00406007417 -0 0
1674207962.69353628 0.479961266 -0.0173663797 0 0.999999929 0 0 0.000375599699 0 0 0 0.000751199416 -0 0
1674207962.99609804 1.36803795 -0.10037343 0 0.999998915 0 0 0.00147290738 0 0 0 0.00294581583 -0 0
1674207963.09693718 0.490351151 -0.0532680407 0 0.999999985 0 0 0.000171581335 0 0 0 0.000343162671 -0 0
1674207963.19789791 0.469482072 -0.0115950587 0 0.999999992 0 0 0.000129553611 0 0 0 0.000259107223 -0 0
1674207963.3995018 0.910001474 -0.0519316371 0 0.999999709 0 0 0.000763092968 0 0 0 0.00152618608 -0 0
1674207963.50038528 0.44598019 -0.0325053422 0 1 0 0 6.24381969e-06 0 0 0 1.24876394e-05 -0 0
1674207963.60122299 0.45348301 -0.0399477455 0 0.999999998 0 0 -6.75283439e-05 0 0 0 3.1414576 -3.14159265 3.14159265
1674207963.70205975 0.453901426 -0.0675176022 0 0.999999996 0 0 8.86388864e-05 0 0 0 0.000177277773 -0 0
1674207963.80294418 0.430371173 -0.00733950146 0 0.999999954 0 0 -0.000304836765 0 0 0 3.14098298 -3.14159265 3.14159265
1674207964.00467348 0.896686961 -0.0398970169 0 1 0 0 -4.24057803e-06 0 0 0 3.14158417 -3.14159265 3.14159265
1674207964.10551381 0.503401258 -0.0267435081 0 0.999998187 0 0 0.00190394891 0 0 0 0.00380790012 -0 0
1674207964.20637131 0.450491557 -0.0158267355 0 0.999999973 0 0 0.00023347439 0 0 0 0.000466948783 -0 0
1674207964.30724525 0.545126448 -0.0225611952 0 0.999997262 0 0 0.00233987637 0 0 0 0.00467975702 -0 0
1674207964.40810108 0.461191882 -0.0286089 0 0.999999605 0 0 0.000888262326 0 0 0 0.00177652488 -0 0
1674207964.50896835 0.429971891 -0.0234013635 0 0.999999862 0 0 0.000525878156 0 0 0 0.00105175636 -0 0
1674207964.60980034 0.444084569 -0.0323240136 0 0.999999837 0 0 0.000571636664 0 0 0 0.00114327339 -0 0
1674207964.71069431 0.34548572 -0.074322331 0 0.999995975 0 0 -0.00283738845 0 0 0 3.13591787 -3.14159265 3.14159265
1674207964.81160927 0.461804472 -0.0352013859 0 0.999999984 0 0 -0.000181358673 0 0 0 3.14122994 -3.14159265 3.14159265
1674207965.11411953 1.37260328 -0.0894710073 0 0.999998028 0 0 -0.00198597321 0 0 0 3.1376207 -3.14159265 3.14159265
1674207965.21494198 0.460982553 -0.0310732263 0 0.999999959 0 0 -0.000286164926 0 0 0 3.14102032 -3.14159265 3.14159265
1674207965.31582689 0.445154143 -0.0127964376 0 0.999999814 0 0 -0.000609799252 0 0 0 3.14037306 -3.14159265 3.14159265
1674207965.51756716 0.915053471 -0.0587131049 0 0.999999987 0 0 -0.000159714061 0 0 0 3.14127323 -3.14159265 3.14159265
1674207965.71926785 0.913559543 -0.0785461976 0 0.999999398 0 0 -0.00109713946 0 0 0 3.13939837 -3.14159265 3.14159265
1674207965.82015681 0.482716231 -0.036615614 0 0.999999053 0 0 -0.00137631921 0 0 0 3.13884001 -3.14159265 3.14159265
1674207965.92097497 0.467334652 -0.0443038122 0 0.999999691 0 0 -0.000786552863 0 0 0 3.14001955 -3.14159265 3.14159265
1674207966.02185583 0.451026722 -0.0188294221 0 0.999999734 0 0 -0.000729326818 0 0 0 3.140134 -3.14159265 3.14159265
1674207966.12269521 0.44795973 -0.0136550069 0 0.999999754 0 0 0.000700717769 0 0 0 0.00140143565 -0 0
1674207966.22358537 0.455474189 -0.030250002 0 0.99999951 0 0 0.000989878139 0 0 0 0.0019797566 -0 0
1674207966.42528152 0.909963626 -0.0796401907 0 0.999998632 0 0 0.00165379399 0 0 0 0.00330758949 -0 0
1674207966.52615833 0.447816359 -0.0479829135 0 0.999999762 0 0 -0.000689374286 0 0 0 3.1402139 -3.14159265 3.14159265
1674207966.6269989 0.486677753 -0.0471829018 0 0.999999993 0 0 0.000122116857 0 0 0 0.000244233715 -0 0
1674207966.72783279 0.466110743 -0.0195971386 0 0.999999997 0 0 -7.45032416e-05 0 0 0 3.14144365 -3.14159265 3.14159265
1674207966.82872438 0.455444212 -0.0226834215 0 0.999999761 0 0 0.000691506739 0 0 0 0.00138301359 -0 0
1674207967.03047538 0.929838956 -0.0469666357 0 0.999996598 0 0 0.00260858394 0 0 0 0.0052171738 -0 0
1674207967.1312995 0.454353865 -0.0171655441 0 0.999998979 0 0 0.00142868945 0 0 0 0.00285737988 -0 0
1674207967.23213339 0.463096556 -0.0494034948 0 0.999999999 0 0 -4.77889228e-05 0 0 0 3.14149708 -3.14159265 3.14159265
1674207967.33305359 0.458054927 -0.0611875211 0 0.999999996 0 0 -9.46681237e-05 0 0 0 3.14140332 -3.14159265 3.14159265
1674207967.4338603 0.452653981 -0.0630524929 0 0.999999932 0 0 -0.000369562973 0 0 0 3.14085353 -3.14159265 3.14159265
1674207967.6356101 0.935981752 -0.0742527976 0 0.999998824 0 0 0.00153353792 0 0 0 0.00306707704 -0 0
1674207967.73645902 0.447414429 -0.00143188486 0 0.999996867 0 0 0.00250305691 0 0 0 0.00500611905 -0 0
1674207967.83730268 0.463368817 -0.0190039881 0 0.999999653 0 0 0.000833550454 0 0 0 0.0016671011 -0 0
1674207967.93817854 0.466116983 -0.0176895415 0 0.999999334 0 0 0.00115396431 0 0 0 0.00230792914 -0 0
1674207968.03900957 0.456293461 -0.0113624767 0 0.999999844 0 0 -0.000558078054 0 0 0 3.1404765 -3.14159265 3.14159265
1674207968.1398797 0.458681379 -0.0235064626 0 0.999999997 0 0 -7.49098014e-05 0 0 0 3.14144283 -3.14159265 3.14159265
1674207968.24086523 0.472255136 0.0266364396 0 0.999999897 0 0 0.000454119475 0 0 0 0.000908238981 -0 0
1674207968.44247699 0.902471228 -0.0354888377 0 0.999998831 0 0 0.00152923046 0 0 0 0.00305846212 -0 0
1674207968.64430904 0.908821127 -0.0497944763 0 0.99999985 0 0 0.000548213121 0 0 0 0.0010964263 -0 0
1674207968.7450285 0.46045252 -0.00957852269 0 0.999999952 0 0 0.000310328425 0 0 0 0.00062065686 -0 0
1674207968.84596205 0.479193215 -0.016267637 0 0.999999903 0 0 0.000441452616 0 0 0 0.000882905262 -0 0
1674207968.94674587 0.421620171 -0.0508631298 0 0.999999942 0 0 0.000339301021 0 0 0 0.000678602055 -0 0
1674207969.14849424 0.890960041 -0.0354104259 0 0.999999331 0 0 -0.00115640504 0 0 0 3.13927984 -3.14159265 3.14159265
1674207969.2493763 0.424041738 -0.0131547444 0 0.999999166 0 0 -0.00129182887 0 0 0 3.139009 -3.14159265 3.14159265
1674207969.35028696 0.427190757 -0.0223435782 0 0.999999736 0 0 -0.00072659411 0 0 0 3.14013947 -3.14159265 3.14159265
1674207969.45110559 0.42317199 -0.0347998404 0 0.999999584 0 0 -0.000912611476 0 0 0 3.13976743 -3.14159265 3.14159265
1674207969.55201817 0.414380904 -0.0330125654 0 0.999999908 0 0 -0.000429227277 0 0 0 3.1407342 -3.14159265 3.14159265
1674207969.65278435 0.415856095 -0.0387316377 0 0.999999841 0 0 -0.000564163856 0 0 0 3.14046433 -3.14159265 3.14159265
1674207969.8545258 0.819809245 -0.0691653747 0 0.99999942 0 0 -0.00107720384 0 0 0 3.13943825 -3.14159265 3.14159265
1674207969.95536685 0.409722471 -0.0414980615 0 0.999999978 0 0 -0.000207804623 0 0 0 3.14117704 -3.14159265 3.14159265
1674207970.05623531 0.417369073 -0.0349662763 0 0.999998834 0 0 -0.00152727192 0 0 0 3.13853811 -3.14159265 3.14159265
1674207970.15710402 0.390668226 -0.0314658767 0 0.999999561 0 0 -0.000936885616 0 0 0 3.13971888 -3.14159265 3.14159265
1674207970.25794244 0.411330949 -0.0364285127 0 0.999999761 0 0 -0.000691789098 0 0 0 3.14020908 -3.14159265 3.14159265
1674207970.35880756 0.438170892 -0.0394121963 0 0.999998804 0 0 -0.00154679112 0 0 0 3.13849907 -3.14159265 3.14159265
1674207970.5605917 0.815253787 -0.0773527578 0 0.999995936 0 0 -0.00285080074 0 0 0 3.13589104 -3.14159265 3.14159265
1674207970.66143322 0.413791488 -0.0371545649 0 0.999999992 0 0 0.000128350251 0 0 0 0.000256700502 -0 0
1674207970.76230478 0.396048783 -0.0177551948 0 0.999999585 0 0 -0.000910850703 0 0 0 3.13977095 -3.14159265 3.14159265
1674207970.86314011 0.402199426 -0.0369784423 0 0.999999983 0 0 -0.000182536594 0 0 0 3.14122758 -3.14159265 3.14159265
1674207971.06490684 0.811596309 -0.0428525268 0 0.999999973 0 0 0.000234114736 0 0 0 0.000468229476 -0 0
1674207971.16570449 0.399755661 -0.0373255991 0 0.999999114 0 0 -0.00133111327 0 0 0 3.13893043 -3.14159265 3.14159265
1674207971.26655436 0.410489419 -0.0270361208 0 0.999999878 0 0 -0.000493954541 0 0 0 3.14060474 -3.14159265 3.14159265
1674207971.46825528 0.827369286 -0.0424287886 0 0.999998871 0 0 -0.00150295906 0 0 0 3.13858673 -3.14159265 3.14159265
1674207971.56920671 0.402533336 -0.0276040051 0 0.999999926 0 0 -0.000384155344 0 0 0 3.14082434 -3.14159265 3.14159265
1674207971.77088976 0.796146867 -0.0472351346 0 0.999999468 0 0 -0.00103192167 0 0 0 3.13952881 -3.14159265 3.14159265
1674207971.97259092 0.823299358 -0.0751511676 0 0.999996535 0 0 -0.00263242039 0 0 0 3.13632781 -3.14159265 3.14159265
1674207972.07342243 0.455719419 -0.0338567001 0 0.999998203 0 0 -0.00189589956 0 0 0 3.13780085 -3.14159265 3.14159265
1674207972.1743052 0.374308302 -0.0532716768 0 0.999999977 0 0 -0.000214428398 0 0 0 3.1411638 -3.14159265 3.14159265
1674207972.2751708 0.425556353 -0.0301295282 0 0.999999991 0 0 -0.000132299424 0 0 0 3.14132805 -3.14159265 3.14159265
1674207972.3760457 0.380193471 -0.0311306824 0 0.999999683 0 0 -0.00079566853 0 0 0 3.14000132 -3.14159265 3.14159265
1674207972.47689867 0.415713609 -0.0312209851 0 0.999999999 0 0 -3.47344016e-05 0 0 0 3.14152318 -3.14159265 3.14159265
1674207972.57772732 0.431274182 -0.0397357111 0 0.999999266 0 0 -0.00121143822 0 0 0 3.13916978 -3.14159265 3.14159265
1674207972.67857075 0.402068844 -0.0515996963 0 0.999999316 0 0 -0.00116968634 0 0 0 3.13925328 -3.14159265 3.14159265
1674207972.77943325 0.403197907 -0.0320233408 0 0.999999055 0 0 -0.00137499138 0 0 0 3.13884267 -3.14159265 3.14159265
1674207972.88039017 0.415783783 -0.0503507918 0 0.999999733 0 0 -0.000731198448 0 0 0 3.14013026 -3.14159265 3.14159265
1674207972.98115492 0.264318006 -0.0413221568 0 0.99998886 0 0 -0.00472013542 0 0 0 3.13215235 -3.14159265 3.14159265
1674207973.08208561 0.382786051 -0.0336044083 0 0.999999995 0 0 9.86108904e-05 0 0 0 0.000197221781 -0 0
1674207973.18289852 0.280375587 -0.00672769576 0 0.999994531 0 0 -0.00330732824 0 0 0 3.13497799 -3.14159265 3.14159265
1674207973.28378081 0.393845151 -0.0590954953 0 0.999998749 0 0 0.00158167538 0 0 0 0.00316335208 -0 0
1674207973.4855504 0.798911198 -0.0218377084 0 0.999999068 0 0 0.00136553614 0 0 0 0.00273107313 -0 0
1674207973.58635521 0.41306917 -0.019058729 0 0.999997883 0 0 0.00205760082 0 0 0 0.00411520454 -0 0
1674207973.68719101 0.423995395 -0.0560889932 0 0.999996031 0 0 0.00281737137 0 0 0 0.0056347502 -0 0
1674207973.78804731 0.424254643 -0.0274134622 0 0.999998593 0 0 0.00167777543 0 0 0 0.00335555243 -0 0
1674207973.88892651 0.394920272 -0.0185148877 0 0.99999925 0 0 0.00122508508 0 0 0 0.00245017077 -0 0
1674207973.98977375 0.443266951 -0.0783853283 0 0.999997173 0 0 0.00237768813 0 0 0 0.00475538074 -0 0
1674207974.09062719 0.394718099 -0.0149361256 0 0.999997562 0 0 0.00220825715 0 0 0 0.00441651789 -0 0
1674207974.29232502 0.795902806 0.00769578827 0 0.999982388 0 0 0.00593498193 0 0 0 0.0118700336 -0 0
1674207974.39323235 0.408532317 0.00946899523 0 0.999991725 0 0 0.00406813353 0 0 0 0.00813628949 -0 0
1674207974.49406528 0.397519466 -0.00182748444 0 0.999994543 0 0 0.0033036681 0 0 0 0.00660734822 -0 0
1674207974.69578648 0.794917388 -0.0139904313 0 0.99999134 0 0 0.00416177729 0 0 0 0.00832357861 -0 0
1674207974.79667282 0.388855389 -0.00880253753 0 0.999998608 0 0 0.001668452 0 0 0 0.00333690554 -0 0
1674207974.89748383 0.39618227 -0.0159766678 0 0.999998942 0 0 0.00145468266 0 0 0 0.00290936634 -0 0
1674207974.99837494 0.428338083 -0.0118562662 0 0.999998829 0 0 0.00153030675 0 0 0 0.0030606147 -0 0
1674207975.09920311 0.402820534 -0.0284740543 0 0.999999778 0 0 0.00066664369 0 0 0 0.00133328748 -0 0
1674207975.20006895 0.386350378 -0.0170429709 0 0.999999963 0 0 -0.000270228296 0 0 0 3.1410522 -3.14159265 3.14159265
1674207975.40180469 0.801841871 -0.052378882 0 0.999999808 0 0 0.000620179248 0 0 0 0.00124035857 -0 0
1674207975.50263548 0.382936386 -0.0177583492 0 0.999999733 0 0 -0.000730710428 0 0 0 3.14013123 -3.14159265 3.14159265
1674207975.60349798 0.417843925 -0.0323830401 0 0.999998643 0 0 0.00164718182 0 0 0 0.00329436513 -0 0
1674207975.70439243 0.378298057 -0.0366561967 0 0.999999751 0 0 0.000705316973 0 0 0 0.00141063406 -0 0
1674207975.8052125 0.392343508 -0.0023728497 0 0.999999451 0 0 0.00104771881 0 0 0 0.00209543799 -0 0
1674207975.90611744 0.370189502 -0.0229377636 0 0.999999212 0 0 0.00125554808 0 0 0 0.00251109683 -0 0
1674207976.00696707 0.353545534 0.0130620179 0 0.999999602 0 0 0.000892192123 0 0 0 0.00178438448 -0 0
1674207976.10780764 0.335690429 0.00164220865 0 0.999999967 0 0 -0.000255111979 0 0 0 3.14108243 -3.14159265 3.14159265
1674207976.20869446 0.385873838 0.00454626356 0 0.999999306 0 0 0.00117815603 0 0 0 0.00235631261 -0 0
1674207976.30951977 0.328562964 -0.0265472936 0 0.999999609 0 0 0.000884321911 0 0 0 0.00176864405 -0 0
1674207976.41042805 0.324351863 -0.0242538959 0 0.999998934 0 0 0.0014598908 0 0 0 0.00291978263 -0 0
1674207976.51122785 0.317616283 -0.0156060859 0 0.999999404 0 0 0.00109173632 0 0 0 0.00218347308 -0 0
1674207976.6121099 0.325485467 -0.0308089692 0 0.999999263 0 0 0.0012137582 0 0 0 0.00242751699 -0 0
1674207976.71295738 0.323844141 -0.0291188814 0 1 0 0 -2.96707808e-05 0 0 0 3.14153331 -3.14159265 3.14159265
1674207976.81382847 0.166684085 -0.0720328453 0 0.999991496 0 0 -0.00412406189 0 0 0 3.13334451 -3.14159265 3.14159265
1674207976.91470027 0.289651565 -0.0149287486 0 0.999999986 0 0 -0.000164569384 0 0 0 3.14126351 -3.14159265 3.14159265
1674207977.01553822 0.302691067 -0.000171507833 0 0.999999864 0 0 -0.00052063163 0 0 0 3.14055139 -3.14159265 3.14159265
1674207977.11640787 0.273257363 -0.0364257551 0 0.999999916 0 0 -0.000408803213 0 0 0 3.14077505 -3.14159265 3.14159265
1674207977.21724749 0.274209088 -0.0244210098 0 0.999998715 0 0 -0.0016028787 0 0 0 3.13838689 -3.14159265 3.14159265
1674207977.31814718 0.31482606 -0.0364338317 0 0.999999736 0 0 -0.0007262786 0 0 0 3.1401401 -3.14159265 3.14159265
1674207977.41898298 0.263871984 -0.0238568287 0 0.999999943 0 0 -0.000337468337 0 0 0 3.14091772 -3.14159265 3.14159265
1674207977.62073088 0.528965621 -0.0459242631 0 0.999999979 0 0 0.000206481523 0 0 0 0.000412963049 -0 0
1674207977.82242537 0.511870958 -0.0418306294 0 0.999999042 0 0 -0.00138431099 0 0 0 3.13882403 -3.14159265 3.14159265
1674207977.92331314 0.234341478 -0.0463103371 0 0.999999037 0 0 -0.00138778803 0 0 0 3.13881708 -3.14159265 3.14159265
1674207978.02414489 0.188830506 -0.0983631888 0 0.999999974 0 0 0.000226294632 0 0 0 0.000452589267 -0 0
1674207978.12500811 0.282821737 0.0836620426 0 1 0 0 8.64626891e-06 0 0 0 1.72925378e-05 -0 0
1674207978.22587824 0.17907076 -0.017241544 0 0.999999693 0 0 -0.00078384914 0 0 0 3.14002496 -3.14159265 3.14159265
1674207978.52844572 0.676403391 -0.0618977872 0 0.999997572 0 0 -0.00220347538 0 0 0 3.1371857 -3.14159265 3.14159265
1674207978.62938499 0.206037674 -0.0403358342 0 0.999998617 0 0 -0.00166322268 0 0 0 3.13826621 -3.14159265 3.14159265
1674207978.73017502 0.198822783 -0.0295817005 0 0.999999981 0 0 0.00019721429 0 0 0 0.000394428584 -0 0
1674207978.83106279 0.19443639 -0.035598723 0 0.999999898 0 0 -0.000451170869 0 0 0 3.14069031 -3.14159265 3.14159265
1674207979.03276682 0.435304457 -0.0198019905 0 0.999998044 0 0 -0.00197783295 0 0 0 3.13763699 -3.14159265 3.14159265
1674207979.13360643 0.182722248 -0.0279923627 0 0.999999169 0 0 -0.00128897127 0 0 0 3.13901471 -3.14159265 3.14159265
1674207979.23447394 0.211905489 -0.0161718472 0 0.99999935 0 0 -0.00114011711 0 0 0 3.13931242 -3.14159265 3.14159265
1674207979.33533001 0.169706392 0.0178418785 0 0.999998995 0 0 -0.00141779966 0 0 0 3.13875705 -3.14159265 3.14159265
1674207979.43617511 0.203019664 -0.0235938117 0 0.999999952 0 0 0.000310762733 0 0 0 0.000621525476 -0 0
1674207979.53703499 0.187995714 -0.00854304923 0 0.999999129 0 0 -0.00131980147 0 0 0 3.13895305 -3.14159265 3.14159265
1674207979.63790751 0.180399929 -0.0115660159 0 0.999999977 0 0 -0.000213684883 0 0 0 3.14116528 -3.14159265 3.14159265
1674207979.7387383 0.186156237 -0.026989716 0 0.999999007 0 0 0.00140923587 0 0 0 0.00281847267 -0 0
1674207979.83965635 0.176734295 -0.0627850698 0 0.999999936 0 0 -0.000358555524 0 0 0 3.14087554 -3.14159265 3.14159265
1674207979.94048643 0 0 0 1 0 0 0 0 0 0 0 -0 0
1674207980.04131937 0 0 0 1 0 0 0 0 0 0 0 -0 0
1674207980.14220476 0.0281234839 -0.192546964 0 0.999987999 0 0 -0.00489910873 0 0 0 3.1317944 -3.14159265 3.14159265
1674207980.24314618 0.12812766 0.00707317274 0 0.999998709 0 0 -0.00160682512 0 0 0 3.138379 -3.14159265 3.14159265
1674207980.34389925 0.141471787 -0.00727031596 0 0.999999741 0 0 0.00071980091 0 0 0 0.00143960194 -0 0
1674207980.44478941 0.111700151 0.00146782781 0 0.999999748 0 0 -0.000709468542 0 0 0 3.14017372 -3.14159265 3.14159265
1674207980.54564333 0 0 0 1 0 0 0 0 0 0 0 -0 0
1674207980.6464901 0 0 0 1 0 0 0 0 0 0 0 -0 0
1674207980.74733829 0.110658235 -0.00869324076 0 0.999998994 0 0 -0.00141854376 0 0 0 3.13875557 -3.14159265 3.14159265
1674207980.84819388 0.10168851 -0.0103077725 0 0.999999771 0 0 0.000676230387 0 0 0 0.00135246088 -0 0
1674207980.94914842 0.100385272 -0.00270006187 0 0.999999807 0 0 -0.000621036397 0 0 0 3.14035058 -3.14159265 3.14159265
1674207981.04994583 0.10537742 0.0155051903 0 0.999999999 0 0 4.6033215e-05 0 0 0 9.20664301e-05 -0 0
1674207981.15083361 0.0933256484 0.0037576181 0 0.999999642 0 0 0.000845821764 0 0 0 0.00169164373 -0 0
1674207981.25164986 0.115990121 0.0180064678 0 0.999999672 0 0 0.000809455711 0 0 0 0.0016189116 -0 0
1674207981.35256529 0 0 0 1 0 0 0 0 0 0 0 -0 0
1674207981.45341921 0.0922606706 0.00812434745 0 0.999999358 0 0 0.00113282451 0 0 0 0.00226564951 -0 0
1674207981.55423594 0.0890621408 0.00760745755 0 1 0 0 -2.88755163e-05 0 0 0 3.1415349 -3.14159265 3.14159265
1674207981.65512633 0.0794824116 -0.0199490165 0 0.999998458 0 0 0.00175605735 0 0 0 0.0035121165 -0 0
1674207981.75596476 0.0972142164 -0.00291555284 0 0.999999999 0 0 4.19125054e-05 0 0 0 8.38250109e-05 -0 0
1674207981.8568449 0.103778541 0.0210025796 0 0.999998729 0 0 0.00159456179 0 0 0 0.00318912493 -0 0
1674207981.95770597 0.109135167 -0.0198428829 0 0.999999802 0 0 0.000629494312 0 0 0 0.00125898871 -0 0
1674207982.05853987 0.0978130908 0.000219680984 0 0.999999087 0 0 0.00135164317 0 0 0 0.00270328717 -0 0
1674207982.15942693 0.104571324 0.0105989275 0 0.999999471 0 0 0.00102833632 0 0 0 0.002056673 -0 0
1674207982.26025748 0.0947067022 -0.0135910154 0 0.999999068 0 0 0.00136558789 0 0 0 0.00273117662 -0 0
1674207982.36120963 0.0879617204 0.0127249345 0 0.999999481 0 0 0.0010187191 0 0 0 0.00203743855 -0 0
1674207982.462008 0.0958842889 0.0154205301 0 0.99999943 0 0 -0.00106809679 0 0 0 3.13945646 -3.14159265 3.14159265
1674207982.56287479 0.0749293234 -0.00881486916 0 0.999998164 0 0 0.00191615116 0 0 0 0.00383230467 -0 0
1674207982.66372538 0.0917440652 0.0179693874 0 0.999999462 0 0 -0.00103698646 0 0 0 3.13951868 -3.14159265 3.14159265
1674207982.76457167 0.0736442932 -0.00160722132 0 0.999999915 0 0 0.00041185958 0 0 0 0.000823719183 -0 0
1674207982.86544299 0.0792682852 0.00569891165 0 0.999999496 0 0 0.00100394527 0 0 0 0.00200789087 -0 0
1674207982.96630287 0.0574672784 -0.0168049559 0 0.999999606 0 0 0.000887255108 0 0 0 0.00177451045 -0 0
1674207983.06722832 0.0708400271 0.00340967871 0 0.999999705 0 0 0.000767471636 0 0 0 0.00153494342 -0 0
1674207983.16799283 0.062518271 -0.004024255 0 0.999999985 0 0 -0.000175252087 0 0 0 3.14124215 -3.14159265 3.14159265
1674207983.26889038 0.0905508504 0.00604832085 0 0.999999805 0 0 0.000624558708 0 0 0 0.0012491175 -0 0
1674207983.3697176 0.044907138 -0.0430139894 0 0.999998852 0 0 0.00151528422 0 0 0 0.00303056959 -0 0
1674207983.47061682 0.0387214277 0.0165377855 0 0.999999938 0 0 0.000350891838 0 0 0 0.000701783691 -0 0
1674207983.57149744 0.043778859 -0.0051052259 0 0.999999831 0 0 -0.000581583295 0 0 0 3.14042949 -3.14159265 3.14159265
1674207983.67237473 0.057072461 -0.000656537119 0 0.999999147 0 0 0.00130584828 0 0 0 0.0026116973 -0 0
1674207983.77312636 0.0338092846 0.0019491484 0 0.999999997 0 0 -7.50140264e-05 0 0 0 3.14144263 -3.14159265 3.14159265
1674207983.87403703 0.0386940676 -0.0111340974 0 0.999999908 0 0 0.000430059535 0 0 0 0.000860119096 -0 0
1674207983.97491884 0.0551174528 -0.0108481732 0 0.999999366 0 0 0.00112634411 0 0 0 0.0022526887 -0 0
1674207984.07572556 0.043194584 -0.0219687767 0 0.999999012 0 0 0.00140535503 0 0 0 0.00281071098 -0 0
1674207984.17664576 0.0360973171 0.0162895387 0 0.999999807 0 0 -0.000620660243 0 0 0 3.14035133 -3.14159265 3.14159265
1674207984.27745485 0.0141645359 0.0147119391 0 0.999999136 0 0 -0.0013148075 0 0 0 3.13896304 -3.14159265 3.14159265
1674207984.37837744 0.0216478491 -0.00576838063 0 0.99999998 0 0 -0.000200186594 0 0 0 3.14119228 -3.14159265 3.14159265
1674207984.47917199 0.0424565364 0.00746189475 0 0.999999602 0 0 0.000891978096 0 0 0 0.00178395643 -0 0
1674207984.58002496 0.0240395571 -0.00787753524 0 0.999999967 0 0 0.000256109224 0 0 0 0.000512218454 -0 0
1674207984.68088698 0.0306847754 0.00919207642 0 0.999999918 0 0 0.000404520642 0 0 0 0.000809041305 -0 0
1674207984.78175545 0.0192596199 -0.00325077794 0 0.999999999 0 0 4.12089062e-05 0 0 0 8.24178124e-05 -0 0
1674207984.88265133 0.0188199829 0.0113617189 0 0.99999999 0 0 -0.000144194582 0 0 0 3.14130426 -3.14159265 3.14159265
1674207984.98346496 0.0333752516 -0.00435778621 0 0.999999758 0 0 0.000695149762 0 0 0 0.00139029964 -0 0
1674207985.08434057 0.00338175998 0.00325210805 0 0.999999999 0 0 4.381069e-05 0 0 0 8.762138e-05 -0 0
1674207985.1852212 0.027651621 0.00851837327 0 0.999999987 0 0 -0.000163144975 0 0 0 3.14126636 -3.14159265 3.14159265
1674207985.28604984 -0.0191823285 -0.0167382961 0 1 0 0 -3.04456134e-05 0 0 0 3.14153176 -3.14159265 3.14159265
1674207985.38692212 0.0201133288 -0.00250091903 0 0.999999738 0 0 0.000723242092 0 0 0 0.00144648431 -0 0
1674207985.48774481 -0.00919966599 0.004998443 0 0.999998284 0 0 -0.00185260603 0 0 0 3.13788744 -3.14159265 3.14159265
1674207985.58866239 0.0177698502 0.00552781036 0 0.999999979 0 0 0.000203805781 0 0 0 0.000407611565 -0 0
1674207985.68954802 0.0295946361 -0.00668764079 0 0.999999769 0 0 0.000680135029 0 0 0 0.00136027016 -0 0
1674207985.79037094 0.00792627436 0.00911879726 0 0.999999586 0 0 -0.00091026291 0 0 0 3.13977213 -3.14159265 3.14159265
1674207985.89122057 0.00774088804 -0.00867102027 0 0.999999996 0 0 8.84890553e-05 0 0 0 0.000176978111 -0 0
1674207985.99210119 0.0147525528 -0.00555704881 0 0.999999811 0 0 0.00061453449 0 0 0 0.00122906906 -0 0
1674207986.09295487 0.00166866434 -6.25347149e-05 0 0.99999989 0 0 -0.000469823813 0 0 0 3.14065301 -3.14159265 3.14159265
1674207986.1937995 0.00463079086 0.00699123364 0 0.999999979 0 0 0.000207133062 0 0 0 0.000414266127 -0 0
1674207986.29488182 0.00260947279 0.00465555652 0 0.999999994 0 0 -0.000105529083 0 0 0 3.1413816 -3.14159265 3.14159265
1674207986.39552402 0.0349347897 -0.00432789532 0 0.999999307 0 0 0.00117718683 0 0 0 0.0023543742 -0 0
1674207986.49636507 -0.0174674653 0.0103373774 0 0.999999317 0 0 -0.00116846992 0 0 0 3.13925571 -3.14159265 3.14159265
1674207986.59726119 0.0144368945 -0.000144858616 0 0.999999942 0 0 0.000340948961 0 0 0 0.000681897936 -0 0
1674207986.69808197 -0.0154790645 -0.00325078882 0 0.999999998 0 0 -6.0368679e-05 0 0 0 3.14147192 -3.14159265 3.14159265
1674207986.79896021 0.00851669923 0.00176563121 0 0.999999725 0 0 -0.000741163652 0 0 0 3.14011033 -3.14159265 3.14159265
1674207987.00071526 -0.00571394291 0.00104805844 0 0.999999986 0 0 -0.000167463832 0 0 0 3.14125773 -3.14159265 3.14159265
1674207987.10152864 0.0135621108 -0.0214057595 0 0.999999041 0 0 0.00138490608 0 0 0 0.00276981304 -0 0
1674207987.20237303 -0.0187386922 0.000295558146 0 0.999999985 0 0 -0.000172320788 0 0 0 3.14124801 -3.14159265 3.14159265
1674207987.30327988 0.0109192306 -0.00287567688 0 0.999999993 0 0 0.000120975989 0 0 0 0.000241951979 -0 0
1674207987.40410328 -0.00880524829 -0.00280485092 0 0.999999992 0 0 0.000130239984 0 0 0 0.000260479968 -0 0
1674207987.5049746 0.00867414075 0.0340970238 0 0.999999549 0 0 -0.000949385008 0 0 0 3.13969388 -3.14159265 3.14159265
1674207987.60582685 -0.00558292431 -0.0246519648 0 0.999999832 0 0 0.000579042034 0 0 0 0.00115808413 -0 0
1674207987.70667744 0.0123870544 -0.009818142 0 0.999999841 0 0 0.000563349542 0 0 0 0.00112669914 -0 0
1674207987.80754399 -0.0133126388 0.0127586231 0 0.999999797 0 0 -0.000637548718 0 0 0 3.14031756 -3.14159265 3.14159265
1674207987.9083817 0.00460475969 0.00408509006 0 0.999999968 0 0 0.000252722241 0 0 0 0.000505444488 -0 0
1674207988.11016607 0.181637007 -0.0727830505 0 0.99998964 0 0 0.00455184971 0 0 0 0.00910373085 -0 0
1674207988.21097469 0.00889229377 0.0220829684 0 0.999999952 0 0 -0.000308282766 0 0 0 3.14097609 -3.14159265 3.14159265
1674207988.4126997 0.0569991159 -0.00171213503 0 0.999999679 0 0 0.000801507588 0 0 0 0.00160301535 -0 0
1674207988.51356792 0.0314943382 -0.00500927713 0 0.999999999 0 0 4.09351769e-05 0 0 0 8.18703538e-05 -0 0
1674207988.61443281 0.0419510676 -0.0127142761 0 0.999999998 0 0 -6.06477462e-05 0 0 0 3.14147136 -3.14159265 3.14159265
