0 -0.00857279475 -0.00716824699 1.81278022e-313 0.999999915 0 0 0.000413471139 0 0 0 
0 -0.00810294267 -0.00218620948 3.74641245e-313 0.999999961 0 0 0.000279459291 0 0 0 
0 -0.00915043795 -0.0104445648 5.55919267e-313 0.999999861 0 0 0.000527115556 0 0 0 
0 -0.0134582155 -0.00393495012 7.63094149e-313 0.999999976 0 0 0.0002168724 0 0 0 
0 -0.00488468594 -0.00358029471 9.70269031e-313 0.999999732 0 0 0.000731540849 0 0 0 
0 0.00431541093 -0.00437446777 1.16363225e-312 0.999999895 0 0 0.000459169953 0 0 0 
0 0.0306802107 -0.0109234879 1.34491028e-312 0.999999941 0 0 0.000343894102 0 0 0 
0 0.04940575 -0.00541102404 1.5382735e-312 0.999999949 -0 -0 -0.000318245516 0 0 0 
0 0.192472987 -0.0131424537 1.76138491e-312 0.999999781 -0 -0 -0.000661441302 0 0 0 
0 0.241131678 -0.0178256021 1.96855979e-312 0.999999759 -0 -0 -0.000693774992 0 0 0 
0 0.367566785 -0.019734319 2.14983781e-312 0.999999702 -0 -0 -0.00077252024 0 0 0 
0 0.497865367 -0.030061616 2.34320104e-312 0.999999645 -0 -0 -0.000843122212 0 0 0 
0 0.638272562 -0.0345675965 2.55037592e-312 0.99999821 -0 -0 -0.00189221097 0 0 0 
0 0.713048695 -0.0306356698 2.7575508e-312 0.999996801 -0 -0 -0.00252936876 0 0 0 
0 0.798504276 -0.0396206386 2.93882882e-312 0.999994708 -0 -0 -0.00325316324 0 0 0 
0 0.888871759 -0.0551810234 3.13219205e-312 0.999994486 -0 -0 -0.00332076304 0 0 0 
0 0.994035368 -0.0731778602 3.31347007e-312 0.99999269 -0 -0 -0.00382366781 0 0 0 
0 1.09996941 -0.0785428146 3.52064495e-312 0.999991399 -0 -0 -0.00414752044 0 0 0 
0 1.20885149 -0.0921147307 3.72781983e-312 0.999990826 -0 -0 -0.00428344571 0 0 0 
0 1.32571248 -0.0943300999 3.93499471e-312 0.999991043 -0 -0 -0.00423259804 0 0 0 
0 1.57724171 -0.104988273 4.11627274e-312 0.999988849 -0 -0 -0.00472255463 0 0 0 
0 1.70697877 -0.132900796 4.32344762e-312 0.999992114 -0 -0 -0.0039714944 0 0 0 
0 1.98296189 -0.144749474 4.51681084e-312 0.999986049 -0 -0 -0.00528222014 0 0 0 
0 2.11779739 -0.161652127 4.68742545e-312 0.999982036 -0 -0 -0.00599393629 0 0 0 
0 2.43320066 -0.16037664 4.86870347e-312 0.999974841 -0 -0 -0.00709341178 0 0 0 
0 2.58965869 -0.172225581 5.03931808e-312 0.999973913 -0 -0 -0.00722312444 0 0 0 
0 2.74680445 -0.177586953 5.20993269e-312 0.999980107 -0 -0 -0.00630759241 0 0 0 
0 3.08096934 -0.206076802 5.41710757e-312 0.99997721 -0 -0 -0.00675120979 0 0 0 
0 3.23721993 -0.205051196 5.59838559e-312 0.999973246 -0 -0 -0.00731480622 0 0 0 
0 3.42172334 -0.219139102 5.75952161e-312 0.99996821 -0 -0 -0.00797358075 0 0 0 
0 3.61243105 -0.253416699 5.8976382e-312 0.999970529 -0 -0 -0.0076772584 0 0 0 
0 4.00278373 -0.266502464 6.04266062e-312 0.999973469 -0 -0 -0.00728428209 0 0 0 
0 4.1908943 -0.292271419 6.19531579e-312 0.999969773 -0 -0 -0.00777510964 0 0 0 
0 4.57241734 -0.307945706 6.34797097e-312 0.999971271 -0 -0 -0.00758008573 0 0 0 
0 4.99164873 -0.334294509 6.50062615e-312 0.999969802 -0 -0 -0.00777148576 0 0 0 
0 5.38870207 -0.370529125 6.62147816e-312 0.999964302 -0 -0 -0.0084494831 0 0 0 
0 5.85006227 -0.403913923 6.75959475e-312 0.999969692 -0 -0 -0.0077855422 0 0 0 
0 6.06544203 -0.411412765 6.89771134e-312 0.99996615 -0 -0 -0.0082279739 0 0 0 
0 6.30020578 -0.423611023 7.03582792e-312 0.999967114 -0 -0 -0.00810997528 0 0 0 
0 6.98400166 -0.474426971 7.18085034e-312 0.999968734 -0 -0 -0.0079076054 0 0 0 
0 7.24424212 -0.496989118 7.32587276e-312 0.999965969 -0 -0 -0.00824994689 0 0 0 
0 7.72997067 -0.533421477 7.48700878e-312 0.999961255 -0 -0 -0.00880277139 0 0 0 
0 8.23196602 -0.581446171 7.62512537e-312 0.999952434 -0 -0 -0.00975340513 0 0 0 
0 8.73798198 -0.603910188 7.75123182e-312 0.999953999 -0 -0 -0.0095916063 0 0 0 
0 9.2287603 -0.619591973 7.87208383e-312 0.999957728 -0 -0 -0.00919467414 0 0 0 
0 10.0092277 -0.69332709 8.01020042e-312 0.999947194 -0 -0 -0.010276627 0 0 0 
0 10.434352 -0.793921065 8.15522284e-312 0.999959164 -0 -0 -0.00903712642 0 0 0 
0 10.6930092 -0.818840685 8.2870614e-312 0.999957865 -0 -0 -0.00917974592 0 0 0 
0 10.9428549 -0.823699539 8.41889996e-312 0.999957294 -0 -0 -0.00924171141 0 0 0 
0 11.4993136 -0.842445081 8.55701655e-312 0.999967282 -0 -0 -0.00808913157 0 0 0 
0 12.0191975 -0.853454229 8.67303448e-312 0.999972754 -0 -0 -0.00738178463 0 0 0 
0 12.5520433 -0.891391493 8.80487304e-312 0.999973826 -0 -0 -0.00723509412 0 0 0 
0 13.0916267 -0.924702142 8.9367116e-312 0.999977058 -0 -0 -0.0067737812 0 0 0 
0 13.3639818 -0.93950692 9.07482819e-312 0.999981185 -0 -0 -0.00613424878 0 0 0 
0 13.8906112 -0.941074401 9.21294478e-312 0.999985898 -0 -0 -0.00531071357 0 0 0 
0 14.1839176 -0.950817807 9.34478334e-312 0.999984822 -0 -0 -0.00550953211 0 0 0 
0 14.7571213 -0.96057961 9.48289993e-312 0.99998606 -0 -0 -0.00528012001 0 0 0 
0 15.0522046 -0.978031576 9.62792234e-312 0.999991796 -0 -0 -0.00405072002 0 0 0 
0 15.6109828 -1.00426465 9.77294476e-312 0.999993833 -0 -0 -0.003512088 0 0 0 
0 16.2001774 -1.0598718 9.93408078e-312 0.999991349 -0 -0 -0.0041596437 0 0 0 
0 16.773176 -1.11751734 1.01757848e-311 0.999988593 -0 -0 -0.00477648074 0 0 0 
0 17.0564319 -1.14193636 1.04394619e-311 0.999987329 -0 -0 -0.00503415906 0 0 0 
0 17.6155815 -1.16042787 1.06625733e-311 0.999982154 -0 -0 -0.00597418668 0 0 0 
0 17.9223878 -1.16837538 1.09042774e-311 0.999986107 -0 -0 -0.0052711717 0 0 0 
0 18.5183935 -1.19241473 1.11273888e-311 0.999994336 -0 -0 -0.00336557964 0 0 0 
0 18.8184618 -1.20825268 1.13345637e-311 0.99999678 -0 -0 -0.0025378151 0 0 0 
0 19.4355204 -1.24739961 1.15279269e-311 0.999998483 -0 -0 -0.00174192999 0 0 0 
0 20.0273768 -1.27167974 1.17092049e-311 0.999999249 -0 -0 -0.00122549911 0 0 0 
0 20.3155625 -1.27373774 1.19025681e-311 0.999999517 -0 -0 -0.000983256875 0 0 0 
0 20.9499619 -1.29247865 1.20959314e-311 0.999997247 0 0 0.00234657677 0 0 0 
0 21.2355006 -1.28571442 1.22772094e-311 0.999995204 0 0 0.00309715233 0 0 0 
0 21.8690914 -1.27155425 1.24298646e-311 0.999984487 0 0 0.00557008754 0 0 0 
0 22.4963644 -1.28616173 1.25825197e-311 0.999971848 0 0 0.00750354162 0 0 0 
0 23.1384003 -1.31661809 1.27275421e-311 0.99996956 0 0 0.00780250049 0 0 0 
0 23.4302939 -1.32343272 1.28725646e-311 0.999971292 0 0 0.00757726784 0 0 0 
0 24.0461673 -1.3511599 1.30538426e-311 0.999961225 0 0 0.00880615573 0 0 0 
0 24.3726194 -1.36444815 1.32472058e-311 0.999955099 0 0 0.00947627356 0 0 0 
0 24.6879383 -1.37609273 1.3440569e-311 0.999945045 0 0 0.0104836971 0 0 0 
0 25.3261879 -1.44267934 1.36636804e-311 0.999940816 0 0 0.0108795527 0 0 0 
0 25.655888 -1.46700662 1.39053845e-311 0.999935251 0 0 0.0113795417 0 0 0 
0 26.0019565 -1.47414009 1.40987477e-311 0.999941852 0 0 0.0107838673 0 0 0 
0 26.3405298 -1.48773751 1.43218591e-311 0.999942524 0 0 0.0107214242 0 0 0 
0 27.0287016 -1.48380076 1.45449705e-311 0.99993873 0 0 0.0110696203 0 0 0 
0 27.3670914 -1.47950745 1.47521454e-311 0.999940921 0 0 0.0108699257 0 0 0 
0 28.0303453 -1.5008643 1.49455086e-311 0.999934182 0 0 0.0114730609 0 0 0 
0 28.7072774 -1.54837811 1.51526835e-311 0.999927145 0 0 0.0120708254 0 0 0 
0 29.0485892 -1.57753631 1.53598584e-311 0.999928747 0 0 0.0119374106 0 0 0 
0 29.3785447 -1.60754735 1.55829698e-311 0.999929082 0 0 0.011909266 0 0 0 
0 30.034304 -1.62601363 1.57901447e-311 0.999930465 0 0 0.0117925567 0 0 0 
0 30.3965332 -1.64358041 1.59835079e-311 0.999927941 0 0 0.0120047091 0 0 0 
0 31.0732463 -1.67058276 1.61906828e-311 0.999915864 0 0 0.0129717216 0 0 0 
0 31.429014 -1.66769519 1.63719608e-311 0.999905431 0 0 0.0137524159 0 0 0 
0 31.7599319 -1.68213902 1.65791357e-311 0.999894902 0 0 0.0144977677 0 0 0 
0 32.1147411 -1.70867948 1.67724989e-311 0.999892946 0 0 0.0146320689 0 0 0 
0 32.8061217 -1.75424191 1.70142029e-311 0.999877904 0 0 0.0156261587 0 0 0 
0 33.4842539 -1.81507737 1.72213778e-311 0.999868241 0 0 0.0162327257 0 0 0 
0 34.1635234 -1.85675497 1.7414741e-311 0.999861144 0 0 0.0166641391 0 0 0 
0 34.8368446 -1.89357872 1.76378525e-311 0.999857086 0 0 0.0169058256 0 0 0 
0 35.1643711 -1.89746305 1.78450273e-311 0.999860358 0 0 0.016711187 0 0 0 
0 35.4988329 -1.91760746 1.8015642e-311 0.999850586 0 0 0.0172859967 0 0 0 
0 36.1507856 -1.97945865 1.82387534e-311 0.999834488 0 0 0.0181932897 0 0 0 
0 36.4732712 -2.00115755 1.84618648e-311 0.999834988 0 0 0.0181658101 0 0 0 
0 36.8076791 -2.0280374 1.8655228e-311 0.99983362 0 0 0.0182409691 0 0 0 
0 37.4692222 -2.06524705 1.8836506e-311 0.999829657 0 0 0.0184569208 0 0 0 
0 37.8078196 -2.07378896 1.8997642e-311 0.99981814 0 0 0.0190705566 0 0 0 
0 38.1528576 -2.09668166 1.91789201e-311 0.999805005 0 0 0.0197472084 0 0 0 
0 38.8346563 -2.11239722 1.93601981e-311 0.999777402 0 0 0.0210985071 0 0 0 
0 39.1579009 -2.14447692 1.95308127e-311 0.999766654 0 0 0.0216017997 0 0 0 
0 39.514087 -2.14919038 1.97120907e-311 0.999762452 0 0 0.0217954161 0 0 0 
0 40.1798508 -2.18815811 1.99054539e-311 0.999763264 0 0 0.0217581051 0 0 0 
0 40.8652847 -2.23280046 2.00760685e-311 0.99974166 0 0 0.0227291308 0 0 0 
0 41.2075529 -2.25878278 2.02573466e-311 0.999724184 0 0 0.0234852431 0 0 0 
0 41.5436633 -2.28745483 2.04386246e-311 0.999711612 0 0 0.0240144232 0 0 0 
0 41.8659675 -2.31420005 2.06457995e-311 0.999708864 0 0 0.024128567 0 0 0 
0 42.1992361 -2.35388089 2.08391627e-311 0.999693364 0 0 0.0247624135 0 0 0 
0 42.5393147 -2.3797209 2.10204407e-311 0.999680619 0 0 0.0252717143 0 0 0 
0 43.2490426 -2.42218627 2.12276156e-311 0.999621286 0 0 0.0275188213 0 0 0 
0 43.6286089 -2.44288795 2.14088936e-311 0.999586923 0 0 0.0287399422 0 0 0 
0 43.9764653 -2.45399522 2.15901716e-311 0.999559617 0 0 0.0296744202 0 0 0 
0 44.3357301 -2.49335724 2.17607862e-311 0.999543848 0 0 0.0302009198 0 0 0 
0 45.0426717 -2.53397216 2.19679611e-311 0.999500803 0 0 0.0315934261 0 0 0 
0 45.4150404 -2.53937527 2.2175136e-311 0.999475785 0 0 0.0323752243 0 0 0 
0 46.0696166 -2.60034544 2.23684992e-311 0.99935572 0 0 0.0358907251 0 0 0 
0 46.4426065 -2.60217615 2.25497773e-311 0.999287871 0 0 0.0377326366 0 0 0 
0 47.170159 -2.62867329 2.27310553e-311 0.999147168 0 0 0.0412908703 0 0 0 
0 47.534094 -2.65223119 2.29016699e-311 0.999102385 0 0 0.0423606353 0 0 0 
0 48.2788183 -2.6898099 2.30722845e-311 0.999028116 0 0 0.0440774703 0 0 0 
0 48.6658603 -2.68900171 2.32656477e-311 0.998976887 0 0 0.0452236632 0 0 0 
0 49.448417 -2.73905582 2.34887591e-311 0.998828832 0 0 0.0483835156 0 0 0 
0 49.8097855 -2.75599956 2.3695934e-311 0.998722836 0 0 0.0505242124 0 0 0 
0 50.4800199 -2.80399542 2.38665486e-311 0.998446355 0 0 0.0557214091 0 0 0 
0 50.8666988 -2.82994889 2.40599118e-311 0.998389883 0 0 0.0567242654 0 0 0 
0 51.2165144 -2.85133175 2.42532751e-311 0.99840108 0 0 0.0565268442 0 0 0 
0 51.9529876 -2.86489864 2.44949791e-311 0.998322422 0 0 0.0578994052 0 0 0 
0 52.3079175 -2.85429861 2.47586562e-311 0.998287139 0 0 0.0585046057 0 0 0 
0 52.6963203 -2.86656865 2.49658311e-311 0.998249211 0 0 0.0591482322 0 0 0 
0 53.0784576 -2.89075677 2.51889425e-311 0.998131514 0 0 0.0611022136 0 0 0 
0 53.4418286 -2.94549847 2.54306465e-311 0.998093227 0 0 0.0617244763 0 0 0 
0 53.8057086 -2.97514519 2.56723506e-311 0.998069106 0 0 0.0621132863 0 0 0 
0 54.1707529 -3.00745747 2.59360277e-311 0.99806695 0 0 0.0621479195 0 0 0 
0 54.5955918 -3.05665313 2.61777317e-311 0.998081067 0 0 0.0619207807 0 0 0 
0 54.9934782 -3.09348064 2.64008431e-311 0.998129057 0 0 0.0611423336 0 0 0 
0 55.3926402 -3.09027818 2.66425472e-311 0.998137728 0 0 0.0610006281 0 0 0 
0 55.7497459 -3.09521343 2.68842512e-311 0.998125696 0 0 0.0611971731 0 0 0 
0 56.1361706 -3.08392842 2.70776144e-311 0.997987695 0 0 0.0634078948 0 0 0 
0 56.9398377 -3.09340634 2.72709776e-311 0.997832738 0 0 0.0658014266 0 0 0 
0 57.3164597 -3.14224421 2.75126817e-311 0.997792961 0 0 0.0664018663 0 0 0 
0 58.0991524 -3.17090745 2.77763588e-311 0.997635808 0 0 0.0687225885 0 0 0 
0 58.493529 -3.1969695 2.80400359e-311 0.997610503 0 0 0.0690889617 0 0 0 
0 58.8736134 -3.20342387 2.82631473e-311 0.997602128 0 0 0.0692097812 0 0 0 
0 59.3356828 -3.21104904 2.85048514e-311 0.99747551 0 0 0.0710113119 0 0 0 
0 59.728495 -3.20593785 2.88271234e-311 0.997337 0 0 0.0729308471 0 0 0 
0 60.1150076 -3.21729078 2.90688274e-311 0.997188076 0 0 0.0749395819 0 0 0 
0 60.8873065 -3.23199651 2.93325045e-311 0.997106831 0 0 0.0760129483 0 0 0 
0 61.2929223 -3.24776518 2.95961817e-311 0.997139862 0 0 0.0755784077 0 0 0 
0 61.7499143 -3.25499158 2.98378857e-311 0.997175693 0 0 0.0751041746 0 0 0 
0 62.5024151 -3.28993174 3.01601577e-311 0.997096898 0 0 0.0761431243 0 0 0 
0 62.8969432 -3.3087007 3.04238349e-311 0.997063922 0 0 0.0765737233 0 0 0 
0 63.6969049 -3.32543335 3.07138797e-311 0.997060426 0 0 0.0766192328 0 0 0 
0 64.1032159 -3.3448353 3.09775568e-311 0.997082902 0 0 0.0763261914 0 0 0 
0 64.9021828 -3.38190196 3.12998289e-311 0.997045733 0 0 0.0768101936 0 0 0 
0 65.3242385 -3.39406237 3.1563506e-311 0.997072973 0 0 0.0764557768 0 0 0 
0 65.7043588 -3.43388929 3.18271831e-311 0.997112659 0 0 0.0759364557 0 0 0 
0 66.0990484 -3.45855963 3.20688871e-311 0.997087642 0 0 0.0762642405 0 0 0 
0 66.5439539 -3.47491671 3.2358932e-311 0.99709729 0 0 0.0761379929 0 0 0 
0 66.9921486 -3.49576979 3.26489768e-311 0.997144029 0 0 0.0755234074 0 0 0 
0 67.3945989 -3.51574401 3.29126539e-311 0.997135727 0 0 0.0756329471 0 0 0 
0 67.8356899 -3.54678197 3.32026988e-311 0.997092881 0 0 0.0761957067 0 0 0 
0 68.2370596 -3.55549379 3.34663759e-311 0.997046411 0 0 0.0768013935 0 0 0 
0 69.0665244 -3.596246 3.37080799e-311 0.996816647 0 0 0.0797281138 0 0 0 
0 69.4696577 -3.61919608 3.39311913e-311 0.996803221 0 0 0.0798958001 0 0 0 
0 69.9110387 -3.65543697 3.41728953e-311 0.996798042 0 0 0.0799603864 0 0 0 
0 70.7927482 -3.66243089 3.44629402e-311 0.996806098 0 0 0.0798598976 0 0 0 
0 71.2313855 -3.65780892 3.47266173e-311 0.996886014 0 0 0.0788560375 0 0 0 
0 71.6592042 -3.66127038 3.49683213e-311 0.996844867 0 0 0.079374504 0 0 0 
0 72.5641777 -3.69258307 3.52100254e-311 0.996847657 0 0 0.0793394473 0 0 0 
0 73.0388867 -3.75793345 3.54517294e-311 0.996891518 0 0 0.0787864325 0 0 0 
0 73.5070334 -3.77875708 3.56748408e-311 0.996989535 0 0 0.0775362299 0 0 0 
0 74.4116994 -3.83388491 3.58820157e-311 0.997129648 0 0 0.0757130502 0 0 0 
0 74.8789222 -3.86780135 3.60753789e-311 0.997052404 0 0 0.0767235578 0 0 0 
0 75.3637285 -3.90438736 3.62825538e-311 0.996971878 0 0 0.0777629386 0 0 0 
0 76.0922494 -3.91030252 3.65242578e-311 0.99737886 0 0 0.072356137 0 0 0 
0 76.8657344 -3.92095573 3.67659618e-311 0.997664197 0 0 0.0683092168 0 0 0 
0 77.3309844 -3.9523079 3.69890733e-311 0.997577792 0 0 0.0695596745 0 0 0 
0 78.0867604 -4.00068792 3.72791181e-311 0.997928498 0 0 0.0643328258 0 0 0 
0 78.5770933 -4.05412327 3.76013901e-311 0.997917461 0 0 0.064503804 0 0 0 
0 79.3189671 -3.97468834 3.78650673e-311 0.998234622 0 0 0.059393937 0 0 0 
0 79.7929945 -3.98617569 3.81551121e-311 0.998210116 0 0 0.0598043758 0 0 0 
0 80.2389657 -4.01869167 3.83968161e-311 0.998209727 0 0 0.059810881 0 0 0 
0 80.692453 -4.05871471 3.85901793e-311 0.998213751 0 0 0.0597436867 0 0 0 
0 81.1463447 -4.12618819 3.87607939e-311 0.998208449 0 0 0.0598321987 0 0 0 
0 81.4721508 -4.04747664 3.8942072e-311 0.998453605 0 0 0.0555913461 0 0 0 
0 82.3688093 -4.08768843 3.91354352e-311 0.998453745 0 0 0.0555888426 0 0 0 
0 82.8192914 -4.13040651 3.93167132e-311 0.998400686 0 0 0.0565337935 0 0 0 
0 83.2257005 -4.15131821 3.94979912e-311 0.998452685 0 0 0.0556078809 0 0 0 
0 83.6838262 -4.16497162 3.97051661e-311 0.998444162 0 0 0.0557606905 0 0 0 
0 84.1449665 -4.19439205 3.98757807e-311 0.998394234 0 0 0.0566476204 0 0 0 
0 84.4865821 -4.19882467 4.00463953e-311 0.998482942 0 0 0.0550619172 0 0 0 
0 84.9306281 -4.23165493 4.02397586e-311 0.998451307 0 0 0.0556326099 0 0 0 
0 85.8436415 -4.31037267 4.046287e-311 0.998422209 0 0 0.0561524123 0 0 0 
0 86.2949836 -4.34220103 4.0644148e-311 0.998438784 0 0 0.0558569064 0 0 0 
0 86.7517614 -4.38385043 4.08672594e-311 0.998451963 0 0 0.0556208347 0 0 0 
0 87.2258334 -4.40398386 4.10744343e-311 0.998514942 0 0 0.0544785261 0 0 0 
0 88.0529762 -4.44584756 4.12450489e-311 0.99864107 0 0 0.0521153822 0 0 0 
0 88.4253596 -4.40095222 4.14263269e-311 0.998831302 0 0 0.0483324969 0 0 0 
0 88.8830635 -4.42283395 4.16335018e-311 0.998826489 0 0 0.0484318573 0 0 0 
0 89.7967811 -4.49937492 4.1826865e-311 0.998879028 0 0 0.0473358934 0 0 0 
0 90.2796056 -4.53468023 4.20499764e-311 0.998943214 0 0 0.0459614567 0 0 0 
0 90.7470136 -4.57822069 4.22916805e-311 0.998979079 0 0 0.0451752149 0 0 0 
0 91.1980611 -4.59640009 4.25333845e-311 0.999011765 0 0 0.0444465202 0 0 0 
0 91.6459996 -4.61068488 4.27564959e-311 0.998980362 0 0 0.0451468352 0 0 0 
0 92.1014114 -4.64183295 4.29981999e-311 0.998935199 0 0 0.0461353344 0 0 0 
0 93.0111006 -4.72446799 4.32882448e-311 0.998857554 0 0 0.0477868979 0 0 0 
0 93.4589933 -4.77183694 4.35113562e-311 0.998890241 0 0 0.0470986777 0 0 0 
0 93.9456529 -4.81913244 4.37530602e-311 0.998884496 0 0 0.0472203715 0 0 0 
0 94.4117626 -4.83866446 4.39947642e-311 0.99888801 0 0 0.0471459811 0 0 0 
0 94.8671839 -4.86196089 4.42584414e-311 0.998855175 0 0 0.0478365905 0 0 0 
0 95.3095925 -4.8687843 4.45001454e-311 0.998818614 0 0 0.0485940043 0 0 0 
0 96.2499409 -4.92307009 4.47418494e-311 0.998706257 0 0 0.0508508851 0 0 0 
0 96.7130426 -4.97244054 4.50055265e-311 0.998708678 0 0 0.0508033207 0 0 0 
